1761466810763 0.940792441368103 0
1761466811540 0.9067146182060242 1
1761466812196 0.9019058346748352 2
1761466812970 0.8813558220863342 3
1761466813693 0.876207709312439 4
1761466814468 0.848840057849884 5
1761466815176 0.8652582168579102 6
1761466815886 0.8406975269317627 7
1761466816596 0.8375921249389648 8
1761466817350 0.8502157330513 9
1761466818074 0.8110553622245789 10
1761466818515 0.7944257855415344 11
1761466819129 0.7871416807174683 12
1761466819941 0.7853800058364868 13
1761466820639 0.778367280960083 14
1761466821346 0.7648300528526306 15
1761466821994 0.7622148394584656 16
1761466822608 0.7391058206558228 17
1761466823235 0.7193043231964111 18
1761466823827 0.7228066921234131 19
1761466824568 0.7166708111763 20
1761466825377 0.7025003433227539 21
1761466826139 0.7165431976318359 22
1761466826859 0.6945388913154602 23
1761466827561 0.693257212638855 24
1761466828260 0.6903520226478577 25
1761466828859 0.674778163433075 26
1761466829569 0.6724684238433838 27
1761466830087 0.6611099243164062 28
1761466830850 0.657686173915863 29
1761466831612 0.6504780650138855 30
1761466832301 0.6527881026268005 31
1761466833005 0.6402091979980469 32
1761466833687 0.6498721241950989 33
1761466834351 0.6228314638137817 34
1761466834988 0.6245437264442444 35
1761466835755 0.6270326972007751 36
1761466836532 0.6147600412368774 37
1761466837349 0.6093417406082153 38
1761466838106 0.6026643514633179 39
1761466838846 0.6048893332481384 40
1761466839618 0.5784415602684021 41
1761466840397 0.5721576809883118 42
1761466841167 0.5845401287078857 43
1761466841834 0.5802586078643799 44
1761466842598 0.5790323615074158 45
1761466843292 0.5593538880348206 46
1761466843983 0.5531721711158752 47
1761466844734 0.5527454614639282 48
1761466845452 0.550571084022522 49
1761466810763 0.940792441368103 0
