1761611888094 0.4679891765117645 0
1761611888548 0.491433709859848 1
1761611888990 0.48286744952201843 2
1761611889375 0.4643823206424713 3
1761611889799 0.491433709859848 4
1761611890192 0.48557257652282715 5
1761611890598 0.4815148711204529 6
1761611891024 0.4643823206424713 7
1761611891425 0.491433709859848 8
1761611891831 0.4801623225212097 9
1761611892223 0.491433709859848 10
1761611892613 0.4810640215873718 11
1761611893021 0.47520288825035095 12
1761611893425 0.491433709859848 13
1761611893836 0.491433709859848 14
1761611894223 0.4860234558582306 15
1761611894625 0.491433709859848 16
1761611895030 0.491433709859848 17
1761611895438 0.48737600445747375 18
1761611895844 0.48917943239212036 19
1761611896236 0.491433709859848 20
1761611896638 0.491433709859848 21
1761611897046 0.49098286032676697 22
1761611897454 0.49008116126060486 23
1761611897855 0.4905320107936859 24
1761611898262 0.4945897161960602 25
1761611898694 0.4896303117275238 26
1761611899098 0.49864742159843445 27
1761611899491 0.48917943239212036 28
1761611899875 0.4941388666629791 29
1761611900272 0.5058611631393433 30
1761611900676 0.49594229459762573 31
1761611901088 0.5009016990661621 32
1761611901481 0.49684399366378784 33
1761611901892 0.5099188685417175 34
1761611902303 0.50225430727005 35
1761611902717 0.4963931441307068 36
1761611903155 0.5013525485992432 37
1761611903564 0.500450849533081 38
1761611903977 0.5040577054023743 39
1761611904383 0.5058611631393433 40
1761611904796 0.5063120126724243 41
1761611905200 0.5054102540016174 42
1761611905623 0.5072137117385864 43
1761611906018 0.5117222666740417 44
1761611906431 0.4981965720653534 45
1761611906847 0.5229936838150024 46
1761611907243 0.515779972076416 47
1761611907651 0.5189359784126282 48
1761611908086 0.5266005396842957 49
1761611888094 0.4679891765117645 0
