1761611888094 1.0108217000961304 0
1761611888548 0.992796003818512 1
1761611888990 0.9950560927391052 2
1761611889375 1.0022252798080444 3
1761611889799 0.9944718480110168 4
1761611890192 0.9948418736457825 5
1761611890598 0.9961860775947571 6
1761611891024 1.003581166267395 7
1761611891425 0.994983971118927 8
1761611891831 0.9930010437965393 9
1761611892223 0.9929425120353699 10
1761611892613 0.9939916729927063 11
1761611893021 0.9914792776107788 12
1761611893425 0.9916434288024902 13
1761611893836 0.9909859299659729 14
1761611894223 0.9921029806137085 15
1761611894625 0.9927020072937012 16
1761611895030 0.9896795153617859 17
1761611895438 0.986937403678894 18
1761611895844 0.9868903756141663 19
1761611896236 0.988376259803772 20
1761611896638 0.9854739904403687 21
1761611897046 0.9837402105331421 22
1761611897454 0.9821043014526367 23
1761611897855 0.9812040328979492 24
1761611898262 0.9813138842582703 25
1761611898694 0.9833945035934448 26
1761611899098 0.9780654311180115 27
1761611899491 0.9798473715782166 28
1761611899875 0.9821691513061523 29
1761611900272 0.9784674048423767 30
1761611900676 0.9758304953575134 31
1761611901088 0.9771403670310974 32
1761611901481 0.9761561155319214 33
1761611901892 0.9756805896759033 34
1761611902303 0.9726200103759766 35
1761611902717 0.9732070565223694 36
1761611903155 0.9719010591506958 37
1761611903564 0.9748874306678772 38
1761611903977 0.9742244482040405 39
1761611904383 0.9694579839706421 40
1761611904796 0.968171238899231 41
1761611905200 0.9686567783355713 42
1761611905623 0.9709411859512329 43
1761611906018 0.9650505781173706 44
1761611906431 0.9726061820983887 45
1761611906847 0.9611958265304565 46
1761611907243 0.959863543510437 47
1761611907651 0.960371732711792 48
1761611908086 0.9588102698326111 49
1761611888094 1.0108217000961304 0
