1761608307266 0.4553651809692383 0
1761608307502 0.48196572065353394 1
1761608307725 0.4833182990550995 2
1761608307939 0.48196572065353394 3
1761608308152 0.4797114431858063 4
1761608308359 0.48647430539131165 5
1761608308564 0.47880974411964417 6
1761608308768 0.48061317205429077 7
1761608308979 0.4810640215873718 8
1761608309184 0.48917943239212036 9
1761608309389 0.4905320107936859 10
1761608309599 0.49684399366378784 11
1761608309807 0.48376914858818054 12
1761608310013 0.48737600445747375 13
1761608310243 0.4905320107936859 14
1761608310456 0.49504056572914124 15
1761608310659 0.49098286032676697 16
1761608310870 0.491433709859848 17
1761608311078 0.4941388666629791 18
1761608311284 0.4927862882614136 19
1761608311500 0.5036068558692932 20
1761608311706 0.49864742159843445 21
1761608311917 0.5040577054023743 22
1761608312134 0.5013525485992432 23
1761608312344 0.49188458919525146 24
1761608312554 0.5076645612716675 25
1761608312760 0.4945897161960602 26
1761608312970 0.5148782730102539 27
1761608313175 0.4887285828590393 28
1761608313382 0.5085662603378296 29
1761608313586 0.5058611631393433 30
1761608313791 0.5076645612716675 31
1761608313997 0.5072137117385864 32
1761608314206 0.5076645612716675 33
1761608314410 0.5103697180747986 34
1761608314621 0.5 35
1761608314820 0.5117222666740417 36
1761608315051 0.5067628622055054 37
1761608315271 0.5108205676078796 38
1761608315479 0.517132580280304 39
1761608315686 0.5130748152732849 40
1761608315897 0.5036068558692932 41
1761608316092 0.5189359784126282 42
1761608316308 0.5121731162071228 43
1761608316549 0.5234445333480835 44
1761608316771 0.5193868279457092 45
1761608316984 0.517132580280304 46
1761608317210 0.515779972076416 47
1761608317419 0.5045085549354553 48
1761608317643 0.5202885270118713 49
1761608307266 0.4553651809692383 0
