1761608307266 1.0333157777786255 0
1761608307502 1.0079094171524048 1
1761608307725 1.0037119388580322 2
1761608307939 1.0022201538085938 3
1761608308152 0.9992250800132751 4
1761608308359 0.9967647790908813 5
1761608308564 0.9948976039886475 6
1761608308768 0.9982112050056458 7
1761608308979 0.998087465763092 8
1761608309184 0.9939782619476318 9
1761608309389 0.9939149618148804 10
1761608309599 0.9901797771453857 11
1761608309807 0.9910657405853271 12
1761608310013 0.9931912422180176 13
1761608310243 0.9887877106666565 14
1761608310456 0.9895521402359009 15
1761608310659 0.9895396828651428 16
1761608310870 0.989686131477356 17
1761608311078 0.9875342845916748 18
1761608311284 0.9894658327102661 19
1761608311500 0.9854784607887268 20
1761608311706 0.9850500822067261 21
1761608311917 0.9855679869651794 22
1761608312134 0.9849481582641602 23
1761608312344 0.9868461489677429 24
1761608312554 0.9842755794525146 25
1761608312760 0.9841965436935425 26
1761608312970 0.9824568629264832 27
1761608313175 0.984368622303009 28
1761608313382 0.983375072479248 29
1761608313586 0.9798689484596252 30
1761608313791 0.9834182262420654 31
1761608313997 0.9798815250396729 32
1761608314206 0.9802320003509521 33
1761608314410 0.9798261523246765 34
1761608314621 0.9808388352394104 35
1761608314820 0.9818576574325562 36
1761608315051 0.9779818654060364 37
1761608315271 0.9768387675285339 38
1761608315479 0.9780830144882202 39
1761608315686 0.9736310243606567 40
1761608315897 0.9768406748771667 41
1761608316092 0.9735758900642395 42
1761608316308 0.9745768904685974 43
1761608316549 0.9722883701324463 44
1761608316771 0.9728958606719971 45
1761608316984 0.9739165902137756 46
1761608317210 0.9716018438339233 47
1761608317419 0.9728334546089172 48
1761608317643 0.9713184237480164 49
1761608307266 1.0333157777786255 0
