1761516970050 0.5398828387260437 0
1761516970522 0.5385308861732483 1
1761516970930 0.5515998005867004 2
1761516971296 0.5452906489372253 3
1761516971668 0.5479946136474609 4
1761516972039 0.558810293674469 5
1761516972403 0.5561063289642334 6
1761516972777 0.5664713978767395 7
1761516973144 0.5705272555351257 8
1761516973511 0.5772870779037476 9
1761516973879 0.5840468406677246 10
1761516974252 0.5948625802993774 11
1761516974625 0.6070302128791809 12
1761516974994 0.6065795421600342 13
1761516975364 0.6200991272926331 14
1761516975736 0.6119873523712158 15
1761516976105 0.6273096203804016 16
1761516976470 0.6376746296882629 17
1761516976840 0.6399279236793518 18
1761516977211 0.6543487906455994 19
1761516977578 0.6584047079086304 20
1761516977947 0.6606579422950745 21
1761516978315 0.6669670939445496 22
1761516978683 0.6926543712615967 23
1761516979053 0.6917530298233032 24
1761516979422 0.6908517479896545 25
1761516979795 0.6845425963401794 26
1761516980164 0.7007660865783691 27
1761516980535 0.7061739563941956 28
1761516980907 0.7129337787628174 29
1761516981276 0.7025687098503113 30
1761516981647 0.731410562992096 31
1761516982020 0.7282559871673584 32
1761516982389 0.742226243019104 33
1761516982759 0.7399729490280151 34
1761516983131 0.7417755722999573 35
1761516983502 0.7507886290550232 36
1761516983878 0.7534925937652588 37
1761516984244 0.7471834421157837 38
1761516984616 0.7548445463180542 39
1761516984977 0.7674628496170044 40
1761516985343 0.7652095556259155 41
1761516985694 0.7710680365562439 42
1761516986074 0.7805317640304565 43
1761516986442 0.7701667547225952 44
1761516986808 0.7760252356529236 45
1761516987181 0.7895448207855225 46
1761516987533 0.7904461622238159 47
1761516987885 0.7913474440574646 48
1761516988253 0.7899954915046692 49
1761516970050 0.5398828387260437 0
