1761516970050 0.9883506894111633 0
1761516970522 0.9740048050880432 1
1761516970930 0.9686671495437622 2
1761516971296 0.9591383934020996 3
1761516971668 0.9493933320045471 4
1761516972039 0.9409806728363037 5
1761516972403 0.9297704696655273 6
1761516972777 0.9202473163604736 7
1761516973144 0.9166447520256042 8
1761516973511 0.8976945281028748 9
1761516973879 0.8955793380737305 10
1761516974252 0.8757229447364807 11
1761516974625 0.8595172166824341 12
1761516974994 0.8573358058929443 13
1761516975364 0.8367457985877991 14
1761516975736 0.8353325128555298 15
1761516976105 0.8173574209213257 16
1761516976470 0.8039311170578003 17
1761516976840 0.779098629951477 18
1761516977211 0.76630038022995 19
1761516977578 0.7524011731147766 20
1761516977947 0.7622457146644592 21
1761516978315 0.736453652381897 22
1761516978683 0.7207127809524536 23
1761516979053 0.7013632655143738 24
1761516979422 0.6944344639778137 25
1761516979795 0.6905165314674377 26
1761516980164 0.672552227973938 27
1761516980535 0.6556978821754456 28
1761516980907 0.6511862874031067 29
1761516981276 0.6501116156578064 30
1761516981647 0.624085545539856 31
1761516982020 0.6207545399665833 32
1761516982389 0.6098864674568176 33
1761516982759 0.5975287556648254 34
1761516983131 0.5943247079849243 35
1761516983502 0.5799238085746765 36
1761516983878 0.5743883848190308 37
1761516984244 0.5645355582237244 38
1761516984616 0.5587035417556763 39
1761516984977 0.5478066205978394 40
1761516985343 0.5455000996589661 41
1761516985694 0.5373055338859558 42
1761516986074 0.5194101333618164 43
1761516986442 0.5347205996513367 44
1761516986808 0.5209609270095825 45
1761516987181 0.4959922134876251 46
1761516987533 0.49302637577056885 47
1761516987885 0.4864747226238251 48
1761516988253 0.5032564401626587 49
1761516970050 0.9883506894111633 0
