1761610048791 0.4783588945865631 0
1761610049753 0.5103697180747986 1
1761610050620 0.5027051568031311 2
1761610051492 0.547339916229248 3
1761610052349 0.5365194082260132 4
1761610053256 0.5532010793685913 5
1761610054172 0.581605076789856 6
1761610055106 0.5852118730545044 7
1761610056023 0.6050496101379395 8
1761610056899 0.6073038578033447 9
1761610057785 0.6379621028900146 10
1761610058657 0.6275924444198608 11
1761610059522 0.6501352787017822 12
1761610060398 0.6596032381057739 13
1761610061267 0.661857545375824 14
1761610062152 0.6695221066474915 15
1761610063017 0.6632100939750671 16
1761610063914 0.695220947265625 17
1761610064847 0.6889089345932007 18
1761610065742 0.7082957625389099 19
1761610066611 0.7132551670074463 20
1761610067501 0.7155094742774963 21
1761610068406 0.7276825904846191 22
1761610069309 0.7254283428192139 23
1761610070200 0.7407574653625488 24
1761610071071 0.740306556224823 25
1761610071950 0.7538322806358337 26
1761610072825 0.7466185688972473 27
1761610073714 0.7542831301689148 28
1761610074663 0.7669070959091187 29
1761610075544 0.7678088545799255 30
1761610076430 0.775473415851593 31
1761610077326 0.7723174095153809 32
1761610078197 0.7835888266563416 33
1761610079093 0.7844905257225037 34
1761610079982 0.7975654006004333 35
1761610080884 0.807033360004425 36
1761610081764 0.806582510471344 37
1761610082633 0.8029756546020508 38
1761610083511 0.8128945231437683 39
1761610084403 0.8228133320808411 40
1761610085311 0.8210099339485168 41
1761610086209 0.8273218870162964 42
1761610087102 0.8318305015563965 43
1761610088002 0.8255184888839722 44
1761610088915 0.8476104736328125 45
1761610089808 0.8422001600265503 46
1761610090685 0.8530207276344299 47
1761610091572 0.8494138717651367 48
1761610092469 0.8449053168296814 49
1761610048791 0.4783588945865631 0
