1761610048791 1.020585536956787 0
1761610049753 0.9995044469833374 1
1761610050620 0.9886605739593506 2
1761610051492 0.9591867923736572 3
1761610052349 0.9650559425354004 4
1761610053256 0.9495540261268616 5
1761610054172 0.9201869368553162 6
1761610055106 0.9056838154792786 7
1761610056023 0.8806689977645874 8
1761610056899 0.8814120888710022 9
1761610057785 0.8430982232093811 10
1761610058657 0.8403563499450684 11
1761610059522 0.8102092146873474 12
1761610060398 0.7967891693115234 13
1761610061267 0.7719890475273132 14
1761610062152 0.7806301116943359 15
1761610063017 0.776329755783081 16
1761610063914 0.7297897934913635 17
1761610064847 0.7212107181549072 18
1761610065742 0.7123022675514221 19
1761610066611 0.6938226819038391 20
1761610067501 0.6765441298484802 21
1761610068406 0.6505194306373596 22
1761610069309 0.6574667096138 23
1761610070200 0.6315432190895081 24
1761610071071 0.6192870736122131 25
1761610071950 0.5941165685653687 26
1761610072825 0.600787341594696 27
1761610073714 0.5951393842697144 28
1761610074663 0.571708619594574 29
1761610075544 0.5609627962112427 30
1761610076430 0.5531284809112549 31
1761610077326 0.5469658374786377 32
1761610078197 0.5273600220680237 33
1761610079093 0.5246840119361877 34
1761610079982 0.48334941267967224 35
1761610080884 0.466158002614975 36
1761610081764 0.4678545594215393 37
1761610082633 0.47037389874458313 38
1761610083511 0.4404294490814209 39
1761610084403 0.422451376914978 40
1761610085311 0.43971502780914307 41
1761610086209 0.4168175160884857 42
1761610087102 0.41148167848587036 43
1761610088002 0.39893990755081177 44
1761610088915 0.37909942865371704 45
1761610089808 0.37526458501815796 46
1761610090685 0.3643607199192047 47
1761610091572 0.36687079071998596 48
1761610092469 0.36600103974342346 49
1761610048791 1.020585536956787 0
