1761605107608 0.43056806921958923 0
1761605108610 0.4458971917629242 1
1761605109558 0.4580703377723694 2
1761605110577 0.4702434539794922 3
1761605111494 0.46573489904403687 4
1761605112387 0.48376914858818054 5
1761605113421 0.4720468819141388 6
1761605114364 0.4945897161960602 7
1761605115362 0.5139765739440918 8
1761605116312 0.5130748152732849 9
1761605117259 0.5261496901512146 10
1761605118172 0.5419296622276306 11
1761605119112 0.549143373966217 12
1761605120048 0.5568079352378845 13
1761605120980 0.5865644812583923 14
1761605121897 0.597835898399353 15
1761605122841 0.597835898399353 16
1761605123766 0.6055004596710205 17
1761605124664 0.6041478514671326 18
1761605125752 0.6127141714096069 19
1761605126646 0.6230838298797607 20
1761605127804 0.6244364380836487 21
1761605129013 0.6420198082923889 22
1761605130025 0.6582506895065308 23
1761605131180 0.660504937171936 24
1761605132278 0.6654644012451172 25
1761605133308 0.6803426742553711 26
1761605134397 0.6875563859939575 27
1761605135436 0.6925157904624939 28
1761605136472 0.6853020787239075 29
1761605137472 0.7024345993995667 30
1761605138651 0.7078449130058289 31
1761605139726 0.7123534679412842 32
1761605140793 0.7155094742774963 33
1761605141739 0.7231740355491638 34
1761605142737 0.726330041885376 35
1761605143789 0.7303877472877502 36
1761605144803 0.7326419949531555 37
1761605145797 0.7484220266342163 38
1761605146864 0.7547339797019958 39
1761605147871 0.7524797320365906 40
1761605148930 0.7614968419075012 41
1761605149944 0.7646528482437134 42
1761605150904 0.7826871275901794 43
1761605151885 0.7804328203201294 44
1761605152850 0.7831379771232605 45
1761605153779 0.7727682590484619 46
1761605154673 0.8020739555358887 47
1761605155604 0.8110910654067993 48
1761605156502 0.804779052734375 49
1761605107608 0.43056806921958923 0
