1761605107608 1.0760964155197144 0
1761605108610 1.056835412979126 1
1761605109558 1.0410702228546143 2
1761605110577 1.0345507860183716 3
1761605111494 1.039618968963623 4
1761605112387 1.0135592222213745 5
1761605113421 1.0306895971298218 6
1761605114364 1.0031406879425049 7
1761605115362 0.984882652759552 8
1761605116312 0.9770957827568054 9
1761605117259 0.9626811742782593 10
1761605118172 0.9383577704429626 11
1761605119112 0.9189868569374084 12
1761605120048 0.9085509777069092 13
1761605120980 0.8890500068664551 14
1761605121897 0.864885687828064 15
1761605122841 0.8601493239402771 16
1761605123766 0.845801055431366 17
1761605124664 0.8412998914718628 18
1761605125752 0.8253982067108154 19
1761605126646 0.8102176189422607 20
1761605127804 0.7897734642028809 21
1761605129013 0.779254138469696 22
1761605130025 0.7637232542037964 23
1761605131180 0.7444280982017517 24
1761605132278 0.738090991973877 25
1761605133308 0.7001855969429016 26
1761605134397 0.6975113749504089 27
1761605135436 0.6880778670310974 28
1761605136472 0.6889552474021912 29
1761605137472 0.6636826992034912 30
1761605138651 0.6476615071296692 31
1761605139726 0.633895754814148 32
1761605140793 0.6326697468757629 33
1761605141739 0.6177625060081482 34
1761605142737 0.6115166544914246 35
1761605143789 0.6164280772209167 36
1761605144803 0.5839274525642395 37
1761605145797 0.565153181552887 38
1761605146864 0.5536158084869385 39
1761605147871 0.5592843294143677 40
1761605148930 0.5234237313270569 41
1761605149944 0.5226807594299316 42
1761605150904 0.5169987082481384 43
1761605151885 0.49278485774993896 44
1761605152850 0.4820128381252289 45
1761605153779 0.5023047924041748 46
1761605154673 0.4464571475982666 47
1761605155604 0.44692373275756836 48
1761605156502 0.4389066696166992 49
1761605107608 1.0760964155197144 0
