1761497832962 0.5006759762763977 0
1761497834062 0.5376295447349548 1
1761497834838 0.5579089522361755 2
1761497836167 0.5669220089912415 3
1761497837369 0.5579089522361755 4
1761497838209 0.5781883597373962 5
1761497839573 0.5912573337554932 6
1761497840821 0.608832836151123 7
1761497842175 0.5966651439666748 8
1761497842985 0.6119873523712158 9
1761497844182 0.6115367412567139 10
1761497844876 0.6376746296882629 11
1761497845908 0.6228030920028687 12
1761497847187 0.6367733478546143 13
1761497847980 0.6322667598724365 14
1761497849214 0.6457864046096802 15
1761497850302 0.6516448855400085 16
1761497851386 0.6660658121109009 17
1761497852431 0.6809373497962952 18
1761497853515 0.6971608996391296 19
1761497854606 0.6962595582008362 20
1761497855743 0.6881478428840637 21
1761497856831 0.703019380569458 22
1761497857997 0.7142857313156128 23
1761497859125 0.707525908946991 24
1761497860300 0.718341588973999 25
1761497861422 0.7138350605964661 26
1761497862468 0.7196935415267944 27
1761497863492 0.7386209964752197 28
1761497864583 0.7390716671943665 29
1761497865710 0.7543938755989075 30
1761497866710 0.7440288662910461 31
1761497867740 0.738170325756073 32
1761497868844 0.7584497332572937 33
1761497870022 0.7598016858100891 34
1761497871119 0.7616043090820312 35
1761497872091 0.7638576030731201 36
1761497873060 0.7534925937652588 37
1761497874019 0.772870659828186 38
1761497875187 0.7737719416618347 39
1761497876208 0.7787291407585144 40
1761497877181 0.7872915863990784 41
1761497878289 0.7940513491630554 42
1761497879262 0.7800810933113098 43
1761497880403 0.7940513491630554 44
1761497881366 0.7990085482597351 45
1761497882333 0.7904461622238159 46
1761497883541 0.8030644655227661 47
1761497884704 0.7981072664260864 48
1761497885865 0.7990085482597351 49
1761497832962 0.5006759762763977 0
