1761497832962 0.9564169645309448 0
1761497834062 0.9258252382278442 1
1761497834838 0.9116123914718628 2
1761497836167 0.9034656286239624 3
1761497837369 0.8970245122909546 4
1761497838209 0.8850743770599365 5
1761497839573 0.8766660690307617 6
1761497840821 0.8628766536712646 7
1761497842175 0.859976589679718 8
1761497842985 0.8451849222183228 9
1761497844182 0.8368381261825562 10
1761497844876 0.8195043206214905 11
1761497845908 0.8211967349052429 12
1761497847187 0.8051955103874207 13
1761497847980 0.8078523278236389 14
1761497849214 0.7864392399787903 15
1761497850302 0.7873966097831726 16
1761497851386 0.7570198178291321 17
1761497852431 0.7413546442985535 18
1761497853515 0.7202728390693665 19
1761497854606 0.7280306220054626 20
1761497855743 0.7069258689880371 21
1761497856831 0.7097029089927673 22
1761497857997 0.6867632269859314 23
1761497859125 0.6940378546714783 24
1761497860300 0.6729133129119873 25
1761497861422 0.67984539270401 26
1761497862468 0.6581147313117981 27
1761497863492 0.6406468152999878 28
1761497864583 0.6417588591575623 29
1761497865710 0.6167981624603271 30
1761497866710 0.6221059560775757 31
1761497867740 0.6298324465751648 32
1761497868844 0.5912625789642334 33
1761497870022 0.5874316096305847 34
1761497871119 0.5880167484283447 35
1761497872091 0.590702474117279 36
1761497873060 0.5977540612220764 37
1761497874019 0.5603903532028198 38
1761497875187 0.5546203255653381 39
1761497876208 0.5472975969314575 40
1761497877181 0.535151481628418 41
1761497878289 0.5226536989212036 42
1761497879262 0.5328752398490906 43
1761497880403 0.5107468962669373 44
1761497881366 0.5014021396636963 45
1761497882333 0.5143716335296631 46
1761497883541 0.5020273327827454 47
1761497884704 0.49321460723876953 48
1761497885865 0.49705106019973755 49
1761497832962 0.9564169645309448 0
