1761617081400 0.45085662603378296 0
1761617082743 0.4747520387172699 1
1761617084477 0.4815148711204529 2
1761617086168 0.49594229459762573 3
1761617087842 0.4792605936527252 4
1761617089524 0.4945897161960602 5
1761617090545 0.48557257652282715 6
1761617091700 0.48647430539131165 7
1761617093369 0.4945897161960602 8
1761617095050 0.48376914858818054 9
1761617096856 0.4945897161960602 10
1761617098436 0.4945897161960602 11
1761617100023 0.4945897161960602 12
1761617101678 0.4945897161960602 13
1761617102916 0.4945897161960602 14
1761617104302 0.4945897161960602 15
1761617105962 0.4945897161960602 16
1761617107602 0.4945897161960602 17
1761617109070 0.4945897161960602 18
1761617110704 0.4945897161960602 19
1761617111931 0.4945897161960602 20
1761617113117 0.4945897161960602 21
1761617114085 0.4945897161960602 22
1761617114819 0.4945897161960602 23
1761617116392 0.4945897161960602 24
1761617117958 0.4945897161960602 25
1761617119363 0.4945897161960602 26
1761617121055 0.4945897161960602 27
1761617122419 0.4945897161960602 28
1761617123321 0.4945897161960602 29
1761617125010 0.4945897161960602 30
1761617126543 0.4945897161960602 31
1761617127895 0.4945897161960602 32
1761617129573 0.4945897161960602 33
1761617131075 0.4945897161960602 34
1761617132656 0.4945897161960602 35
1761617133882 0.4945897161960602 36
1761617135298 0.4945897161960602 37
1761617136875 0.4945897161960602 38
1761617138321 0.4945897161960602 39
1761617139702 0.4945897161960602 40
1761617141242 0.4945897161960602 41
1761617142912 0.4945897161960602 42
1761617144289 0.4945897161960602 43
1761617145675 0.4945897161960602 44
1761617147200 0.4945897161960602 45
1761617148639 0.4945897161960602 46
1761617150110 0.4945897161960602 47
1761617151575 0.4945897161960602 48
1761617153107 0.4945897161960602 49
1761617081400 0.45085662603378296 0
