1761617081400 1.0155812501907349 0
1761617082743 0.9907314777374268 1
1761617084477 0.993383526802063 2
1761617086168 0.985242486000061 3
1761617087842 0.9863049983978271 4
1761617089524 0.9870627522468567 5
1761617090545 0.9851742386817932 6
1761617091700 0.9862250685691833 7
1761617093369 0.9824500679969788 8
1761617095050 0.983683168888092 9
1761617096856 0.9843929409980774 10
1761617098436 0.9832064509391785 11
1761617100023 0.9827923774719238 12
1761617101678 0.981928288936615 13
1761617102916 0.983275294303894 14
1761617104302 0.9820773601531982 15
1761617105962 0.9849186539649963 16
1761617107602 0.9828147292137146 17
1761617109070 0.9840189218521118 18
1761617110704 0.9832600951194763 19
1761617111931 0.9828833937644958 20
1761617113117 0.9834803342819214 21
1761617114085 0.9830235242843628 22
1761617114819 0.9852057099342346 23
1761617116392 0.9829849004745483 24
1761617117958 0.9819373488426208 25
1761617119363 0.9825910329818726 26
1761617121055 0.9826834201812744 27
1761617122419 0.982915997505188 28
1761617123321 0.9836443662643433 29
1761617125010 0.9834619760513306 30
1761617126543 0.9836108684539795 31
1761617127895 0.9841163158416748 32
1761617129573 0.9811580181121826 33
1761617131075 0.9846788048744202 34
1761617132656 0.9841105937957764 35
1761617133882 0.981791079044342 36
1761617135298 0.9830454587936401 37
1761617136875 0.9824191331863403 38
1761617138321 0.9817479252815247 39
1761617139702 0.9828313589096069 40
1761617141242 0.9844077825546265 41
1761617142912 0.9841196537017822 42
1761617144289 0.9836415648460388 43
1761617145675 0.9834694266319275 44
1761617147200 0.9818276762962341 45
1761617148639 0.9822757244110107 46
1761617150110 0.984112024307251 47
1761617151575 0.9816669821739197 48
1761617153107 0.9825300574302673 49
1761617081400 1.0155812501907349 0
