1761499679219 0.5141955614089966 0
1761499680162 0.5164488554000854 1
1761499681050 0.5430374145507812 2
1761499681951 0.5601622462272644 3
1761499682914 0.5615141987800598 4
1761499683801 0.5781883597373962 5
1761499684682 0.5885534286499023 6
1761499685561 0.5844975113868713 7
1761499686437 0.6070302128791809 8
1761499687312 0.6056782603263855 9
1761499688183 0.6056782603263855 10
1761499689052 0.6169445514678955 11
1761499689917 0.6219017505645752 12
1761499690804 0.6304641962051392 13
1761499691658 0.6223524212837219 14
1761499692553 0.6304641962051392 15
1761499693421 0.6516448855400085 16
1761499694297 0.6489409804344177 17
1761499695158 0.6633618474006653 18
1761499696031 0.6746281981468201 19
1761499696892 0.6737269163131714 20
1761499697773 0.6804866790771484 21
1761499698628 0.683190643787384 22
1761499699492 0.6935556530952454 23
1761499700373 0.7052726745605469 24
1761499701267 0.6894997954368591 25
1761499702136 0.7061739563941956 26
1761499702995 0.7178909182548523 27
1761499703859 0.7205948829650879 28
1761499704737 0.7201442122459412 29
1761499705607 0.7395222783088684 30
1761499706500 0.737719714641571 31
1761499707379 0.7498873472213745 32
1761499708325 0.7557458281517029 33
1761499709211 0.7688148021697998 34
1761499710095 0.757548451423645 35
1761499711012 0.7647588849067688 36
1761499711913 0.7931500673294067 37
1761499712804 0.781883716583252 38
1761499713696 0.7949526906013489 39
1761499714589 0.7954033613204956 40
1761499715532 0.7945020198822021 41
1761499716442 0.8188372850418091 42
1761499717336 0.8044164180755615 43
1761499718224 0.8215412497520447 44
1761499719113 0.8233438730239868 45
1761499719997 0.831906259059906 46
1761499720898 0.8301036357879639 47
1761499721793 0.8237944841384888 48
1761499722684 0.8566921949386597 49
1761499679219 0.5141955614089966 0
