1761499355007 1.0009797811508179 0
1761499355277 0.9429473280906677 1
1761499355538 0.9340772032737732 2
1761499355753 0.928459107875824 3
1761499355980 0.9189372062683105 4
1761499356189 0.9121818542480469 5
1761499356491 0.9066186547279358 6
1761499356707 0.9010422825813293 7
1761499356921 0.8956891894340515 8
1761499357139 0.8922870755195618 9
1761499357360 0.8873066306114197 10
1761499357576 0.8803091645240784 11
1761499357788 0.8749006390571594 12
1761499358000 0.8712146282196045 13
1761499358228 0.8617388606071472 14
1761499358447 0.8543720841407776 15
1761499358661 0.8522288799285889 16
1761499358873 0.8440175652503967 17
1761499359091 0.8397197723388672 18
1761499359309 0.8377927541732788 19
1761499359524 0.8263781666755676 20
1761499359737 0.8310872912406921 21
1761499359951 0.8195781111717224 22
1761499360168 0.8153598308563232 23
1761499360386 0.8076676726341248 24
1761499360600 0.805698812007904 25
1761499360812 0.7987966537475586 26
1761499361034 0.7919130325317383 27
1761499361304 0.779407262802124 28
1761499361536 0.7791087627410889 29
1761499361751 0.7784567475318909 30
1761499361968 0.7727553844451904 31
1761499362193 0.7663665413856506 32
1761499362454 0.768296480178833 33
1761499362699 0.7556372284889221 34
1761499362914 0.7508127093315125 35
1761499363131 0.7439576983451843 36
1761499363345 0.740563154220581 37
1761499363560 0.729655921459198 38
1761499363766 0.7317590117454529 39
1761499363983 0.7268118858337402 40
1761499364192 0.725025475025177 41
1761499364418 0.7201262712478638 42
1761499364630 0.717530369758606 43
1761499364834 0.7086984515190125 44
1761499365052 0.7063621878623962 45
1761499365263 0.702387809753418 46
1761499365478 0.6991113424301147 47
1761499365692 0.7042797803878784 48
1761499365902 0.696491539478302 49
1761499355007 1.0009797811508179 0
