1761497909271 0.5078864097595215 0
1761497910489 0.5331230163574219 1
1761497911536 0.558810293674469 2
1761497912447 0.5628661513328552 3
1761497913338 0.5813429355621338 4
1761497914294 0.5822442770004272 5
1761497915389 0.5867508053779602 6
1761497916288 0.6106353998184204 7
1761497917191 0.6079314947128296 8
1761497918086 0.6250563263893127 9
1761497919042 0.6219017505645752 10
1761497920150 0.6169445514678955 11
1761497921055 0.63316810131073 12
1761497922099 0.6421811580657959 13
1761497922988 0.6502929329872131 14
1761497924057 0.6538981795310974 15
1761497924941 0.6597566604614258 16
1761497925832 0.6714736223220825 17
1761497926878 0.6773321032524109 18
1761497927807 0.6768814921379089 19
1761497928754 0.703019380569458 20
1761497929868 0.6863452196121216 21
1761497931060 0.6940063238143921 22
1761497932271 0.6940063238143921 23
1761497933333 0.6971608996391296 24
1761497934012 0.6935556530952454 25
1761497935380 0.6980621814727783 26
1761497935943 0.6899504065513611 27
1761497936839 0.7210454940795898 28
1761497937829 0.7192429304122925 29
1761497938853 0.7138350605964661 30
1761497939856 0.7187922596931458 31
1761497940843 0.7232987880706787 32
1761497941760 0.7156376838684082 33
1761497942733 0.7327625155448914 34
1761497943649 0.7282559871673584 35
1761497944566 0.7323118448257446 36
1761497945457 0.7431275248527527 37
1761497946409 0.7413249015808105 38
1761497947369 0.7372690439224243 39
1761497948410 0.7291572690010071 40
1761497949475 0.7598016858100891 41
1761497950499 0.7525912523269653 42
1761497951611 0.7530419230461121 43
1761497952715 0.7480847239494324 44
1761497953623 0.737719714641571 45
1761497954507 0.7688148021697998 46
1761497955497 0.7525912523269653 47
1761497956422 0.7683641314506531 48
1761497957370 0.7616043090820312 49
1761497909271 0.5078864097595215 0
