1761497909271 0.9538576602935791 0
1761497910489 0.923292875289917 1
1761497911536 0.9132051467895508 2
1761497912447 0.8990961313247681 3
1761497913338 0.8926125764846802 4
1761497914294 0.8778623342514038 5
1761497915389 0.8751271367073059 6
1761497916288 0.857808530330658 7
1761497917191 0.8553422689437866 8
1761497918086 0.8405323028564453 9
1761497919042 0.8353056311607361 10
1761497920150 0.8344082832336426 11
1761497921055 0.812166154384613 12
1761497922099 0.8019161224365234 13
1761497922988 0.7984911799430847 14
1761497924057 0.7882314920425415 15
1761497924941 0.781773030757904 16
1761497925832 0.7647354602813721 17
1761497926878 0.7605926394462585 18
1761497927807 0.7504069209098816 19
1761497928754 0.7321743965148926 20
1761497929868 0.7476701736450195 21
1761497931060 0.7389104962348938 22
1761497932271 0.7326791882514954 23
1761497933333 0.7102735042572021 24
1761497934012 0.7292826771736145 25
1761497935380 0.7120699882507324 26
1761497935943 0.7255134582519531 27
1761497936839 0.6801087856292725 28
1761497937829 0.6806032061576843 29
1761497938853 0.6932048201560974 30
1761497939856 0.6790158748626709 31
1761497940843 0.6675782799720764 32
1761497941760 0.6719748973846436 33
1761497942733 0.6467488408088684 34
1761497943649 0.6564471125602722 35
1761497944566 0.6473708152770996 36
1761497945457 0.6388787627220154 37
1761497946409 0.6342755556106567 38
1761497947369 0.6321068406105042 39
1761497948410 0.6536244750022888 40
1761497949475 0.6017135977745056 41
1761497950499 0.6067026853561401 42
1761497951611 0.6207156777381897 43
1761497952715 0.6102374792098999 44
1761497953623 0.6261045336723328 45
1761497954507 0.5834121108055115 46
1761497955497 0.5877161026000977 47
1761497956422 0.5684422254562378 48
1761497957370 0.5784429311752319 49
1761497909271 0.9538576602935791 0
