1761518885935 0.5123929977416992 0
1761518886201 0.5529517531394958 1
1761518886430 0.5651194453239441 2
1761518886640 0.569625973701477 3
1761518886855 0.565570056438446 4
1761518887148 0.5835962295532227 5
1761518887393 0.5917080044746399 6
1761518887642 0.5872014164924622 7
1761518887866 0.6038756370544434 8
1761518888091 0.6110860705375671 9
1761518888308 0.6219017505645752 10
1761518888518 0.6282109022140503 11
1761518888729 0.6259576678276062 12
1761518888933 0.6282109022140503 13
1761518889140 0.6426318287849426 14
1761518889349 0.6493915915489197 15
1761518889555 0.652996838092804 16
1761518889767 0.6588553190231323 17
1761518889980 0.6665164232254028 18
1761518890196 0.6746281981468201 19
1761518890406 0.6687697172164917 20
1761518890621 0.6854438781738281 21
1761518890830 0.6867958307266235 22
1761518891044 0.7034700512886047 23
1761518891249 0.7048220038414001 24
1761518891454 0.703019380569458 25
1761518891670 0.7016674280166626 26
1761518891881 0.7057232856750488 27
1761518892097 0.7187922596931458 28
1761518892308 0.7120324373245239 29
1761518892518 0.718341588973999 30
1761518892719 0.7205948829650879 31
1761518892929 0.7156376838684082 32
1761518893140 0.7160883545875549 33
1761518893357 0.7363677620887756 34
1761518893570 0.7242000699043274 35
1761518893786 0.7363677620887756 36
1761518893995 0.7242000699043274 37
1761518894210 0.7323118448257446 38
1761518894431 0.742226243019104 39
1761518894639 0.7332131862640381 40
1761518894850 0.7444794774055481 41
1761518895058 0.7386209964752197 42
1761518895274 0.7503380179405212 43
1761518895484 0.7435781955718994 44
1761518895705 0.7548445463180542 45
1761518895915 0.7570977807044983 46
1761518896127 0.7408742904663086 47
1761518896340 0.7525912523269653 48
1761518896549 0.7566471099853516 49
1761518885935 0.5123929977416992 0
