1761499193176 0.45561063289642334 0
1761499193615 0.43938711285591125 1
1761499194019 0.44299232959747314 2
1761499194433 0.45561063289642334 3
1761499194835 0.43668317794799805 4
1761499195216 0.43037405610084534 5
1761499195602 0.4574132561683655 6
1761499195981 0.43307796120643616 7
1761499196385 0.4488508403301239 8
1761499196801 0.4718341529369354 9
1761499197193 0.43938711285591125 10
1761499197590 0.460567831993103 11
1761499197990 0.45966652035713196 12
1761499198390 0.460567831993103 13
1761499198794 0.4488508403301239 14
1761499199180 0.45696258544921875 15
1761499199562 0.45200541615486145 16
1761499199964 0.45561063289642334 17
1761499200368 0.4420910179615021 18
1761499200760 0.4538080096244812 19
1761499201157 0.4641730487346649 20
1761499201556 0.4587652087211609 21
1761499201976 0.4587652087211609 22
1761499202348 0.4488508403301239 23
1761499202798 0.4655250012874603 24
1761499203255 0.4641730487346649 25
1761499203641 0.48625507950782776 26
1761499204080 0.47949525713920593 27
1761499204535 0.47453808784484863 28
1761499205076 0.47949525713920593 29
1761499205698 0.47994592785835266 30
1761499206175 0.49977466464042664 31
1761499206565 0.47949525713920593 32
1761499206974 0.4957188069820404 33
1761499207518 0.5078864097595215 34
1761499207895 0.5092384219169617 35
1761499208304 0.5123929977416992 36
1761499208717 0.5132942795753479 37
1761499209130 0.5272645354270935 38
1761499209545 0.5308697819709778 39
1761499209954 0.5385308861732483 40
1761499210364 0.5466426610946655 41
1761499210771 0.5529517531394958 42
1761499211184 0.550247848033905 43
1761499211623 0.550247848033905 44
1761499212061 0.5457413196563721 45
1761499212507 0.5682740211486816 46
1761499212935 0.5673726797103882 47
1761499213397 0.5642181038856506 48
1761499213791 0.5642181038856506 49
1761499193176 0.45561063289642334 0
