1761499193176 0.9674404859542847 0
1761499193615 0.9596630930900574 1
1761499194019 0.9647626876831055 2
1761499194433 0.9539270401000977 3
1761499194835 0.9572094678878784 4
1761499195216 0.962960958480835 5
1761499195602 0.9613562226295471 6
1761499195981 0.9555693864822388 7
1761499196385 0.953816294670105 8
1761499196801 0.9543537497520447 9
1761499197193 0.9559784531593323 10
1761499197590 0.9532000422477722 11
1761499197990 0.9540185928344727 12
1761499198390 0.9527395963668823 13
1761499198794 0.9557803869247437 14
1761499199180 0.9521506428718567 15
1761499199562 0.9554460644721985 16
1761499199964 0.9536203145980835 17
1761499200368 0.9535571932792664 18
1761499200760 0.9543092846870422 19
1761499201157 0.9528020024299622 20
1761499201556 0.95330411195755 21
1761499201976 0.9524898529052734 22
1761499202348 0.9518135190010071 23
1761499202798 0.9491137862205505 24
1761499203255 0.9497169256210327 25
1761499203641 0.9468992352485657 26
1761499204080 0.9480805397033691 27
1761499204535 0.9474901556968689 28
1761499205076 0.9455088973045349 29
1761499205698 0.9439854025840759 30
1761499206175 0.9429292678833008 31
1761499206565 0.9424813985824585 32
1761499206974 0.9404314756393433 33
1761499207518 0.9380831122398376 34
1761499207895 0.9334156513214111 35
1761499208304 0.9315153360366821 36
1761499208717 0.9315836429595947 37
1761499209130 0.9265036582946777 38
1761499209545 0.9223670959472656 39
1761499209954 0.9203656315803528 40
1761499210364 0.9156213402748108 41
1761499210771 0.9127203226089478 42
1761499211184 0.9111784100532532 43
1761499211623 0.9112749695777893 44
1761499212061 0.9103440046310425 45
1761499212507 0.9037821888923645 46
1761499212935 0.9007545113563538 47
1761499213397 0.9024218916893005 48
1761499213791 0.896539568901062 49
1761499193176 0.9674404859542847 0
