1761495902125 0.4452455937862396 0
1761495902867 0.4664263129234314 1
1761495903962 0.4686795771121979 2
1761495904948 0.4831005036830902 3
1761495906031 0.48219919204711914 4
1761495906890 0.47994592785835266 5
1761495907417 0.4831005036830902 6
1761495908327 0.4907616078853607 7
1761495909431 0.49256423115730286 8
1761495910436 0.49977466464042664 9
1761495911433 0.5065344572067261 10
1761495912368 0.5182514786720276 11
1761495913202 0.5281658172607422 12
1761495913904 0.5254619121551514 13
1761495914809 0.5227580070495605 14
1761495915739 0.5277152061462402 15
1761495916543 0.534925639629364 16
1761495917663 0.5376295447349548 17
1761495918752 0.5403335094451904 18
1761495919357 0.5493465662002563 19
1761495920269 0.5479946136474609 20
1761495921347 0.5579089522361755 21
1761495922281 0.5452906489372253 22
1761495923285 0.5718792080879211 23
1761495924113 0.5556557178497314 24
1761495925005 0.5727805495262146 25
1761495925839 0.5628661513328552 26
1761495926922 0.5750337839126587 27
1761495927850 0.5781883597373962 28
1761495928685 0.5822442770004272 29
1761495929640 0.5682740211486816 30
1761495930589 0.5817936062812805 31
1761495931368 0.5903559923171997 32
1761495932438 0.5867508053779602 33
1761495933560 0.5993691086769104 34
1761495934610 0.5804416537284851 35
1761495935613 0.608832836151123 36
1761495936560 0.6016223430633545 37
1761495937571 0.6002703905105591 38
1761495938440 0.6142406463623047 39
1761495939497 0.6128886938095093 40
1761495940023 0.6349707245826721 41
1761495940716 0.6255069971084595 42
1761495941714 0.6232537031173706 43
1761495942717 0.6363226771354675 44
1761495943712 0.6408292055130005 45
1761495944464 0.6453357338905334 46
1761495945591 0.6304641962051392 47
1761495946564 0.6430824398994446 48
1761495947348 0.6480396389961243 49
1761495902125 0.4452455937862396 0
