1761495902125 1.0763510465621948 0
1761495902867 1.0518008470535278 1
1761495903962 1.0462590456008911 2
1761495904948 1.0423612594604492 3
1761495906031 1.0361956357955933 4
1761495906890 1.0396240949630737 5
1761495907417 1.0297765731811523 6
1761495908327 1.0196601152420044 7
1761495909431 1.017341136932373 8
1761495910436 1.0070241689682007 9
1761495911433 1.0058900117874146 10
1761495912368 0.9936811923980713 11
1761495913202 0.987766683101654 12
1761495913904 0.9834282398223877 13
1761495914809 0.9801239371299744 14
1761495915739 0.9810661673545837 15
1761495916543 0.9669600129127502 16
1761495917663 0.9584042429924011 17
1761495918752 0.9611160755157471 18
1761495919357 0.948312520980835 19
1761495920269 0.9481915831565857 20
1761495921347 0.943556010723114 21
1761495922281 0.9514261484146118 22
1761495923285 0.9107024669647217 23
1761495924113 0.9233389496803284 24
1761495925005 0.9131588339805603 25
1761495925839 0.9122132062911987 26
1761495926922 0.8908942937850952 27
1761495927850 0.8934789299964905 28
1761495928685 0.8833388686180115 29
1761495929640 0.8901574015617371 30
1761495930589 0.8813778758049011 31
1761495931368 0.8705036044120789 32
1761495932438 0.8687981367111206 33
1761495933560 0.8510450720787048 34
1761495934610 0.8744428753852844 35
1761495935613 0.8462145328521729 36
1761495936560 0.8483424186706543 37
1761495937571 0.8445934057235718 38
1761495938440 0.845217227935791 39
1761495939497 0.828986644744873 40
1761495940023 0.8220279812812805 41
1761495940716 0.8310760855674744 42
1761495941714 0.8190381526947021 43
1761495942717 0.8057987689971924 44
1761495943712 0.7913306355476379 45
1761495944464 0.8017536401748657 46
1761495945591 0.8073990941047668 47
1761495946564 0.7845333814620972 48
1761495947348 0.7865892648696899 49
1761495902125 1.0763510465621948 0
