1761465551889 0.3753943145275116 0
1761465552282 0.40153223276138306 1
1761465552780 0.39612439274787903 2
1761465553376 0.3943217694759369 3
1761465553975 0.40513744950294495 4
1761465554535 0.40288418531417847 5
1761465555157 0.4136998653411865 6
1761465555720 0.4195583462715149 7
1761465556298 0.4222622811794281 8
1761465556883 0.41415050625801086 9
1761465557454 0.4182063937187195 10
1761465558031 0.415953129529953 11
1761465558600 0.41144660115242004 12
1761465559140 0.42812076210975647 13
1761465559686 0.43037405610084534 14
1761465560200 0.43037405610084534 15
1761465560697 0.42136096954345703 16
1761465561254 0.4245155453681946 17
1761465561785 0.42812076210975647 18
1761465562396 0.4222622811794281 19
1761465562981 0.4236142337322235 20
1761465563571 0.4348805844783783 21
1761465564149 0.4263181686401367 22
1761465564728 0.4339792728424072 23
1761465565308 0.42902207374572754 24
1761465565894 0.4236142337322235 25
1761465566435 0.42947274446487427 26
1761465566962 0.4339792728424072 27
1761465567503 0.4299233853816986 28
1761465568033 0.4335286021232605 29
1761465568571 0.42902207374572754 30
1761465569127 0.44164037704467773 31
1761465569681 0.4335286021232605 32
1761465570076 0.4375844895839691 33
1761465570693 0.4245155453681946 34
1761465571258 0.4339792728424072 35
1761465571832 0.4375844895839691 36
1761465572401 0.42812076210975647 37
1761465572980 0.4389364719390869 38
1761465573537 0.4438936412334442 39
1761465574064 0.4362325370311737 40
1761465574675 0.43442991375923157 41
1761465575321 0.4438936412334442 42
1761465575911 0.4335286021232605 43
1761465576480 0.4447949528694153 44
1761465577059 0.43307796120643616 45
1761465577635 0.4411897361278534 46
1761465578216 0.4398377537727356 47
1761465578774 0.43037405610084534 48
1761465579483 0.42947274446487427 49
1761465551889 0.3753943145275116 0
