1761527545071 0.5407841205596924 0
1761527545323 0.570076584815979 1
1761527545552 0.5840468406677246 2
1761527545779 0.608832836151123 3
1761527546007 0.6214510798454285 4
1761527546231 0.6309148073196411 5
1761527546455 0.6322667598724365 6
1761527546685 0.6381253004074097 7
1761527546922 0.6511942148208618 8
1761527547150 0.6538981795310974 9
1761527547411 0.6579540371894836 10
1761527547641 0.6606579422950745 11
1761527547874 0.6773321032524109 12
1761527548100 0.6737269163131714 13
1761527548320 0.6809373497962952 14
1761527548598 0.6890491247177124 15
1761527548827 0.6768814921379089 16
1761527549053 0.7043713331222534 17
1761527549281 0.7115817666053772 18
1761527549509 0.7142857313156128 19
1761527549734 0.7088778614997864 20
1761527549959 0.7111311554908752 21
1761527550190 0.7205948829650879 22
1761527550415 0.7232987880706787 23
1761527550641 0.7165389657020569 24
1761527550937 0.7327625155448914 25
1761527551159 0.7309598922729492 26
1761527551382 0.7485353946685791 27
1761527551611 0.7372690439224243 28
1761527551834 0.7264533638954163 29
1761527552058 0.7408742904663086 30
1761527552285 0.742226243019104 31
1761527552511 0.7485353946685791 32
1761527552741 0.7485353946685791 33
1761527552973 0.7471834421157837 34
1761527553207 0.7539432048797607 35
1761527553435 0.7548445463180542 36
1761527553710 0.7589004039764404 37
1761527553945 0.7570977807044983 38
1761527554178 0.757548451423645 39
1761527554416 0.7552951574325562 40
1761527554645 0.7719693779945374 41
1761527554871 0.7665615081787109 42
1761527555102 0.7692654132843018 43
1761527555334 0.7688148021697998 44
1761527555577 0.7701667547225952 45
1761527555823 0.7665615081787109 46
1761527556055 0.7764759063720703 47
1761527556308 0.7746732831001282 48
1761527556540 0.7791798114776611 49
1761527545071 0.5407841205596924 0
