1761527545071 0.8455366492271423 0
1761527545323 0.785866379737854 1
1761527545552 0.7697097659111023 2
1761527545779 0.7625669240951538 3
1761527546007 0.7515815496444702 4
1761527546231 0.7477610111236572 5
1761527546455 0.7358143925666809 6
1761527546685 0.7303726077079773 7
1761527546922 0.724969744682312 8
1761527547150 0.71585613489151 9
1761527547411 0.7096363306045532 10
1761527547641 0.7101874947547913 11
1761527547874 0.6969366073608398 12
1761527548100 0.6922685503959656 13
1761527548320 0.6917923092842102 14
1761527548598 0.6806737184524536 15
1761527548827 0.6825457215309143 16
1761527549053 0.6646082997322083 17
1761527549281 0.6612927317619324 18
1761527549509 0.6526475548744202 19
1761527549734 0.6502514481544495 20
1761527549959 0.6414446234703064 21
1761527550190 0.6367039680480957 22
1761527550415 0.6331694722175598 23
1761527550641 0.6235661506652832 24
1761527550937 0.6166369318962097 25
1761527551159 0.6119545102119446 26
1761527551382 0.6040053963661194 27
1761527551611 0.6017194986343384 28
1761527551834 0.6035849452018738 29
1761527552058 0.5933792591094971 30
1761527552285 0.5928319096565247 31
1761527552511 0.5831242799758911 32
1761527552741 0.5788126587867737 33
1761527552973 0.5759762525558472 34
1761527553207 0.5680496692657471 35
1761527553435 0.5639649629592896 36
1761527553710 0.5609334707260132 37
1761527553945 0.5603899955749512 38
1761527554178 0.5590874552726746 39
1761527554416 0.5534708499908447 40
1761527554645 0.5414548516273499 41
1761527554871 0.5390350222587585 42
1761527555102 0.5383467674255371 43
1761527555334 0.5387098789215088 44
1761527555577 0.5288130640983582 45
1761527555823 0.5353567600250244 46
1761527556055 0.5282871723175049 47
1761527556308 0.5257335305213928 48
1761527556540 0.5240833759307861 49
1761527545071 0.8455366492271423 0
