1761524059778 0.40784138441085815 0
1761524060689 0.43668317794799805 1
1761524061479 0.4623704254627228 2
1761524061804 0.4740874171257019 3
1761524062522 0.4907616078853607 4
1761524063258 0.5029292702674866 5
1761524063928 0.511040985584259 6
1761524064684 0.5155475735664368 7
1761524065644 0.5132942795753479 8
1761524066448 0.5159981846809387 9
1761524067104 0.5425867438316345 10
1761524067793 0.5579089522361755 11
1761524068136 0.5407841205596924 12
1761524068535 0.5583596229553223 13
1761524068902 0.5637674331665039 14
1761524069233 0.5628661513328552 15
1761524069613 0.5736818313598633 16
1761524070052 0.5795403122901917 17
1761524070410 0.5817936062812805 18
1761524070777 0.5849481821060181 19
1761524071240 0.5822442770004272 20
1761524071745 0.5984677672386169 21
1761524072203 0.5935105681419373 22
1761524072997 0.6056782603263855 23
1761524073762 0.6119873523712158 24
1761524074558 0.6173952221870422 25
1761524075266 0.6205497980117798 26
1761524076036 0.6200991272926331 27
1761524076721 0.6349707245826721 28
1761524077485 0.6241550445556641 29
1761524078224 0.6282109022140503 30
1761524078668 0.6390265822410583 31
1761524079010 0.6421811580657959 32
1761524079450 0.6372239589691162 33
1761524079923 0.6336187720298767 34
1761524080450 0.6516448855400085 35
1761524080875 0.6552501320838928 36
1761524081290 0.6466876864433289 37
1761524082083 0.6516448855400085 38
1761524082791 0.6674177646636963 39
1761524083532 0.6444344520568848 40
1761524084341 0.6588553190231323 41
1761524085049 0.6642631888389587 42
1761524085946 0.683641254901886 43
1761524086831 0.6777827739715576 44
1761524087739 0.6737269163131714 45
1761524088623 0.6759801506996155 46
1761524089293 0.6755295395851135 47
1761524089990 0.6777827739715576 48
1761524090793 0.6849932670593262 49
1761524059778 0.40784138441085815 0
