1761524059778 1.0782331228256226 0
1761524060689 1.0409209728240967 1
1761524061479 1.0269546508789062 2
1761524061804 1.019160270690918 3
1761524062522 1.0096442699432373 4
1761524063258 1.0015716552734375 5
1761524063928 0.9903882145881653 6
1761524064684 0.9843271374702454 7
1761524065644 0.9777288436889648 8
1761524066448 0.9669731259346008 9
1761524067104 0.9583166241645813 10
1761524067793 0.9505842328071594 11
1761524068136 0.9457874894142151 12
1761524068535 0.9328762888908386 13
1761524068902 0.924994945526123 14
1761524069233 0.9205247759819031 15
1761524069613 0.9070977568626404 16
1761524070052 0.9007706046104431 17
1761524070410 0.8998887538909912 18
1761524070777 0.8876857757568359 19
1761524071240 0.883798360824585 20
1761524071745 0.8726074695587158 21
1761524072203 0.8699028491973877 22
1761524072997 0.8588458895683289 23
1761524073762 0.8543840050697327 24
1761524074558 0.8461652994155884 25
1761524075266 0.8398917317390442 26
1761524076036 0.8308466076850891 27
1761524076721 0.8213183283805847 28
1761524077485 0.8240373134613037 29
1761524078224 0.8167240619659424 30
1761524078668 0.8070435523986816 31
1761524079010 0.800277054309845 32
1761524079450 0.8016831278800964 33
1761524079923 0.7989494800567627 34
1761524080450 0.7827036380767822 35
1761524080875 0.7793000936508179 36
1761524081290 0.7779555320739746 37
1761524082083 0.7719277143478394 38
1761524082791 0.764365553855896 39
1761524083532 0.7794643044471741 40
1761524084341 0.7668372392654419 41
1761524085049 0.7549760341644287 42
1761524085946 0.7386812567710876 43
1761524086831 0.7427505254745483 44
1761524087739 0.7397714257240295 45
1761524088623 0.7310150265693665 46
1761524089293 0.7309957146644592 47
1761524089990 0.7322530150413513 48
1761524090793 0.7164760231971741 49
1761524059778 1.0782331228256226 0
