1761596527456 0.40036067366600037 0
1761596527711 0.4066726863384247 1
1761596527957 0.40306583046913147 2
1761596528182 0.4008115530014038 3
1761596528394 0.40126240253448486 4
1761596528600 0.40892696380615234 5
1761596528814 0.40532010793685913 6
1761596529038 0.39855724573135376 7
1761596529249 0.40982866287231445 8
1761596529465 0.41118124127388 9
1761596529680 0.4215509593486786 10
1761596529898 0.4093778133392334 11
1761596530104 0.4224526584148407 12
1761596530313 0.4170423746109009 13
1761596530532 0.42019838094711304 14
1761596530775 0.42470693588256836 15
1761596531000 0.4251577854156494 16
1761596531220 0.4296663701534271 17
1761596531441 0.4346257746219635 18
1761596531663 0.426961213350296 19
1761596531878 0.4418394863605499 20
1761596532092 0.44634807109832764 21
1761596532312 0.4328223764896393 22
1761596532540 0.4382326304912567 23
1761596532767 0.43327322602272034 24
1761596532998 0.44995492696762085 25
1761596533224 0.4431920647621155 26
1761596533443 0.44724977016448975 27
1761596533665 0.4391343593597412 28
1761596533890 0.4535617530345917 29
1761596534131 0.4553651809692383 30
1761596534382 0.4558160603046417 31
1761596534607 0.4558160603046417 32
1761596534865 0.4625788927078247 33
1761596535093 0.4449954926967621 34
1761596535353 0.45671775937080383 35
1761596535568 0.4616771936416626 36
1761596535794 0.4531109035015106 37
1761596536011 0.45266005396842957 38
1761596536228 0.4684400260448456 39
1761596536460 0.4607754647731781 40
1761596536705 0.468890905380249 41
1761596536985 0.4616771936416626 42
1761596537205 0.45671775937080383 43
1761596537410 0.46212804317474365 44
1761596537626 0.4553651809692383 45
1761596537856 0.47249773144721985 46
1761596538063 0.46573489904403687 47
1761596538280 0.44724977016448975 48
1761596538486 0.47159603238105774 49
1761596527456 0.40036067366600037 0
