1761596527456 1.1020042896270752 0
1761596527711 1.0841093063354492 1
1761596527957 1.082947015762329 2
1761596528182 1.0797526836395264 3
1761596528394 1.086607575416565 4
1761596528600 1.0783771276474 5
1761596528814 1.0764881372451782 6
1761596529038 1.0789470672607422 7
1761596529249 1.0731992721557617 8
1761596529465 1.0768767595291138 9
1761596529680 1.0725241899490356 10
1761596529898 1.0707217454910278 11
1761596530104 1.0719963312149048 12
1761596530313 1.0687288045883179 13
1761596530532 1.066275954246521 14
1761596530775 1.0655994415283203 15
1761596531000 1.0668007135391235 16
1761596531220 1.062516212463379 17
1761596531441 1.0606119632720947 18
1761596531663 1.0651026964187622 19
1761596531878 1.0594780445098877 20
1761596532092 1.0578458309173584 21
1761596532312 1.0574886798858643 22
1761596532540 1.0576064586639404 23
1761596532767 1.056489109992981 24
1761596532998 1.0566855669021606 25
1761596533224 1.0545085668563843 26
1761596533443 1.0558453798294067 27
1761596533665 1.05877685546875 28
1761596533890 1.0514297485351562 29
1761596534131 1.0512263774871826 30
1761596534382 1.0506470203399658 31
1761596534607 1.0495864152908325 32
1761596534865 1.0470858812332153 33
1761596535093 1.0549509525299072 34
1761596535353 1.0467325448989868 35
1761596535568 1.0456562042236328 36
1761596535794 1.047850251197815 37
1761596536011 1.0463547706604004 38
1761596536228 1.0447907447814941 39
1761596536460 1.0435341596603394 40
1761596536705 1.0427099466323853 41
1761596536985 1.0431017875671387 42
1761596537205 1.0421295166015625 43
1761596537410 1.0437713861465454 44
1761596537626 1.0413165092468262 45
1761596537856 1.0415796041488647 46
1761596538063 1.0377516746520996 47
1761596538280 1.0420023202896118 48
1761596538486 1.0394163131713867 49
1761596527456 1.1020042896270752 0
