1761464938102 0.40288418531417847 0
1761464939181 0.4335286021232605 1
1761464940186 0.43668317794799805 2
1761464941156 0.43668317794799805 3
1761464942103 0.4641730487346649 4
1761464943062 0.4686795771121979 5
1761464944018 0.47453808784484863 6
1761464944971 0.47949525713920593 7
1761464945924 0.4952681362628937 8
1761464946903 0.49752140045166016 9
1761464947850 0.5029292702674866 10
1761464948815 0.5173501372337341 11
1761464949768 0.5173501372337341 12
1761464950734 0.524109959602356 13
1761464951688 0.5313203930854797 14
1761464952685 0.5358269214630127 15
1761464953681 0.5488958954811096 16
1761464954687 0.5515998005867004 17
1761464955865 0.5669220089912415 18
1761464956957 0.5727805495262146 19
1761464957943 0.578639030456543 20
1761464959003 0.5953131914138794 21
1761464959988 0.5750337839126587 22
1761464960964 0.5980170965194702 23
1761464961946 0.6268589496612549 24
1761464962956 0.6421811580657959 25
1761464964093 0.6426318287849426 26
1761464965167 0.6493915915489197 27
1761464966147 0.6647138595581055 28
1761464967128 0.6692203879356384 29
1761464968137 0.6728255748748779 30
1761464969254 0.6958089470863342 31
1761464970397 0.69220370054245 32
1761464971415 0.7260026931762695 33
1761464972413 0.6989635229110718 34
1761464973386 0.7242000699043274 35
1761464974389 0.731410562992096 36
1761464975518 0.7404236197471619 37
1761464976599 0.7512392997741699 38
1761464977682 0.7386209964752197 39
1761464978744 0.7647588849067688 40
1761464979818 0.7688148021697998 41
1761464981012 0.7778278589248657 42
1761464982175 0.7958539724349976 43
1761464983273 0.79269939661026 44
1761464984307 0.7823343873023987 45
1761464985299 0.8066696524620056 46
1761464986395 0.7981072664260864 47
1761464987549 0.8066696524620056 48
1761464988529 0.8147814273834229 49
1761464938102 0.40288418531417847 0
