1761464938102 1.0593138933181763 0
1761464939181 1.0500048398971558 1
1761464940186 1.043617606163025 2
1761464941156 1.040550947189331 3
1761464942103 1.0321301221847534 4
1761464943062 1.0248223543167114 5
1761464944018 1.0196861028671265 6
1761464944971 1.0143309831619263 7
1761464945924 1.005764365196228 8
1761464946903 1.000239372253418 9
1761464947850 0.9880606532096863 10
1761464948815 0.9820860028266907 11
1761464949768 0.97946697473526 12
1761464950734 0.9681349992752075 13
1761464951688 0.9540929794311523 14
1761464952685 0.9494661688804626 15
1761464953681 0.9424907565116882 16
1761464954687 0.9364608526229858 17
1761464955865 0.9155248999595642 18
1761464956957 0.9024702906608582 19
1761464957943 0.892760694026947 20
1761464959003 0.8725550174713135 21
1761464959988 0.8696211576461792 22
1761464960964 0.8553541898727417 23
1761464961946 0.8294962644577026 24
1761464962956 0.809743344783783 25
1761464964093 0.7979354858398438 26
1761464965167 0.791808545589447 27
1761464966147 0.7514573335647583 28
1761464967128 0.7467620372772217 29
1761464968137 0.7282131910324097 30
1761464969254 0.6975541114807129 31
1761464970397 0.7077934741973877 32
1761464971415 0.6673433184623718 33
1761464972413 0.6760542392730713 34
1761464973386 0.6286540031433105 35
1761464974389 0.6126255393028259 36
1761464975518 0.609245240688324 37
1761464976599 0.583357036113739 38
1761464977682 0.5951683521270752 39
1761464978744 0.560699999332428 40
1761464979818 0.5450723171234131 41
1761464981012 0.524240255355835 42
1761464982175 0.512265682220459 43
1761464983273 0.49475279450416565 44
1761464984307 0.5045260787010193 45
1761464985299 0.46824586391448975 46
1761464986395 0.4734049439430237 47
1761464987549 0.45507580041885376 48
1761464988529 0.42668354511260986 49
1761464938102 1.0593138933181763 0
