1761515906474 0.5155475735664368 0
1761515906958 0.5506985187530518 1
1761515907315 0.5835962295532227 2
1761515907697 0.6020730137825012 3
1761515908125 0.6083821654319763 4
1761515908508 0.6264082789421082 5
1761515908838 0.609283447265625 6
1761515909180 0.608832836151123 7
1761515909515 0.6475890278816223 8
1761515909848 0.6520955562591553 9
1761515910183 0.6399279236793518 10
1761515910520 0.6466876864433289 11
1761515910860 0.6511942148208618 12
1761515911201 0.663812518119812 13
1761515911534 0.6741775870323181 14
1761515911876 0.672374963760376 15
1761515912257 0.6899504065513611 16
1761515912602 0.6931049823760986 17
1761515912940 0.6714736223220825 18
1761515913298 0.7007660865783691 19
1761515913638 0.694456934928894 20
1761515913977 0.7034700512886047 21
1761515914317 0.6976115107536316 22
1761515914674 0.7070752382278442 23
1761515915020 0.7084271907806396 24
1761515915374 0.718341588973999 25
1761515915758 0.7088778614997864 26
1761515916188 0.7237494587898254 27
1761515916538 0.7345651388168335 28
1761515916935 0.7237494587898254 29
1761515917270 0.7341144680976868 30
1761515917658 0.746732771396637 31
1761515918045 0.7539432048797607 32
1761515918383 0.7579991221427917 33
1761515918783 0.748986005783081 34
1761515919151 0.7480847239494324 35
1761515919504 0.7579991221427917 36
1761515919868 0.7498873472213745 37
1761515920285 0.7561964988708496 38
1761515920647 0.7692654132843018 39
1761515920998 0.772870659828186 40
1761515921349 0.7570977807044983 41
1761515921730 0.7566471099853516 42
1761515922093 0.7751239538192749 43
1761515922429 0.7827850580215454 44
1761515922773 0.7683641314506531 45
1761515923119 0.7670121788978577 46
1761515923457 0.777377188205719 47
1761515923796 0.7719693779945374 48
1761515924131 0.777377188205719 49
1761515906474 0.5155475735664368 0
