1761515906474 0.8776074051856995 0
1761515906958 0.8460351228713989 1
1761515907315 0.8271027207374573 2
1761515907697 0.8147961497306824 3
1761515908125 0.8059775829315186 4
1761515908508 0.7922025918960571 5
1761515908838 0.8031018972396851 6
1761515909180 0.7913914918899536 7
1761515909515 0.7706451416015625 8
1761515909848 0.7637147903442383 9
1761515910183 0.7769051790237427 10
1761515910520 0.7540088295936584 11
1761515910860 0.7430971264839172 12
1761515911201 0.7440959811210632 13
1761515911534 0.7274346351623535 14
1761515911876 0.7369625568389893 15
1761515912257 0.7178696990013123 16
1761515912602 0.7011153697967529 17
1761515912940 0.7278658747673035 18
1761515913298 0.6949359774589539 19
1761515913638 0.6981019973754883 20
1761515913977 0.6757237315177917 21
1761515914317 0.6825507879257202 22
1761515914674 0.6808505058288574 23
1761515915020 0.6772989630699158 24
1761515915374 0.6511499881744385 25
1761515915758 0.663323163986206 26
1761515916188 0.6515352725982666 27
1761515916538 0.6295539140701294 28
1761515916935 0.6327366232872009 29
1761515917270 0.6368663311004639 30
1761515917658 0.6074762940406799 31
1761515918045 0.601641833782196 32
1761515918383 0.589257538318634 33
1761515918783 0.6008918881416321 34
1761515919151 0.6118478775024414 35
1761515919504 0.586155891418457 36
1761515919868 0.6015692353248596 37
1761515920285 0.5886251330375671 38
1761515920647 0.5638110637664795 39
1761515920998 0.5602518916130066 40
1761515921349 0.5759642124176025 41
1761515921730 0.5813599228858948 42
1761515922093 0.5430160760879517 43
1761515922429 0.5414522290229797 44
1761515922773 0.5669441223144531 45
1761515923119 0.5437337160110474 46
1761515923457 0.536790668964386 47
1761515923796 0.5567190051078796 48
1761515924131 0.5419560074806213 49
1761515906474 0.8776074051856995 0
