1761498771691 0.4966200888156891 0
1761498772374 0.5525011420249939 1
1761498772945 0.5691753029823303 2
1761498773561 0.5872014164924622 3
1761498774181 0.5953131914138794 4
1761498774789 0.6074808239936829 5
1761498775393 0.6065795421600342 6
1761498775986 0.6079314947128296 7
1761498776547 0.6119873523712158 8
1761498777136 0.6142406463623047 9
1761498777732 0.63316810131073 10
1761498778343 0.6448850631713867 11
1761498778952 0.6367733478546143 12
1761498779548 0.6475890278816223 13
1761498780159 0.6629112362861633 14
1761498780728 0.6642631888389587 15
1761498781339 0.6561514139175415 16
1761498781966 0.6696709990501404 17
1761498782582 0.6687697172164917 18
1761498783167 0.6881478428840637 19
1761498783729 0.6840919256210327 20
1761498784337 0.6872465014457703 21
1761498784938 0.6913023591041565 22
1761498785496 0.679134726524353 23
1761498786088 0.694456934928894 24
1761498786694 0.6958089470863342 25
1761498787283 0.6998648047447205 26
1761498787862 0.7061739563941956 27
1761498788468 0.7021180987358093 28
1761498789078 0.7115817666053772 29
1761498789698 0.7124831080436707 30
1761498790357 0.7070752382278442 31
1761498790990 0.7291572690010071 32
1761498791590 0.7242000699043274 33
1761498792210 0.7138350605964661 34
1761498792799 0.7214961647987366 35
1761498793361 0.7291572690010071 36
1761498793967 0.7219468355178833 37
1761498794577 0.7408742904663086 38
1761498795171 0.7255520224571228 39
1761498795725 0.7408742904663086 40
1761498796295 0.7386209964752197 41
1761498796928 0.7291572690010071 42
1761498797743 0.746732771396637 43
1761498798424 0.7462821006774902 44
1761498798956 0.742226243019104 45
1761498799568 0.7476340532302856 46
1761498800230 0.7638576030731201 47
1761498800875 0.7548445463180542 48
1761498801520 0.7480847239494324 49
1761498771691 0.4966200888156891 0
