1761498771691 0.9709083437919617 0
1761498772374 0.9216893911361694 1
1761498772945 0.9033674597740173 2
1761498773561 0.8892452120780945 3
1761498774181 0.8841512799263 4
1761498774789 0.8737273812294006 5
1761498775393 0.8648242354393005 6
1761498775986 0.8626856803894043 7
1761498776547 0.8513853549957275 8
1761498777136 0.8439660668373108 9
1761498777732 0.8344240784645081 10
1761498778343 0.8228504061698914 11
1761498778952 0.8203454613685608 12
1761498779548 0.8094802498817444 13
1761498780159 0.7979506850242615 14
1761498780728 0.7880991101264954 15
1761498781339 0.7872162461280823 16
1761498781966 0.7821363806724548 17
1761498782582 0.7694008350372314 18
1761498783167 0.7586134076118469 19
1761498783729 0.7588074803352356 20
1761498784337 0.7547433972358704 21
1761498784938 0.7414731979370117 22
1761498785496 0.74683678150177 23
1761498786088 0.7324510216712952 24
1761498786694 0.7296367287635803 25
1761498787283 0.7247235178947449 26
1761498787862 0.714966356754303 27
1761498788468 0.7173583507537842 28
1761498789078 0.6986088156700134 29
1761498789698 0.7008342742919922 30
1761498790357 0.6942970156669617 31
1761498790990 0.6890562176704407 32
1761498791590 0.6860677599906921 33
1761498792210 0.6877360343933105 34
1761498792799 0.6854062676429749 35
1761498793361 0.6676105856895447 36
1761498793967 0.6785256862640381 37
1761498794577 0.6590805649757385 38
1761498795171 0.6646760702133179 39
1761498795725 0.6493504643440247 40
1761498796295 0.6501240134239197 41
1761498796928 0.6483405232429504 42
1761498797743 0.6424775123596191 43
1761498798424 0.6344144344329834 44
1761498798956 0.6476898193359375 45
1761498799568 0.6301393508911133 46
1761498800230 0.6214436292648315 47
1761498800875 0.6240588426589966 48
1761498801520 0.6241075992584229 49
1761498771691 0.9709083437919617 0
