1761512777268 0.5389814972877502 0
1761512777696 0.5867508053779602 1
1761512778043 0.5921586155891418 2
1761512778399 0.6034249663352966 3
1761512778758 0.6241550445556641 4
1761512779106 0.6376746296882629 5
1761512779468 0.6376746296882629 6
1761512779812 0.63316810131073 7
1761512780176 0.6457864046096802 8
1761512780542 0.6620098948478699 9
1761512780903 0.6629112362861633 10
1761512781249 0.6624605655670166 11
1761512781597 0.672374963760376 12
1761512781986 0.6863452196121216 13
1761512782354 0.6822893023490906 14
1761512782694 0.6858945488929749 15
1761512783050 0.6885984539985657 16
1761512783421 0.7012167572975159 17
1761512783794 0.7165389657020569 18
1761512784126 0.694456934928894 19
1761512784501 0.7048220038414001 20
1761512784843 0.7133843898773193 21
1761512785219 0.7255520224571228 22
1761512785546 0.7214961647987366 23
1761512785905 0.7287065982818604 24
1761512786267 0.742676854133606 25
1761512786613 0.7453808188438416 26
1761512786954 0.7323118448257446 27
1761512787328 0.7525912523269653 28
1761512787680 0.7386209964752197 29
1761512788014 0.7530419230461121 30
1761512788395 0.7570977807044983 31
1761512788737 0.7548445463180542 32
1761512789066 0.7638576030731201 33
1761512789411 0.7557458281517029 34
1761512789772 0.7715187072753906 35
1761512790138 0.7796304821968079 36
1761512790460 0.7692654132843018 37
1761512790795 0.7917981147766113 38
1761512791233 0.7719693779945374 39
1761512791650 0.7886435389518738 40
1761512791992 0.7751239538192749 41
1761512792336 0.8026137948036194 42
1761512792673 0.7782785296440125 43
1761512793011 0.7949526906013489 44
1761512793451 0.7940513491630554 45
1761512793865 0.8017124533653259 46
1761512794294 0.7958539724349976 47
1761512794646 0.816584050655365 48
1761512795020 0.7999098896980286 49
1761512777268 0.5389814972877502 0
