1761512777268 0.8037251234054565 0
1761512777696 0.7681307196617126 1
1761512778043 0.7572267651557922 2
1761512778399 0.7435819506645203 3
1761512778758 0.7350915670394897 4
1761512779106 0.7213696837425232 5
1761512779468 0.7168595790863037 6
1761512779812 0.7109602093696594 7
1761512780176 0.6983461976051331 8
1761512780542 0.694123387336731 9
1761512780903 0.686474621295929 10
1761512781249 0.6838185787200928 11
1761512781597 0.6762798428535461 12
1761512781986 0.6556559801101685 13
1761512782354 0.6664941310882568 14
1761512782694 0.6589503288269043 15
1761512783050 0.6484918594360352 16
1761512783421 0.6310499906539917 17
1761512783794 0.6295433044433594 18
1761512784126 0.6306099891662598 19
1761512784501 0.6217849254608154 20
1761512784843 0.6189568042755127 21
1761512785219 0.5990625619888306 22
1761512785546 0.6060195565223694 23
1761512785905 0.595842719078064 24
1761512786267 0.5752914547920227 25
1761512786613 0.5650588870048523 26
1761512786954 0.5963617563247681 27
1761512787328 0.5570605397224426 28
1761512787680 0.5900421142578125 29
1761512788014 0.5513800382614136 30
1761512788395 0.5458117127418518 31
1761512788737 0.5528194308280945 32
1761512789066 0.5439195036888123 33
1761512789411 0.536180317401886 34
1761512789772 0.5237288475036621 35
1761512790138 0.515135645866394 36
1761512790460 0.5175512433052063 37
1761512790795 0.503542423248291 38
1761512791233 0.5214046835899353 39
1761512791650 0.4890434741973877 40
1761512791992 0.5065166354179382 41
1761512792336 0.4782894253730774 42
1761512792673 0.5167849063873291 43
1761512793011 0.4880587160587311 44
1761512793451 0.48247650265693665 45
1761512793865 0.457714706659317 46
1761512794294 0.4799976944923401 47
1761512794646 0.45112141966819763 48
1761512795020 0.45674845576286316 49
1761512777268 0.8037251234054565 0
