1761607136923 0.377817839384079 0
1761607137293 0.3917944133281708 1
1761607137668 0.4057709574699402 2
1761607138031 0.40126240253448486 3
1761607138394 0.41163209080696106 4
1761607138736 0.41073039174079895 5
1761607139080 0.3886384069919586 6
1761607139446 0.4152389466762543 7
1761607139781 0.3963029682636261 8
1761607140125 0.40982866287231445 9
1761607140464 0.42019838094711304 10
1761607140803 0.4206492304801941 11
1761607141151 0.4165915250778198 12
1761607141471 0.4188458025455475 13
1761607141787 0.4102795422077179 14
1761607142125 0.4170423746109009 15
1761607142463 0.4319206476211548 16
1761607142797 0.41343551874160767 17
1761607143133 0.41614067554473877 18
1761607143483 0.4296663701534271 19
1761607143820 0.42110008001327515 20
1761607144158 0.42921552062034607 21
1761607144497 0.4495040476322174 22
1761607144842 0.44454464316368103 23
1761607145181 0.4418394863605499 24
1761607145522 0.4540126323699951 25
1761607145862 0.4562669098377228 26
1761607146197 0.4540126323699951 27
1761607146533 0.43958520889282227 28
1761607146864 0.4477006196975708 29
1761607147207 0.4486023485660553 30
1761607147545 0.4558160603046417 31
1761607147882 0.4634806215763092 32
1761607148229 0.4625788927078247 33
1761607148565 0.4679891765117645 34
1761607148902 0.47069433331489563 35
1761607149235 0.4792605936527252 36
1761607149902 0.4643823206424713 37
1761607150240 0.48467087745666504 38
1761607150587 0.48827773332595825 39
1761607150919 0.4954914450645447 40
1761607151254 0.4860234558582306 41
1761607151591 0.4774571657180786 42
1761607151934 0.484220027923584 43
1761607152273 0.49323713779449463 44
1761607152606 0.5013525485992432 45
1761607152949 0.48286744952201843 46
1761607153285 0.5 47
1761607153626 0.5018033981323242 48
1761607153962 0.5112714171409607 49
1761607136923 0.377817839384079 0
