1761607136923 1.1021482944488525 0
1761607137293 1.0889655351638794 1
1761607137668 1.086685299873352 2
1761607138031 1.0820989608764648 3
1761607138394 1.0824670791625977 4
1761607138736 1.0784494876861572 5
1761607139080 1.080366611480713 6
1761607139446 1.0745046138763428 7
1761607139781 1.0719505548477173 8
1761607140125 1.0713074207305908 9
1761607140464 1.0702011585235596 10
1761607140803 1.069138765335083 11
1761607141151 1.0661295652389526 12
1761607141471 1.0654270648956299 13
1761607141787 1.0662713050842285 14
1761607142125 1.0633866786956787 15
1761607142463 1.0629336833953857 16
1761607142797 1.0609525442123413 17
1761607143133 1.0615640878677368 18
1761607143483 1.0569658279418945 19
1761607143820 1.058667540550232 20
1761607144158 1.055825114250183 21
1761607144497 1.0493824481964111 22
1761607144842 1.0498887300491333 23
1761607145181 1.0462819337844849 24
1761607145522 1.0413347482681274 25
1761607145862 1.0388096570968628 26
1761607146197 1.0367696285247803 27
1761607146533 1.037299394607544 28
1761607146864 1.0337486267089844 29
1761607147207 1.029711127281189 30
1761607147545 1.0270971059799194 31
1761607147882 1.0204253196716309 32
1761607148229 1.018399715423584 33
1761607148565 1.016376256942749 34
1761607148902 1.0155413150787354 35
1761607149235 1.0103648900985718 36
1761607149902 1.0144566297531128 37
1761607150240 1.0060834884643555 38
1761607150587 1.0035344362258911 39
1761607150919 0.9995439648628235 40
1761607151254 1.0011738538742065 41
1761607151591 0.9966889023780823 42
1761607151934 0.9954321980476379 43
1761607152273 0.9942248463630676 44
1761607152606 0.9912936091423035 45
1761607152949 0.9917711019515991 46
1761607153285 0.9852601885795593 47
1761607153626 0.9849689602851868 48
1761607153962 0.978202223777771 49
1761607136923 1.1021482944488525 0
