1761592960092 0.38367900252342224 0
1761592960368 0.4319206476211548 1
1761592960579 0.44544634222984314 2
1761592960799 0.451307475566864 3
1761592961024 0.4449954926967621 4
1761592961262 0.46032461524009705 5
1761592961470 0.459873765707016 6
1761592961695 0.46393147110939026 7
1761592961904 0.4729486107826233 8
1761592962120 0.4765554666519165 9
1761592962341 0.47430115938186646 10
1761592962570 0.49188458919525146 11
1761592962792 0.48917943239212036 12
1761592963021 0.49594229459762573 13
1761592963278 0.5036068558692932 14
1761592963505 0.5094679594039917 15
1761592963741 0.5009016990661621 16
1761592963980 0.515779972076416 17
1761592964228 0.5189359784126282 18
1761592964462 0.5184851288795471 19
1761592964714 0.5247971415519714 20
1761592964957 0.5247971415519714 21
1761592965191 0.5351668000221252 22
1761592965419 0.5347159504890442 23
1761592965651 0.547339916229248 24
1761592965892 0.5441839694976807 25
1761592966142 0.5536519289016724 26
1761592966392 0.5509467720985413 27
1761592966616 0.549143373966217 28
1761592966837 0.5495942234992981 29
1761592967063 0.5509467720985413 30
1761592967290 0.564021646976471 31
1761592967582 0.566726803779602 32
1761592967909 0.564021646976471 33
1761592968286 0.5694319009780884 34
1761592968568 0.5739405155181885 35
1761592968826 0.5721370577812195 36
1761592969061 0.5879170298576355 37
1761592969300 0.579801619052887 38
1761592969664 0.5811541676521301 39
1761592969941 0.5879170298576355 40
1761592970198 0.5969341993331909 41
1761592970438 0.5987375974655151 42
1761592970685 0.5964832901954651 43
1761592970925 0.5969341993331909 44
1761592971165 0.5901713371276855 45
1761592971419 0.6027953028678894 46
1761592971640 0.5996392965316772 47
1761592971868 0.6077547073364258 48
1761592972109 0.5946798920631409 49
1761592972329 0.6140667200088501 50
1761592972542 0.6086564660072327 51
1761592972756 0.613165020942688 52
1761592972981 0.6055004596710205 53
1761592973216 0.6172227263450623 54
1761592973444 0.6118124723434448 55
1761592973712 0.6194770336151123 56
1761592973932 0.6226329803466797 57
1761592974154 0.6302975416183472 58
1761592974372 0.6293958425521851 59
1761592974587 0.6388638615608215 60
1761592974810 0.6334535479545593 61
1761592975033 0.6339043974876404 62
1761592975252 0.6325518488883972 63
1761592975483 0.6505861282348633 64
1761592975721 0.6424707174301147 65
1761592975954 0.6384130120277405 66
1761592976167 0.6352570056915283 67
1761592976383 0.6492335200309753 68
1761592976601 0.6406672596931458 69
1761592976812 0.6429215669631958 70
1761592977024 0.6474301218986511 71
1761592977246 0.6478809714317322 72
1761592977459 0.6537421345710754 73
1761592977690 0.6591523885726929 74
1761592977942 0.6582506895065308 75
1761592978166 0.6672677993774414 76
1761592978386 0.6609557867050171 77
1761592978611 0.6614066958427429 78
1761592978831 0.6523895263671875 79
1761592979045 0.6627592444419861 80
1761592979268 0.6731289625167847 81
1761592979485 0.678088366985321 82
1761592979706 0.6731289625167847 83
1761592979918 0.6654644012451172 84
1761592980195 0.67763751745224 85
1761592980425 0.6632100939750671 86
1761592980650 0.6632100939750671 87
1761592980870 0.6681694984436035 88
1761592981102 0.678088366985321 89
1761592981334 0.6717763543128967 90
1761592981557 0.6825969219207764 91
1761592981770 0.6853020787239075 92
1761592981982 0.6871054768562317 93
1761592982198 0.6834986209869385 94
1761592982423 0.6749323606491089 95
1761592982648 0.6789900660514832 96
1761592982871 0.6862037777900696 97
1761592983086 0.6902614831924438 98
1761592983319 0.6862037777900696 99
1761592960092 0.38367900252342224 0
