1761592960092 1.0919197797775269 0
1761592960368 1.0707917213439941 1
1761592960579 1.0617386102676392 2
1761592960799 1.0544211864471436 3
1761592961024 1.0526975393295288 4
1761592961262 1.045548915863037 5
1761592961470 1.0433015823364258 6
1761592961695 1.0365403890609741 7
1761592961904 1.032382845878601 8
1761592962120 1.029297113418579 9
1761592962341 1.023479700088501 10
1761592962570 1.0186200141906738 11
1761592962792 1.0133590698242188 12
1761592963021 1.012617826461792 13
1761592963278 1.0051649808883667 14
1761592963505 1.0000828504562378 15
1761592963741 0.9940752387046814 16
1761592963980 0.9917263984680176 17
1761592964228 0.9856257438659668 18
1761592964462 0.984799325466156 19
1761592964714 0.9704388380050659 20
1761592964957 0.9746556282043457 21
1761592965191 0.9638628959655762 22
1761592965419 0.956246554851532 23
1761592965651 0.9556493163108826 24
1761592965892 0.950940728187561 25
1761592966142 0.9416478872299194 26
1761592966392 0.9345114231109619 27
1761592966616 0.9340143203735352 28
1761592966837 0.9299625754356384 29
1761592967063 0.927323043346405 30
1761592967290 0.9112337231636047 31
1761592967582 0.914463996887207 32
1761592967909 0.908122718334198 33
1761592968286 0.907648503780365 34
1761592968568 0.898648738861084 35
1761592968826 0.9050646424293518 36
1761592969061 0.891131579875946 37
1761592969300 0.8908830881118774 38
1761592969664 0.8835525512695312 39
1761592969941 0.8809005618095398 40
1761592970198 0.8766550421714783 41
1761592970438 0.8685168027877808 42
1761592970685 0.8678570985794067 43
1761592970925 0.8688308596611023 44
1761592971165 0.8699000477790833 45
1761592971419 0.8616914749145508 46
1761592971640 0.8559274077415466 47
1761592971868 0.8508223295211792 48
1761592972109 0.8499178290367126 49
1761592972329 0.8454994559288025 50
1761592972542 0.8446744680404663 51
1761592972756 0.8363335728645325 52
1761592972981 0.843734085559845 53
1761592973216 0.8361445665359497 54
1761592973444 0.8310508131980896 55
1761592973712 0.8262933492660522 56
1761592973932 0.8195462822914124 57
1761592974154 0.8274070620536804 58
1761592974372 0.8248914480209351 59
1761592974587 0.8125148415565491 60
1761592974810 0.8111701011657715 61
1761592975033 0.8061051368713379 62
1761592975252 0.8113209009170532 63
1761592975483 0.8006719946861267 64
1761592975721 0.7948051691055298 65
1761592975954 0.8006097674369812 66
1761592976167 0.8008227348327637 67
1761592976383 0.7910601496696472 68
1761592976601 0.7826021909713745 69
1761592976812 0.7891768217086792 70
1761592977024 0.7877259850502014 71
1761592977246 0.7788815498352051 72
1761592977459 0.7753992676734924 73
1761592977690 0.7782906293869019 74
1761592977942 0.7693386673927307 75
1761592978166 0.7649847269058228 76
1761592978386 0.7673178315162659 77
1761592978611 0.758817732334137 78
1761592978831 0.7721405625343323 79
1761592979045 0.7644074559211731 80
1761592979268 0.7533037066459656 81
1761592979485 0.7480812072753906 82
1761592979706 0.7510319352149963 83
1761592979918 0.747758686542511 84
1761592980195 0.7441239953041077 85
1761592980425 0.7550259828567505 86
1761592980650 0.7407478094100952 87
1761592980870 0.741771399974823 88
1761592981102 0.7363870143890381 89
1761592981334 0.7319281697273254 90
1761592981557 0.7349026203155518 91
1761592981770 0.7295396327972412 92
1761592981982 0.7201301455497742 93
1761592982198 0.7302630543708801 94
1761592982423 0.7286295294761658 95
1761592982648 0.7372986674308777 96
1761592982871 0.7140367031097412 97
1761592983086 0.7202889919281006 98
1761592983319 0.7072736024856567 99
1761592960092 1.0919197797775269 0
