1761445659830 0.4055880904197693 0
1761445660924 0.4474988877773285 1
1761445661883 0.4565119445323944 2
1761445662813 0.46101847290992737 3
1761445663794 0.46958088874816895 4
1761445664774 0.47363677620887756 5
1761445665743 0.48219919204711914 6
1761445666698 0.47994592785835266 7
1761445667648 0.48355114459991455 8
1761445668631 0.49346551299095154 9
1761445669582 0.5092384219169617 10
1761445670364 0.5245606303215027 11
1761445671161 0.5191527605056763 12
1761445672065 0.5295178294181824 13
1761445673059 0.5412347912788391 14
1761445674061 0.5421360731124878 15
1761445674841 0.5439386963844299 16
1761445675689 0.5583596229553223 17
1761445676586 0.5552050471305847 18
1761445677492 0.5804416537284851 19
1761445678370 0.5772870779037476 20
1761445679139 0.5817936062812805 21
1761445680580 0.5808922648429871 22
1761445681491 0.5912573337554932 23
1761445682442 0.5853988528251648 24
1761445683474 0.6011716723442078 25
1761445684407 0.5826948881149292 26
1761445685411 0.5944119095802307 27
1761445686227 0.5966651439666748 28
1761445687122 0.6124380230903625 29
1761445687870 0.6119873523712158 30
1761445688713 0.6173952221870422 31
1761445689476 0.613339364528656 32
1761445690475 0.6237043738365173 33
1761445691386 0.629112184047699 34
1761445692231 0.6155925989151001 35
1761445693090 0.6241550445556641 36
1761445694139 0.6259576678276062 37
1761445695151 0.6363226771354675 38
1761445695936 0.6349707245826721 39
1761445696758 0.6336187720298767 40
1761445697783 0.648490309715271 41
1761445698829 0.6430824398994446 42
1761445699864 0.6471383571624756 43
1761445700808 0.6421811580657959 44
1761445701772 0.657052755355835 45
1761445702719 0.6493915915489197 46
1761445703710 0.6624605655670166 47
1761445704422 0.6651644706726074 48
1761445705405 0.6665164232254028 49
1761445659830 0.4055880904197693 0
