1761445659830 1.0809826850891113 0
1761445660924 1.0556344985961914 1
1761445661883 1.0431023836135864 2
1761445662813 1.0334773063659668 3
1761445663794 1.0238394737243652 4
1761445664774 1.0112473964691162 5
1761445665743 1.0010590553283691 6
1761445666698 0.996060311794281 7
1761445667648 0.9905149340629578 8
1761445668631 0.9859665036201477 9
1761445669582 0.9704004526138306 10
1761445670364 0.9577581882476807 11
1761445671161 0.9549583196640015 12
1761445672065 0.9456261992454529 13
1761445673059 0.9386668801307678 14
1761445674061 0.9279353618621826 15
1761445674841 0.9275313019752502 16
1761445675689 0.9185572266578674 17
1761445676586 0.9152175784111023 18
1761445677492 0.9015337228775024 19
1761445678370 0.8993411064147949 20
1761445679139 0.8892527222633362 21
1761445680580 0.8878557085990906 22
1761445681491 0.8773698210716248 23
1761445682442 0.8737241625785828 24
1761445683474 0.8670592904090881 25
1761445684407 0.8738340735435486 26
1761445685411 0.8550821542739868 27
1761445686227 0.8556919693946838 28
1761445687122 0.846523106098175 29
1761445687870 0.840705156326294 30
1761445688713 0.8337421417236328 31
1761445689476 0.8311461806297302 32
1761445690475 0.8198937177658081 33
1761445691386 0.8123111128807068 34
1761445692231 0.8234902620315552 35
1761445693090 0.809737503528595 36
1761445694139 0.8040757179260254 37
1761445695151 0.7965887188911438 38
1761445695936 0.8081400990486145 39
1761445696758 0.7928950190544128 40
1761445697783 0.786063015460968 41
1761445698829 0.7853050827980042 42
1761445699864 0.7745867967605591 43
1761445700808 0.7767438888549805 44
1761445701772 0.7667058110237122 45
1761445702719 0.7685701847076416 46
1761445703710 0.7616106271743774 47
1761445704422 0.7586770057678223 48
1761445705405 0.7551779747009277 49
1761445659830 1.0809826850891113 0
