1761465448220 0.3744930028915405 0
1761465448676 0.42676880955696106 1
1761465449025 0.42136096954345703 2
1761465449376 0.43533122539520264 3
1761465449733 0.43442991375923157 4
1761465450094 0.45561063289642334 5
1761465450442 0.45200541615486145 6
1761465450791 0.46822893619537354 7
1761465451139 0.46101847290992737 8
1761465451490 0.4628210961818695 9
1761465451857 0.47228482365608215 10
1761465452225 0.4831005036830902 11
1761465452589 0.5011266469955444 12
1761465452954 0.5024785995483398 13
1761465453321 0.5083370804786682 14
1761465453688 0.5069851279258728 15
1761465454055 0.5173501372337341 16
1761465454425 0.5277152061462402 17
1761465454795 0.524109959602356 18
1761465455167 0.543488085269928 19
1761465455536 0.5326723456382751 20
1761465455892 0.5389814972877502 21
1761465456248 0.543488085269928 22
1761465456614 0.5601622462272644 23
1761465456983 0.5425867438316345 24
1761465457354 0.5601622462272644 25
1761465457723 0.5606129169464111 26
1761465458095 0.5664713978767395 27
1761465458461 0.569625973701477 28
1761465458820 0.5804416537284851 29
1761465459192 0.5736818313598633 30
1761465459539 0.5804416537284851 31
1761465459889 0.5754844546318054 32
1761465460248 0.6038756370544434 33
1761465460614 0.5908066630363464 34
1761465460982 0.608832836151123 35
1761465461349 0.5903559923171997 36
1761465461702 0.5984677672386169 37
1761465462073 0.6151419281959534 38
1761465462435 0.6038756370544434 39
1761465462801 0.5998197197914124 40
1761465463170 0.6128886938095093 41
1761465463525 0.6205497980117798 42
1761465463888 0.6214510798454285 43
1761465464255 0.617845892906189 44
1761465464619 0.6349707245826721 45
1761465464985 0.6101847887039185 46
1761465465354 0.6151419281959534 47
1761465465724 0.6309148073196411 48
1761465466094 0.6399279236793518 49
1761465448220 0.3744930028915405 0
