1761465448220 1.1011732816696167 0
1761465448676 1.0694223642349243 1
1761465449025 1.0676681995391846 2
1761465449376 1.058160424232483 3
1761465449733 1.0496737957000732 4
1761465450094 1.041998267173767 5
1761465450442 1.034019112586975 6
1761465450791 1.0305801630020142 7
1761465451139 1.027178406715393 8
1761465451490 1.0226470232009888 9
1761465451857 1.0155349969863892 10
1761465452225 1.0049463510513306 11
1761465452589 0.9954778552055359 12
1761465452954 0.9911754131317139 13
1761465453321 0.9822547435760498 14
1761465453688 0.9784076809883118 15
1761465454055 0.9809464812278748 16
1761465454425 0.9675670266151428 17
1761465454795 0.9663035273551941 18
1761465455167 0.9589225649833679 19
1761465455536 0.9574114680290222 20
1761465455892 0.9533350467681885 21
1761465456248 0.9399047493934631 22
1761465456614 0.9365212321281433 23
1761465456983 0.9312934875488281 24
1761465457354 0.9318667054176331 25
1761465457723 0.9166215658187866 26
1761465458095 0.9109641313552856 27
1761465458461 0.90730881690979 28
1761465458820 0.8995575904846191 29
1761465459192 0.8956077694892883 30
1761465459539 0.8812580108642578 31
1761465459889 0.8878785967826843 32
1761465460248 0.8654951453208923 33
1761465460614 0.8765023946762085 34
1761465460982 0.8507331013679504 35
1761465461349 0.8683143854141235 36
1761465461702 0.8675161600112915 37
1761465462073 0.8515714406967163 38
1761465462435 0.8589054346084595 39
1761465462801 0.8482716083526611 40
1761465463170 0.8337037563323975 41
1761465463525 0.8164141178131104 42
1761465463888 0.8350376486778259 43
1761465464255 0.816003680229187 44
1761465464619 0.8138467073440552 45
1761465464985 0.8269262313842773 46
1761465465354 0.8278143405914307 47
1761465465724 0.79910808801651 48
1761465466094 0.7895592451095581 49
1761465448220 1.1011732816696167 0
