1761534492698 0.5105903744697571 0
1761534492961 0.5340243577957153 1
1761534493188 0.543488085269928 2
1761534493416 0.5651194453239441 3
1761534493634 0.558810293674469 4
1761534493851 0.5732311606407166 5
1761534494064 0.5727805495262146 6
1761534494285 0.5781883597373962 7
1761534494503 0.5872014164924622 8
1761534494714 0.5890040397644043 9
1761534494929 0.5822442770004272 10
1761534495145 0.5935105681419373 11
1761534495365 0.5876520872116089 12
1761534495577 0.5971158146858215 13
1761534495795 0.6219017505645752 14
1761534496009 0.6119873523712158 15
1761534496232 0.613789975643158 16
1761534496442 0.6151419281959534 17
1761534496657 0.6259576678276062 18
1761534496880 0.6187471747398376 19
1761534497101 0.63316810131073 20
1761534497317 0.6309148073196411 21
1761534497535 0.6322667598724365 22
1761534497749 0.6430824398994446 23
1761534497961 0.6408292055130005 24
1761534498173 0.6417304873466492 25
1761534498382 0.6552501320838928 26
1761534498596 0.6588553190231323 27
1761534498813 0.6381253004074097 28
1761534499036 0.6728255748748779 29
1761534499248 0.6710230112075806 30
1761534499463 0.6597566604614258 31
1761534499680 0.6692203879356384 32
1761534499897 0.683190643787384 33
1761534500113 0.6849932670593262 34
1761534500324 0.6764308214187622 35
1761534500536 0.683190643787384 36
1761534500795 0.6782334446907043 37
1761534501026 0.69220370054245 38
1761534501259 0.6795853972434998 39
1761534501468 0.6917530298233032 40
1761534501787 0.694456934928894 41
1761534502074 0.6967102289199829 42
1761534502305 0.7070752382278442 43
1761534502527 0.7021180987358093 44
1761534502744 0.69220370054245 45
1761534502956 0.7016674280166626 46
1761534503178 0.7097792029380798 47
1761534503398 0.6940063238143921 48
1761534503616 0.7169896364212036 49
1761534503871 0.7165389657020569 50
1761534504105 0.7133843898773193 51
1761534504320 0.7214961647987366 52
1761534504533 0.7138350605964661 53
1761534504749 0.7187922596931458 54
1761534504996 0.7251014113426208 55
1761534505217 0.7273546457290649 56
1761534505434 0.7178909182548523 57
1761534505660 0.7160883545875549 58
1761534505878 0.7287065982818604 59
1761534506102 0.7354664206504822 60
1761534506321 0.7309598922729492 61
1761534506534 0.7327625155448914 62
1761534506743 0.7359170913696289 63
1761534506959 0.7260026931762695 64
1761534507184 0.742226243019104 65
1761534507391 0.731410562992096 66
1761534507616 0.7201442122459412 67
1761534507831 0.7323118448257446 68
1761534508050 0.7413249015808105 69
1761534508278 0.7413249015808105 70
1761534508491 0.7476340532302856 71
1761534508706 0.7521405816078186 72
1761534508922 0.746732771396637 73
1761534509140 0.7548445463180542 74
1761534509355 0.7561964988708496 75
1761534509568 0.7607030272483826 76
1761534509781 0.748986005783081 77
1761534509992 0.7530419230461121 78
1761534510204 0.7462821006774902 79
1761534510426 0.7552951574325562 80
1761534510643 0.7566471099853516 81
1761534510861 0.7552951574325562 82
1761534511080 0.7625056505203247 83
1761534511294 0.7656602263450623 84
1761534511511 0.757548451423645 85
1761534511737 0.7598016858100891 86
1761534511954 0.7607030272483826 87
1761534512169 0.7688148021697998 88
1761534512393 0.7661108374595642 89
1761534512614 0.7625056505203247 90
1761534512832 0.7647588849067688 91
1761534513052 0.7670121788978577 92
1761534513269 0.7683641314506531 93
1761534513478 0.7607030272483826 94
1761534513697 0.7661108374595642 95
1761534513913 0.7791798114776611 96
1761534514132 0.777377188205719 97
1761534514346 0.7809824347496033 98
1761534514555 0.7706173658370972 99
1761534492698 0.5105903744697571 0
