1761534492698 0.9000977277755737 0
1761534492961 0.867347002029419 1
1761534493188 0.8602463006973267 2
1761534493416 0.8524605631828308 3
1761534493634 0.8491431474685669 4
1761534493851 0.8452258706092834 5
1761534494064 0.8404700756072998 6
1761534494285 0.8373503088951111 7
1761534494503 0.8329904079437256 8
1761534494714 0.8278769254684448 9
1761534494929 0.8259609341621399 10
1761534495145 0.8204666972160339 11
1761534495365 0.822050154209137 12
1761534495577 0.8168470859527588 13
1761534495795 0.8091728687286377 14
1761534496009 0.804656445980072 15
1761534496232 0.8050171136856079 16
1761534496442 0.8017685413360596 17
1761534496657 0.7932432293891907 18
1761534496880 0.7985143661499023 19
1761534497101 0.7863121032714844 20
1761534497317 0.7870740294456482 21
1761534497535 0.7811699509620667 22
1761534497749 0.7762569785118103 23
1761534497961 0.7786033749580383 24
1761534498173 0.7727189064025879 25
1761534498382 0.764289379119873 26
1761534498596 0.7603781223297119 27
1761534498813 0.7638847827911377 28
1761534499036 0.7508223056793213 29
1761534499248 0.7476716041564941 30
1761534499463 0.7542033195495605 31
1761534499680 0.7433907389640808 32
1761534499897 0.7405609488487244 33
1761534500113 0.7322554588317871 34
1761534500324 0.7314918637275696 35
1761534500536 0.7293556332588196 36
1761534500795 0.7282823920249939 37
1761534501026 0.7223124504089355 38
1761534501259 0.7249352931976318 39
1761534501468 0.7186596989631653 40
1761534501787 0.7099753618240356 41
1761534502074 0.7061845064163208 42
1761534502305 0.7005103826522827 43
1761534502527 0.6996762156486511 44
1761534502744 0.712749183177948 45
1761534502956 0.6962563991546631 46
1761534503178 0.68797367811203 47
1761534503398 0.6927059292793274 48
1761534503616 0.6828967332839966 49
1761534503871 0.6836471557617188 50
1761534504105 0.6838200688362122 51
1761534504320 0.6722996830940247 52
1761534504533 0.6829317212104797 53
1761534504749 0.6707025170326233 54
1761534504996 0.6631554961204529 55
1761534505217 0.6631277799606323 56
1761534505434 0.663730800151825 57
1761534505660 0.667758584022522 58
1761534505878 0.6537264585494995 59
1761534506102 0.647553563117981 60
1761534506321 0.6581506133079529 61
1761534506534 0.65077143907547 62
1761534506743 0.6493229269981384 63
1761534506959 0.6493846774101257 64
1761534507184 0.6360558867454529 65
1761534507391 0.6395899057388306 66
1761534507616 0.6575563549995422 67
1761534507831 0.641222357749939 68
1761534508050 0.634415864944458 69
1761534508278 0.628419041633606 70
1761534508491 0.6238638758659363 71
1761534508706 0.6232603192329407 72
1761534508922 0.6279749870300293 73
1761534509140 0.6207646131515503 74
1761534509355 0.6106424331665039 75
1761534509568 0.60981684923172 76
1761534509781 0.6154110431671143 77
1761534509992 0.6125779151916504 78
1761534510204 0.6143748760223389 79
1761534510426 0.6067183613777161 80
1761534510643 0.6038691997528076 81
1761534510861 0.6094679236412048 82
1761534511080 0.5971274375915527 83
1761534511294 0.6009340286254883 84
1761534511511 0.5925484299659729 85
1761534511737 0.5905623435974121 86
1761534511954 0.6013724207878113 87
1761534512169 0.59150230884552 88
1761534512393 0.5871387720108032 89
1761534512614 0.5837910771369934 90
1761534512832 0.5839974880218506 91
1761534513052 0.5762117505073547 92
1761534513269 0.582179605960846 93
1761534513478 0.5843927264213562 94
1761534513697 0.5833896994590759 95
1761534513913 0.5711842775344849 96
1761534514132 0.5666540265083313 97
1761534514346 0.562556803226471 98
1761534514555 0.5636472702026367 99
1761534492698 0.9000977277755737 0
