1761604421897 0.36113616824150085 0
1761604422479 0.3692515790462494 1
1761604423031 0.37060415744781494 2
1761604423597 0.3782687187194824 3
1761604424177 0.3850315511226654 4
1761604424753 0.371055006980896 5
1761604425294 0.3773669898509979 6
1761604425824 0.38367900252342224 7
1761604426349 0.36970242857933044 8
1761604426865 0.3719567060470581 9
1761604427389 0.3890892565250397 10
1761604427899 0.3796212673187256 11
1761604428424 0.3890892565250397 12
1761604428949 0.3796212673187256 13
1761604429480 0.371055006980896 14
1761604430025 0.38187557458877563 15
1761604430548 0.38187557458877563 16
1761604431060 0.3814246952533722 17
1761604431630 0.37691614031791687 18
1761604432204 0.3890892565250397 19
1761604432830 0.3890892565250397 20
1761604433380 0.3796212673187256 21
1761604433990 0.3764652907848358 22
1761604434504 0.3683498501777649 23
1761604435033 0.3841298520565033 24
1761604435562 0.36609557271003723 25
1761604436186 0.38097384572029114 26
1761604436718 0.38638412952423096 27
1761604437292 0.37150585651397705 28
1761604437871 0.3773669898509979 29
1761604438524 0.3890892565250397 30
1761604439053 0.38097384572029114 31
1761604439579 0.3890892565250397 32
1761604440082 0.3814246952533722 33
1761604440589 0.38367900252342224 34
1761604441225 0.38548243045806885 35
1761604441793 0.3764652907848358 36
1761604442319 0.38097384572029114 37
1761604442861 0.3890892565250397 38
1761604443445 0.3782687187194824 39
1761604444037 0.3787195682525635 40
1761604444580 0.3890892565250397 41
1761604445144 0.3823264241218567 42
1761604445730 0.37691614031791687 43
1761604446332 0.37330928444862366 44
1761604446933 0.3764652907848358 45
1761604447496 0.37691614031791687 46
1761604448085 0.3805229961872101 47
1761604448624 0.38097384572029114 48
1761604449161 0.37511271238327026 49
1761604421897 0.36113616824150085 0
