1761604421897 1.122106909751892 0
1761604422479 1.1121034622192383 1
1761604423031 1.107590913772583 2
1761604423597 1.0972001552581787 3
1761604424177 1.1069480180740356 4
1761604424753 1.0923904180526733 5
1761604425294 1.0944249629974365 6
1761604425824 1.0942533016204834 7
1761604426349 1.0962247848510742 8
1761604426865 1.0912407636642456 9
1761604427389 1.0921381711959839 10
1761604427899 1.0899358987808228 11
1761604428424 1.0905349254608154 12
1761604428949 1.0884183645248413 13
1761604429480 1.091903567314148 14
1761604430025 1.0908161401748657 15
1761604430548 1.0894533395767212 16
1761604431060 1.0889737606048584 17
1761604431630 1.0907306671142578 18
1761604432204 1.090163230895996 19
1761604432830 1.0905712842941284 20
1761604433380 1.0927515029907227 21
1761604433990 1.0900276899337769 22
1761604434504 1.0915021896362305 23
1761604435033 1.08938467502594 24
1761604435562 1.0892471075057983 25
1761604436186 1.0916907787322998 26
1761604436718 1.08953857421875 27
1761604437292 1.0914711952209473 28
1761604437871 1.0908571481704712 29
1761604438524 1.0900517702102661 30
1761604439053 1.0902049541473389 31
1761604439579 1.0889503955841064 32
1761604440082 1.089141607284546 33
1761604440589 1.0905752182006836 34
1761604441225 1.0895438194274902 35
1761604441793 1.0896297693252563 36
1761604442319 1.0910807847976685 37
1761604442861 1.0902231931686401 38
1761604443445 1.0915555953979492 39
1761604444037 1.0901453495025635 40
1761604444580 1.0910040140151978 41
1761604445144 1.089383840560913 42
1761604445730 1.09098219871521 43
1761604446332 1.0908528566360474 44
1761604446933 1.0880547761917114 45
1761604447496 1.0906776189804077 46
1761604448085 1.0903726816177368 47
1761604448624 1.0900014638900757 48
1761604449161 1.0907920598983765 49
1761604421897 1.122106909751892 0
