1761517144609 0.8891551494598389 0
1761517145098 0.8797762393951416 1
1761517145517 0.8743759393692017 2
1761517145950 0.8817107677459717 3
1761517146349 0.8782576322555542 4
1761517146752 0.8774957656860352 5
1761517147154 0.8773056268692017 6
1761517147558 0.8789101243019104 7
1761517147962 0.8734619617462158 8
1761517148360 0.8774895071983337 9
1761517148768 0.8758258819580078 10
1761517149175 0.8747022151947021 11
1761517149580 0.8739072680473328 12
1761517149987 0.8780701756477356 13
1761517150389 0.8744645118713379 14
1761517150794 0.8808045983314514 15
1761517151197 0.8737170696258545 16
1761517151604 0.8751457333564758 17
1761517152007 0.8747603297233582 18
1761517152405 0.8743491172790527 19
1761517152808 0.8764578700065613 20
1761517153213 0.8732085824012756 21
1761517153623 0.8741349577903748 22
1761517154029 0.8733609914779663 23
1761517154438 0.8738636374473572 24
1761517154849 0.8746936321258545 25
1761517155260 0.8746533393859863 26
1761517155667 0.8745357394218445 27
1761517156077 0.8753498196601868 28
1761517156486 0.8742907643318176 29
1761517156908 0.8742250800132751 30
1761517157301 0.8742910623550415 31
1761517157710 0.8755722641944885 32
1761517158112 0.8740216493606567 33
1761517158529 0.874176561832428 34
1761517158944 0.8743821978569031 35
1761517159356 0.8737375736236572 36
1761517159747 0.8739172220230103 37
1761517160157 0.8741483092308044 38
1761517160571 0.8728346228599548 39
1761517160984 0.8763142824172974 40
1761517161393 0.8749348521232605 41
1761517161796 0.8738328218460083 42
1761517162202 0.8746840357780457 43
1761517162609 0.8746738433837891 44
1761517163020 0.8734989762306213 45
1761517163429 0.8744648694992065 46
1761517163837 0.874150812625885 47
1761517164230 0.874820351600647 48
1761517164625 0.8734423518180847 49
1761517144609 0.8891551494598389 0
