1761502620902 0.5232086777687073 0
1761502623264 0.519603431224823 1
1761502625068 0.5529517531394958 2
1761502626500 0.5935105681419373 3
1761502627640 0.6079314947128296 4
1761502629156 0.5993691086769104 5
1761502630500 0.6340693831443787 6
1761502631686 0.6358720064163208 7
1761502632845 0.6507436037063599 8
1761502634255 0.6538981795310974 9
1761502635650 0.6813880205154419 10
1761502636963 0.6809373497962952 11
1761502638367 0.69220370054245 12
1761502639599 0.7097792029380798 13
1761502640886 0.7115817666053772 14
1761502642052 0.7368183732032776 15
1761502643321 0.7368183732032776 16
1761502645064 0.7305092215538025 17
1761502646401 0.7561964988708496 18
1761502648064 0.742226243019104 19
1761502649581 0.7593510746955872 20
1761502651331 0.7688148021697998 21
1761502652577 0.7787291407585144 22
1761502654364 0.7800810933113098 23
1761502656008 0.8057683706283569 24
1761502657445 0.8030644655227661 25
1761502659129 0.8116268515586853 26
1761502661530 0.8260477781295776 27
1761502662902 0.8201892971992493 28
1761502664327 0.8346101641654968 29
1761502665512 0.8337088823318481 30
1761502666644 0.8427219390869141 31
1761502667794 0.836412787437439 32
1761502668980 0.8548895716667175 33
1761502670246 0.8445245623588562 34
1761502671398 0.8598467707633972 35
1761502672683 0.8611987233161926 36
1761502674649 0.8639026880264282 37
1761502676959 0.8742676973342896 38
1761502679046 0.8679585456848145 39
1761502681111 0.8850833773612976 40
1761502683142 0.8859846591949463 41
1761502685311 0.8751689791679382 42
1761502687336 0.8904911875724792 43
1761502688712 0.8873366117477417 44
1761502691148 0.8972510099411011 45
1761502693347 0.9035601615905762 46
1761502695642 0.8904911875724792 47
1761502697264 0.9080666899681091 48
1761502699591 0.906264066696167 49
1761502620902 0.5232086777687073 0
