1761502620902 0.8058347702026367 0
1761502623264 0.7800599336624146 1
1761502625068 0.7670527696609497 2
1761502626500 0.7443181872367859 3
1761502627640 0.7320807576179504 4
1761502629156 0.7272560000419617 5
1761502630500 0.7069145441055298 6
1761502631686 0.6998248100280762 7
1761502632845 0.6892760396003723 8
1761502634255 0.6708692908287048 9
1761502635650 0.6589699387550354 10
1761502636963 0.6448718309402466 11
1761502638367 0.6421331763267517 12
1761502639599 0.6256600022315979 13
1761502640886 0.6046974658966064 14
1761502642052 0.5927636623382568 15
1761502643321 0.5774024724960327 16
1761502645064 0.5676023960113525 17
1761502646401 0.5491509437561035 18
1761502648064 0.5437542200088501 19
1761502649581 0.5283962488174438 20
1761502651331 0.5092853307723999 21
1761502652577 0.4934423565864563 22
1761502654364 0.48408976197242737 23
1761502656008 0.4576173722743988 24
1761502657445 0.4584580659866333 25
1761502659129 0.4358828663825989 26
1761502661530 0.4170762002468109 27
1761502662902 0.4296392500400543 28
1761502664327 0.3941251337528229 29
1761502665512 0.38611382246017456 30
1761502666644 0.37624573707580566 31
1761502667794 0.37452006340026855 32
1761502668980 0.33679962158203125 33
1761502670246 0.34498727321624756 34
1761502671398 0.32920634746551514 35
1761502672683 0.3166228234767914 36
1761502674649 0.31586942076683044 37
1761502676959 0.29358965158462524 38
1761502679046 0.30936452746391296 39
1761502681111 0.2706834375858307 40
1761502683142 0.27154266834259033 41
1761502685311 0.283316433429718 42
1761502687336 0.25541189312934875 43
1761502688712 0.24792535603046417 44
1761502691148 0.2409096658229828 45
1761502693347 0.2371789813041687 46
1761502695642 0.25265705585479736 47
1761502697264 0.2221982181072235 48
1761502699591 0.2240777313709259 49
1761502620902 0.8058347702026367 0
