1761607292194 0.4120829701423645 0
1761607292514 0.43868350982666016 1
1761607292823 0.4346257746219635 2
1761607293109 0.43237149715423584 3
1761607293397 0.4504057765007019 4
1761607293683 0.45671775937080383 5
1761607293969 0.4562669098377228 6
1761607294260 0.4540126323699951 7
1761607294549 0.4711451828479767 8
1761607294837 0.47520288825035095 9
1761607295124 0.47700631618499756 10
1761607295415 0.4747520387172699 11
1761607295689 0.4878268837928772 12
1761607295977 0.4927862882614136 13
1761607296257 0.48827773332595825 14
1761607296541 0.49774572253227234 15
1761607296823 0.5013525485992432 16
1761607297111 0.5103697180747986 17
1761607297396 0.515779972076416 18
1761607297680 0.5 19
1761607297963 0.5135257244110107 20
1761607298236 0.533363401889801 21
1761607298519 0.5261496901512146 22
1761607298807 0.5297565460205078 23
1761607299092 0.5405771136283875 24
1761607299381 0.533363401889801 25
1761607299663 0.5536519289016724 26
1761607299992 0.547339916229248 27
1761607300278 0.5396753549575806 28
1761607300567 0.5464382171630859 29
1761607300843 0.5721370577812195 30
1761607301111 0.5712353587150574 31
1761607301386 0.5626690983772278 32
1761607301659 0.5734896063804626 33
1761607301949 0.5761947631835938 34
1761607302235 0.5716862082481384 35
1761607302519 0.597385048866272 36
1761607302806 0.5982867479324341 37
1761607303091 0.6154192686080933 38
1761607303379 0.6149684190750122 39
1761607303661 0.6122633218765259 40
1761607303946 0.628494143486023 41
1761607304231 0.6239855885505676 42
1761607304516 0.6221821308135986 43
1761607304804 0.6451758146286011 44
1761607305091 0.6433724164962769 45
1761607305379 0.6384130120277405 46
1761607305663 0.6456266641616821 47
1761607305950 0.661857545375824 48
1761607306234 0.6740306615829468 49
1761607292194 0.4120829701423645 0
