1761607292194 1.086187481880188 0
1761607292514 1.0530242919921875 1
1761607292823 1.0482017993927002 2
1761607293109 1.0476016998291016 3
1761607293397 1.0367988348007202 4
1761607293683 1.033470869064331 5
1761607293969 1.0322904586791992 6
1761607294260 1.028450846672058 7
1761607294549 1.0227006673812866 8
1761607294837 1.0207117795944214 9
1761607295124 1.0102978944778442 10
1761607295415 1.0180920362472534 11
1761607295689 1.0046201944351196 12
1761607295977 1.003237247467041 13
1761607296257 0.9991812705993652 14
1761607296541 1.0000691413879395 15
1761607296823 0.9878702163696289 16
1761607297111 0.9808647632598877 17
1761607297396 0.9679883122444153 18
1761607297680 0.9834205508232117 19
1761607297963 0.975869357585907 20
1761607298236 0.9599114060401917 21
1761607298519 0.9495216608047485 22
1761607298807 0.9507812261581421 23
1761607299092 0.9376137852668762 24
1761607299381 0.9384820461273193 25
1761607299663 0.9201686978340149 26
1761607299992 0.9301232695579529 27
1761607300278 0.9227188229560852 28
1761607300567 0.9089082479476929 29
1761607300843 0.8933396339416504 30
1761607301111 0.8932492733001709 31
1761607301386 0.8965542912483215 32
1761607301659 0.881389856338501 33
1761607301949 0.8804575800895691 34
1761607302235 0.8790681958198547 35
1761607302519 0.8476603627204895 36
1761607302806 0.852000892162323 37
1761607303091 0.8333331346511841 38
1761607303379 0.832169234752655 39
1761607303661 0.8226236701011658 40
1761607303946 0.8072355389595032 41
1761607304231 0.7966048717498779 42
1761607304516 0.8046777844429016 43
1761607304804 0.775084376335144 44
1761607305091 0.770841658115387 45
1761607305379 0.7684041261672974 46
1761607305663 0.7469082474708557 47
1761607305950 0.7377231121063232 48
1761607306234 0.7189772725105286 49
1761607292194 1.086187481880188 0
