1761516653560 0.43533122539520264 0
1761516653804 0.4664263129234314 1
1761516654026 0.474988728761673 2
1761516654245 0.47949525713920593 3
1761516654464 0.48760703206062317 4
1761516654679 0.4970707595348358 5
1761516654892 0.5011266469955444 6
1761516655120 0.504281222820282 7
1761516655341 0.5114916563034058 8
1761516655558 0.5205047130584717 9
1761516655779 0.5295178294181824 10
1761516656002 0.5317710638046265 11
1761516656214 0.5299684405326843 12
1761516656428 0.5425867438316345 13
1761516656644 0.5448400378227234 14
1761516656854 0.5484452247619629 15
1761516657063 0.5601622462272644 16
1761516657282 0.5556557178497314 17
1761516657492 0.569625973701477 18
1761516657702 0.570076584815979 19
1761516657915 0.5709779262542725 20
1761516658125 0.5804416537284851 21
1761516658341 0.5858494639396667 22
1761516658550 0.5890040397644043 23
1761516658765 0.5935105681419373 24
1761516658982 0.5962145328521729 25
1761516659198 0.6169445514678955 26
1761516659410 0.604776918888092 27
1761516659626 0.604776918888092 28
1761516659840 0.6097341179847717 29
1761516660051 0.6097341179847717 30
1761516660263 0.6250563263893127 31
1761516660475 0.6232537031173706 32
1761516660693 0.6363226771354675 33
1761516660911 0.6250563263893127 34
1761516661128 0.6259576678276062 35
1761516661345 0.6367733478546143 36
1761516661561 0.6403785347938538 37
1761516661772 0.6381253004074097 38
1761516661985 0.6507436037063599 39
1761516662196 0.6466876864433289 40
1761516662424 0.652996838092804 41
1761516662642 0.6629112362861633 42
1761516662864 0.6557007431983948 43
1761516663075 0.6489409804344177 44
1761516663285 0.6561514139175415 45
1761516663515 0.6611086130142212 46
1761516663793 0.6651644706726074 47
1761516664035 0.6710230112075806 48
1761516664264 0.6705723404884338 49
1761516653560 0.43533122539520264 0
