1761465698377 0.3794502019882202 0
1761465700068 0.4019828736782074 1
1761465701197 0.42181164026260376 2
1761465702715 0.4168544411659241 3
1761465704652 0.41910770535469055 4
1761465706121 0.4420910179615021 5
1761465707399 0.43938711285591125 6
1761465708795 0.46732762455940247 7
1761465710681 0.45921584963798523 8
1761465712154 0.4713835120201111 9
1761465713431 0.4700315594673157 10
1761465715016 0.49346551299095154 11
1761465716733 0.4916629195213318 12
1761465718121 0.49256423115730286 13
1761465719393 0.5078864097595215 14
1761465720857 0.5227580070495605 15
1761465722528 0.5187020897865295 16
1761465723990 0.5479946136474609 17
1761465725384 0.5466426610946655 18
1761465727179 0.5525011420249939 19
1761465728585 0.5570076704025269 20
1761465730056 0.5781883597373962 21
1761465731480 0.5899053812026978 22
1761465733307 0.5890040397644043 23
1761465734821 0.5817936062812805 24
1761465736083 0.6016223430633545 25
1761465737504 0.6228030920028687 26
1761465739307 0.6200991272926331 27
1761465740723 0.6444344520568848 28
1761465742048 0.659305989742279 29
1761465743591 0.6674177646636963 30
1761465745156 0.6714736223220825 31
1761465746648 0.6714736223220825 32
1761465748021 0.6827399730682373 33
1761465749577 0.7052726745605469 34
1761465751531 0.7088778614997864 35
1761465753101 0.7255520224571228 36
1761465754270 0.7102298140525818 37
1761465755444 0.7408742904663086 38
1761465757074 0.7399729490280151 39
1761465758542 0.7674628496170044 40
1761465759827 0.7715187072753906 41
1761465761216 0.785939633846283 42
1761465762680 0.8021631240844727 43
1761465764636 0.8066696524620056 44
1761465765999 0.7913474440574646 45
1761465767381 0.8003605008125305 46
1761465769225 0.8255971074104309 47
1761465770915 0.8278504014015198 48
1761465772141 0.8359621167182922 49
1761465698377 0.3794502019882202 0
