1761465698377 1.097532033920288 0
1761465700068 1.0818603038787842 1
1761465701197 1.0740488767623901 2
1761465702715 1.070287823677063 3
1761465704652 1.0728309154510498 4
1761465706121 1.061551570892334 5
1761465707399 1.0504294633865356 6
1761465708795 1.0451414585113525 7
1761465710681 1.043224811553955 8
1761465712154 1.0240775346755981 9
1761465713431 1.0329976081848145 10
1761465715016 1.012607455253601 11
1761465716733 1.0114109516143799 12
1761465718121 1.006701946258545 13
1761465719393 0.9899677634239197 14
1761465720857 0.9773393869400024 15
1761465722528 0.9787779450416565 16
1761465723990 0.9527384638786316 17
1761465725384 0.9433636665344238 18
1761465727179 0.9401006102561951 19
1761465728585 0.924898624420166 20
1761465730056 0.9096195101737976 21
1761465731480 0.8922576308250427 22
1761465733307 0.8722167611122131 23
1761465734821 0.8806113004684448 24
1761465736083 0.8491970896720886 25
1761465737504 0.8296726942062378 26
1761465739307 0.8052647113800049 27
1761465740723 0.7926064133644104 28
1761465742048 0.7677867412567139 29
1761465743591 0.7437183856964111 30
1761465745156 0.7388069033622742 31
1761465746648 0.7290099859237671 32
1761465748021 0.7063973546028137 33
1761465749577 0.6769885420799255 34
1761465751531 0.6573361754417419 35
1761465753101 0.616910994052887 36
1761465754270 0.6257766485214233 37
1761465755444 0.5859070420265198 38
1761465757074 0.5811383724212646 39
1761465758542 0.5526092648506165 40
1761465759827 0.5290968418121338 41
1761465761216 0.5016265511512756 42
1761465762680 0.4852771759033203 43
1761465764636 0.4592045843601227 44
1761465765999 0.48425671458244324 45
1761465767381 0.45551398396492004 46
1761465769225 0.42009660601615906 47
1761465770915 0.3995535671710968 48
1761465772141 0.385571151971817 49
1761465698377 1.097532033920288 0
