1761517017808 0.5412347912788391 0
1761517018060 0.5452906489372253 1
1761517018272 0.5466426610946655 2
1761517018539 0.5520504713058472 3
1761517018765 0.5506985187530518 4
1761517018997 0.5556557178497314 5
1761517019209 0.5610635280609131 6
1761517019421 0.5651194453239441 7
1761517019651 0.5574583411216736 8
1761517019879 0.5727805495262146 9
1761517020119 0.5732311606407166 10
1761517020334 0.5849481821060181 11
1761517020545 0.5872014164924622 12
1761517020761 0.5835962295532227 13
1761517020973 0.5899053812026978 14
1761517021182 0.5853988528251648 15
1761517021394 0.6002703905105591 16
1761517021606 0.6061288714408875 17
1761517021821 0.608832836151123 18
1761517022033 0.6029742956161499 19
1761517022253 0.6101847887039185 20
1761517022467 0.6155925989151001 21
1761517022677 0.6115367412567139 22
1761517022890 0.624605655670166 23
1761517023103 0.6219017505645752 24
1761517023318 0.6241550445556641 25
1761517023534 0.6295628547668457 26
1761517023746 0.6237043738365173 27
1761517023958 0.624605655670166 28
1761517024171 0.629112184047699 29
1761517024391 0.6345200538635254 30
1761517024602 0.624605655670166 31
1761517024813 0.6408292055130005 32
1761517025024 0.6426318287849426 33
1761517025235 0.6390265822410583 34
1761517025450 0.6480396389961243 35
1761517025661 0.6511942148208618 36
1761517025873 0.6538981795310974 37
1761517026086 0.6615592837333679 38
1761517026298 0.6624605655670166 39
1761517026506 0.6602072715759277 40
1761517026718 0.659305989742279 41
1761517026931 0.6656151413917542 42
1761517027144 0.6768814921379089 43
1761517027356 0.6687697172164917 44
1761517027568 0.6615592837333679 45
1761517027781 0.6728255748748779 46
1761517027991 0.6642631888389587 47
1761517028200 0.6732762455940247 48
1761517028412 0.6845425963401794 49
1761517017808 0.5412347912788391 0
