1761517017808 0.9960668087005615 0
1761517018060 0.9687581658363342 1
1761517018272 0.9599322080612183 2
1761517018539 0.9545589089393616 3
1761517018765 0.9474065899848938 4
1761517018997 0.9401799440383911 5
1761517019209 0.937105655670166 6
1761517019421 0.9303754568099976 7
1761517019651 0.9328578114509583 8
1761517019879 0.9214034676551819 9
1761517020119 0.9145782589912415 10
1761517020334 0.9077956676483154 11
1761517020545 0.9015525579452515 12
1761517020761 0.8992366790771484 13
1761517020973 0.8900257349014282 14
1761517021182 0.8859105110168457 15
1761517021394 0.880107045173645 16
1761517021606 0.8745962381362915 17
1761517021821 0.8636327981948853 18
1761517022033 0.8673268556594849 19
1761517022253 0.8590234518051147 20
1761517022467 0.8501207828521729 21
1761517022677 0.8481184840202332 22
1761517022890 0.8396868109703064 23
1761517023103 0.8312941193580627 24
1761517023318 0.8274145126342773 25
1761517023534 0.825448751449585 26
1761517023746 0.822133481502533 27
1761517023958 0.8221124410629272 28
1761517024171 0.8112897276878357 29
1761517024391 0.8081314563751221 30
1761517024602 0.8071998953819275 31
1761517024813 0.7934896349906921 32
1761517025024 0.7897992134094238 33
1761517025235 0.7943516969680786 34
1761517025450 0.7873120307922363 35
1761517025661 0.7788200378417969 36
1761517025873 0.7707573175430298 37
1761517026086 0.7694944739341736 38
1761517026298 0.7627730369567871 39
1761517026506 0.7595898509025574 40
1761517026718 0.7587486505508423 41
1761517026931 0.7481571435928345 42
1761517027144 0.739673376083374 43
1761517027356 0.7416762113571167 44
1761517027568 0.7476500868797302 45
1761517027781 0.7431051135063171 46
1761517027991 0.7467194199562073 47
1761517028200 0.7238269448280334 48
1761517028412 0.7167181968688965 49
1761517017808 0.9960668087005615 0
