1761468655289 0.40119314193725586 0
1761468656458 0.4429530203342438 1
1761468657755 0.47576436400413513 2
1761468658749 0.47054436802864075 3
1761468659636 0.4839671850204468 4
1761468660377 0.5041013956069946 5
1761468661129 0.49515286087989807 6
1761468661936 0.5137956738471985 7
1761468663297 0.5257270932197571 8
1761468664780 0.5316927433013916 9
1761468665660 0.5495898723602295 10
1761468666541 0.5391498804092407 11
1761468667512 0.5764355063438416 12
1761468668383 0.5734526515007019 13
1761468669842 0.5853840708732605 14
1761468671267 0.6070097088813782 15
1761468672074 0.6092468500137329 16
1761468672781 0.6234153509140015 17
1761468673613 0.6495152711868286 18
1761468674379 0.6398210525512695 19
1761468675551 0.645786702632904 20
1761468676660 0.6726323366165161 21
1761468677589 0.6853094696998596 22
1761468678360 0.6897837519645691 23
1761468679387 0.6935123205184937 24
1761468680333 0.7076808214187622 25
1761468681679 0.7017151117324829 26
1761468682881 0.7240865230560303 27
1761468683755 0.7069351077079773 28
1761468684471 0.7069351077079773 29
1761468685184 0.7270693778991699 30
1761468685973 0.7516778707504272 31
1761468687250 0.7464578747749329 32
1761468688369 0.7621178030967712 33
1761468689406 0.7524235844612122 34
1761468690134 0.7568978667259216 35
1761468690901 0.7568978667259216 36
1761468691663 0.7472035884857178 37
1761468692661 0.77255779504776 38
1761468693733 0.8016405701637268 39
1761468694910 0.7733035087585449 40
1761468695823 0.7665920853614807 41
1761468696602 0.7844892144203186 42
1761468697331 0.7829977869987488 43
1761468698173 0.7971662878990173 44
1761468699358 0.808351993560791 45
1761468700476 0.8128262758255005 46
1761468701550 0.808351993560791 47
1761468702429 0.7994034290313721 48
1761468703121 0.7949291467666626 49
1761468655289 0.40119314193725586 0
