1761468655289 1.0736150741577148 0
1761468656458 1.045872449874878 1
1761468657755 1.038149356842041 2
1761468658749 1.0296329259872437 3
1761468659636 1.0130048990249634 4
1761468660377 1.0003753900527954 5
1761468661129 0.9825068116188049 6
1761468661936 0.9768168330192566 7
1761468663297 0.9532768130302429 8
1761468664780 0.9312711358070374 9
1761468665660 0.9209048748016357 10
1761468666541 0.9100074172019958 11
1761468667512 0.8703057169914246 12
1761468668383 0.8680062890052795 13
1761468669842 0.8513293862342834 14
1761468671267 0.8293147683143616 15
1761468672074 0.8279274702072144 16
1761468672781 0.7937546968460083 17
1761468673613 0.7596682906150818 18
1761468674379 0.7632997035980225 19
1761468675551 0.7594157457351685 20
1761468676660 0.7214654684066772 21
1761468677589 0.6962051391601562 22
1761468678360 0.6758331060409546 23
1761468679387 0.665687620639801 24
1761468680333 0.632581889629364 25
1761468681679 0.6414855122566223 26
1761468682881 0.6222443580627441 27
1761468683755 0.6188744306564331 28
1761468684471 0.6229957938194275 29
1761468685184 0.6109671592712402 30
1761468685973 0.5726807713508606 31
1761468687250 0.5490687489509583 32
1761468688369 0.5440896153450012 33
1761468689406 0.5450995564460754 34
1761468690134 0.5557851791381836 35
1761468690901 0.5341974496841431 36
1761468691663 0.5500476956367493 37
1761468692661 0.5109596252441406 38
1761468693733 0.47089552879333496 39
1761468694910 0.5010425448417664 40
1761468695823 0.498241662979126 41
1761468696602 0.4745163321495056 42
1761468697331 0.46043920516967773 43
1761468698173 0.4411854147911072 44
1761468699358 0.4195770025253296 45
1761468700476 0.41709208488464355 46
1761468701550 0.4338306188583374 47
1761468702429 0.409696102142334 48
1761468703121 0.4446565508842468 49
1761468655289 1.0736150741577148 0
