1761521349323 0.5421360731124878 0
1761521350204 0.5637674331665039 1
1761521351889 0.5691753029823303 2
1761521352850 0.5849481821060181 3
1761521353945 0.5777377486228943 4
1761521355162 0.6043262481689453 5
1761521356257 0.6146913170814514 6
1761521357336 0.6273096203804016 7
1761521358244 0.6421811580657959 8
1761521359224 0.6390265822410583 9
1761521360072 0.6538981795310974 10
1761521361151 0.6701216697692871 11
1761521362173 0.6674177646636963 12
1761521363216 0.6579540371894836 13
1761521364071 0.6813880205154419 14
1761521364761 0.6773321032524109 15
1761521365665 0.7097792029380798 16
1761521366556 0.703019380569458 17
1761521367258 0.7169896364212036 18
1761521368991 0.7196935415267944 19
1761521369902 0.7282559871673584 20
1761521370701 0.7476340532302856 21
1761521371876 0.7305092215538025 22
1761521372980 0.7530419230461121 23
1761521373945 0.7534925937652588 24
1761521374735 0.7602523565292358 25
1761521375660 0.7737719416618347 26
1761521376695 0.7579991221427917 27
1761521377413 0.7787291407585144 28
1761521377979 0.78143310546875 29
1761521378734 0.7809824347496033 30
1761521379449 0.7800810933113098 31
1761521380724 0.7823343873023987 32
1761521382015 0.7958539724349976 33
1761521383131 0.7913474440574646 34
1761521383713 0.8039657473564148 35
1761521384468 0.8044164180755615 36
1761521385626 0.816584050655365 37
1761521386440 0.8008111715316772 38
1761521387442 0.816584050655365 39
1761521388587 0.8269490599632263 40
1761521389513 0.8201892971992493 41
1761521390214 0.8125281929969788 42
1761521391181 0.8264984488487244 43
1761521392137 0.8192879557609558 44
1761521392951 0.8287516832351685 45
1761521394247 0.8445245623588562 46
1761521395526 0.8454258441925049 47
1761521396851 0.8431726098060608 48
1761521398013 0.831906259059906 49
1761521349323 0.5421360731124878 0
