1761533717941 0.5173501372337341 0
1761533718170 0.5691753029823303 1
1761533718394 0.5669220089912415 2
1761533718596 0.5881027579307556 3
1761533718805 0.5989184379577637 4
1761533719016 0.5948625802993774 5
1761533719217 0.6034249663352966 6
1761533719428 0.6043262481689453 7
1761533719638 0.6106353998184204 8
1761533719888 0.6115367412567139 9
1761533720105 0.609283447265625 10
1761533720313 0.6237043738365173 11
1761533720516 0.6313654780387878 12
1761533720747 0.6394772529602051 13
1761533720980 0.6502929329872131 14
1761533721212 0.6547994613647461 15
1761533721424 0.6376746296882629 16
1761533721626 0.6525461673736572 17
1761533721828 0.6579540371894836 18
1761533722037 0.6584047079086304 19
1761533722308 0.6611086130142212 20
1761533722522 0.6858945488929749 21
1761533722719 0.6885984539985657 22
1761533722923 0.6755295395851135 23
1761533723133 0.683190643787384 24
1761533723349 0.6804866790771484 25
1761533723556 0.69220370054245 26
1761533723765 0.6953582763671875 27
1761533723975 0.7079765796661377 28
1761533724187 0.7039206624031067 29
1761533724391 0.6989635229110718 30
1761533724610 0.7169896364212036 31
1761533724838 0.7192429304122925 32
1761533725041 0.7147363424301147 33
1761533725247 0.718341588973999 34
1761533725463 0.7219468355178833 35
1761533725679 0.7187922596931458 36
1761533725890 0.7034700512886047 37
1761533726102 0.7332131862640381 38
1761533726314 0.737719714641571 39
1761533726525 0.7399729490280151 40
1761533726744 0.7255520224571228 41
1761533726955 0.7354664206504822 42
1761533727165 0.7417755722999573 43
1761533727384 0.7440288662910461 44
1761533727601 0.7372690439224243 45
1761533727812 0.7476340532302856 46
1761533728022 0.7462821006774902 47
1761533728233 0.7552951574325562 48
1761533728446 0.7579991221427917 49
1761533728666 0.7453808188438416 50
1761533728871 0.7579991221427917 51
1761533729080 0.7494366765022278 52
1761533729289 0.7530419230461121 53
1761533729494 0.7674628496170044 54
1761533729703 0.7616043090820312 55
1761533729910 0.7665615081787109 56
1761533730122 0.7679134607315063 57
1761533730329 0.7688148021697998 58
1761533730542 0.7715187072753906 59
1761533730754 0.7733213305473328 60
1761533730962 0.7543938755989075 61
1761533731170 0.7697160840034485 62
1761533731381 0.7733213305473328 63
1761533731590 0.7679134607315063 64
1761533731798 0.7737719416618347 65
1761533732004 0.7868409156799316 66
1761533732230 0.7760252356529236 67
1761533732446 0.7778278589248657 68
1761533732661 0.7832356691360474 69
1761533732869 0.7863902449607849 70
1761533733081 0.7827850580215454 71
1761533733316 0.78143310546875 72
1761533733528 0.7764759063720703 73
1761533733751 0.7890942096710205 74
1761533733974 0.7863902449607849 75
1761533734207 0.7845876812934875 76
1761533734449 0.7940513491630554 77
1761533734669 0.7841370105743408 78
1761533734885 0.7940513491630554 79
1761533735098 0.7841370105743408 80
1761533735316 0.7985579371452332 81
1761533735524 0.7917981147766113 82
1761533735746 0.7940513491630554 83
1761533735962 0.7945020198822021 84
1761533736177 0.7954033613204956 85
1761533736394 0.8044164180755615 86
1761533736608 0.7976565957069397 87
1761533736827 0.8003605008125305 88
1761533737042 0.8003605008125305 89
1761533737257 0.7963046431541443 90
1761533737469 0.7936007380485535 91
1761533737693 0.8075709939002991 92
1761533737905 0.8066696524620056 93
1761533738122 0.7945020198822021 94
1761533738336 0.8134294748306274 95
1761533738554 0.8075709939002991 96
1761533738767 0.8102748990058899 97
1761533738981 0.8197386264801025 98
1761533739188 0.8125281929969788 99
1761533717941 0.5173501372337341 0
