1761533717941 0.8830905556678772 0
1761533718170 0.826690137386322 1
1761533718394 0.8201730847358704 2
1761533718596 0.8101288676261902 3
1761533718805 0.8019769191741943 4
1761533719016 0.7983713746070862 5
1761533719217 0.7914432883262634 6
1761533719428 0.7835490107536316 7
1761533719638 0.7758274674415588 8
1761533719888 0.7750734090805054 9
1761533720105 0.7719806432723999 10
1761533720313 0.7644146680831909 11
1761533720516 0.7558324337005615 12
1761533720747 0.7498003840446472 13
1761533720980 0.7487068176269531 14
1761533721212 0.7383267879486084 15
1761533721424 0.744312047958374 16
1761533721626 0.7305548191070557 17
1761533721828 0.7268825769424438 18
1761533722037 0.7266736030578613 19
1761533722308 0.7217545509338379 20
1761533722522 0.7079686522483826 21
1761533722719 0.7096206545829773 22
1761533722923 0.703319251537323 23
1761533723133 0.7042707204818726 24
1761533723349 0.692108690738678 25
1761533723556 0.687129020690918 26
1761533723765 0.6887158155441284 27
1761533723975 0.6735299825668335 28
1761533724187 0.6754047870635986 29
1761533724391 0.6711746454238892 30
1761533724610 0.6614084839820862 31
1761533724838 0.6551692485809326 32
1761533725041 0.6507257223129272 33
1761533725247 0.6504204869270325 34
1761533725463 0.6440775394439697 35
1761533725679 0.6460415124893188 36
1761533725890 0.6517687439918518 37
1761533726102 0.6388688087463379 38
1761533726314 0.6363163590431213 39
1761533726525 0.6209395527839661 40
1761533726744 0.6262559294700623 41
1761533726955 0.6178075075149536 42
1761533727165 0.6149318814277649 43
1761533727384 0.6096206903457642 44
1761533727601 0.6093825101852417 45
1761533727812 0.6062625050544739 46
1761533728022 0.600959300994873 47
1761533728233 0.5989440083503723 48
1761533728446 0.5937203764915466 49
1761533728666 0.5880929827690125 50
1761533728871 0.5948278903961182 51
1761533729080 0.5924592614173889 52
1761533729289 0.5940818190574646 53
1761533729494 0.5815800428390503 54
1761533729703 0.5787563323974609 55
1761533729910 0.5712215900421143 56
1761533730122 0.572525143623352 57
1761533730329 0.568347692489624 58
1761533730542 0.5635515451431274 59
1761533730754 0.5590071678161621 60
1761533730962 0.5773760676383972 61
1761533731170 0.5584424734115601 62
1761533731381 0.5498918294906616 63
1761533731590 0.5619072318077087 64
1761533731798 0.5499587059020996 65
1761533732004 0.5407326817512512 66
1761533732230 0.5493497848510742 67
1761533732446 0.5480886697769165 68
1761533732661 0.5420607924461365 69
1761533732869 0.535031795501709 70
1761533733081 0.5364402532577515 71
1761533733316 0.5358593463897705 72
1761533733528 0.5453314781188965 73
1761533733751 0.5336298942565918 74
1761533733974 0.5260375142097473 75
1761533734207 0.5250327587127686 76
1761533734449 0.5162081718444824 77
1761533734669 0.5318386554718018 78
1761533734885 0.5127354860305786 79
1761533735098 0.5284410119056702 80
1761533735316 0.5142965316772461 81
1761533735524 0.5200644731521606 82
1761533735746 0.514269232749939 83
1761533735962 0.5026575922966003 84
1761533736177 0.5061594843864441 85
1761533736394 0.5030896663665771 86
1761533736608 0.4996871054172516 87
1761533736827 0.4958440065383911 88
1761533737042 0.499409943819046 89
1761533737257 0.5077362656593323 90
1761533737469 0.5062615871429443 91
1761533737693 0.4875696897506714 92
1761533737905 0.49627527594566345 93
1761533738122 0.4914691150188446 94
1761533738336 0.4807000160217285 95
1761533738554 0.48061200976371765 96
1761533738767 0.4805144667625427 97
1761533738981 0.4785347282886505 98
1761533739188 0.47642892599105835 99
1761533717941 0.8830905556678772 0
