1761597658887 0.5063120126724243 0
1761597659363 0.5013525485992432 1
1761597659805 0.5234445333480835 2
1761597660235 0.5234445333480835 3
1761597660690 0.5234445333480835 4
1761597661122 0.5234445333480835 5
1761597661565 0.5234445333480835 6
1761597662014 0.5234445333480835 7
1761597662454 0.5234445333480835 8
1761597662891 0.5234445333480835 9
1761597663346 0.5234445333480835 10
1761597663771 0.5234445333480835 11
1761597664206 0.5234445333480835 12
1761597664640 0.5234445333480835 13
1761597665088 0.5243462324142456 14
1761597665502 0.5234445333480835 15
1761597665916 0.5229936838150024 16
1761597666585 0.5238953828811646 17
1761597667020 0.5234445333480835 18
1761597667419 0.5275022387504578 19
1761597667826 0.5234445333480835 20
1761597668348 0.5270513892173767 21
1761597668763 0.5284039378166199 22
1761597669191 0.5279530882835388 23
1761597669604 0.533363401889801 24
1761597670037 0.5189359784126282 25
1761597670442 0.5229936838150024 26
1761597670861 0.5252479910850525 27
1761597671280 0.5302073955535889 28
1761597671702 0.5216411352157593 29
1761597672128 0.5202885270118713 30
1761597672628 0.5256988406181335 31
1761597673124 0.5266005396842957 32
1761597673583 0.5302073955535889 33
1761597674084 0.5234445333480835 34
1761597674484 0.5266005396842957 35
1761597674905 0.5275022387504578 36
1761597675317 0.5198376774787903 37
1761597675757 0.5207393765449524 38
1761597676141 0.5284039378166199 39
1761597676601 0.5266005396842957 40
1761597677043 0.5211902856826782 41
1761597677455 0.5207393765449524 42
1761597677969 0.5216411352157593 43
1761597678475 0.5261496901512146 44
1761597678940 0.5193868279457092 45
1761597679380 0.5275022387504578 46
1761597680024 0.5216411352157593 47
1761597680444 0.5256988406181335 48
1761597680919 0.5302073955535889 49
1761597658887 0.5063120126724243 0
