1761606613771 1.2107347249984741 0
1761606614013 1.0057846307754517 1
1761606614232 1.0057129859924316 2
1761606614440 1.0026665925979614 3
1761606614649 1.0006228685379028 4
1761606614870 0.9994811415672302 5
1761606615084 1.000035047531128 6
1761606615296 0.9965113401412964 7
1761606615511 0.9984004497528076 8
1761606615729 0.9964378476142883 9
1761606615939 0.995663583278656 10
1761606616151 0.9941661357879639 11
1761606616362 0.9933865070343018 12
1761606616570 0.9956552386283875 13
1761606616785 0.9948177933692932 14
1761606617000 0.9929813146591187 15
1761606617212 0.991390585899353 16
1761606617422 0.9918611645698547 17
1761606617633 0.9913050532341003 18
1761606617909 0.9908387660980225 19
1761606618112 0.9935803413391113 20
1761606618326 0.9915704131126404 21
1761606618538 0.990946352481842 22
1761606618747 0.9895117282867432 23
1761606618958 0.9888074994087219 24
1761606619162 0.9879921078681946 25
1761606619370 0.9881556630134583 26
1761606619583 0.9888051748275757 27
1761606619795 0.9862696528434753 28
1761606620005 0.9890943765640259 29
1761606620215 0.9895270466804504 30
1761606620430 0.9857132434844971 31
1761606620638 0.9850871562957764 32
1761606620845 0.9849690794944763 33
1761606621053 0.9852811098098755 34
1761606621260 0.9814907908439636 35
1761606621469 0.9830804467201233 36
1761606621678 0.9811756610870361 37
1761606621889 0.9837308526039124 38
1761606622092 0.9805821180343628 39
1761606622304 0.9793082475662231 40
1761606622534 0.9806340932846069 41
1761606622742 0.9796821475028992 42
1761606622965 0.9766698479652405 43
1761606623177 0.9807351231575012 44
1761606623386 0.974744439125061 45
1761606623597 0.9750483632087708 46
1761606623809 0.9739747047424316 47
1761606624025 0.972438633441925 48
1761606624231 0.9716023206710815 49
1761606613771 1.2107347249984741 0
