1761516881934 0.5344749689102173 0
1761516882889 0.5407841205596924 1
1761516883810 0.5448400378227234 2
1761516884735 0.5511491894721985 3
1761516885594 0.5574583411216736 4
1761516886471 0.5624154806137085 5
1761516887358 0.5664713978767395 6
1761516888240 0.5678233504295349 7
1761516889124 0.5863001346588135 8
1761516890011 0.578639030456543 9
1761516890888 0.5921586155891418 10
1761516891760 0.5858494639396667 11
1761516892622 0.6128886938095093 12
1761516893499 0.5953131914138794 13
1761516894450 0.6282109022140503 14
1761516895340 0.6354213356971741 15
1761516896214 0.6241550445556641 16
1761516897118 0.6417304873466492 17
1761516898068 0.6480396389961243 18
1761516898990 0.6615592837333679 19
1761516899896 0.6710230112075806 20
1761516900869 0.6611086130142212 21
1761516901832 0.6786841154098511 22
1761516902791 0.6813880205154419 23
1761516903762 0.6989635229110718 24
1761516904828 0.69220370054245 25
1761516905932 0.7061739563941956 26
1761516907005 0.7102298140525818 27
1761516907915 0.7219468355178833 28
1761516908774 0.718341588973999 29
1761516909696 0.7354664206504822 30
1761516910575 0.7246507406234741 31
1761516911443 0.7539432048797607 32
1761516912315 0.7462821006774902 33
1761516913198 0.7485353946685791 34
1761516914082 0.7566471099853516 35
1761516914949 0.7841370105743408 36
1761516915815 0.772870659828186 37
1761516916695 0.7863902449607849 38
1761516917614 0.7913474440574646 39
1761516918504 0.8039657473564148 40
1761516919388 0.7990085482597351 41
1761516920293 0.8116268515586853 42
1761516921162 0.8251464366912842 43
1761516922052 0.8228932023048401 44
1761516922931 0.8192879557609558 45
1761516923849 0.8341595530509949 46
1761516924765 0.84046870470047 47
1761516925662 0.8458765149116516 48
1761516926552 0.8323569297790527 49
1761516881934 0.5344749689102173 0
