1761516881934 1.0040451288223267 0
1761516882889 0.9813568592071533 1
1761516883810 0.9651533365249634 2
1761516884735 0.9623978137969971 3
1761516885594 0.9478200078010559 4
1761516886471 0.9324963688850403 5
1761516887358 0.9325310587882996 6
1761516888240 0.9146674871444702 7
1761516889124 0.9101651310920715 8
1761516890011 0.8954270482063293 9
1761516890888 0.8826852440834045 10
1761516891760 0.8823408484458923 11
1761516892622 0.8482552766799927 12
1761516893499 0.8446987271308899 13
1761516894450 0.8299403786659241 14
1761516895340 0.8089549541473389 15
1761516896214 0.7956773042678833 16
1761516897118 0.7857238054275513 17
1761516898068 0.7701042294502258 18
1761516898990 0.7557615637779236 19
1761516899896 0.7385811805725098 20
1761516900869 0.7449675798416138 21
1761516901832 0.7149059176445007 22
1761516902791 0.6856262683868408 23
1761516903762 0.678767740726471 24
1761516904828 0.6677809953689575 25
1761516905932 0.655269980430603 26
1761516907005 0.6405491828918457 27
1761516907915 0.6450298428535461 28
1761516908774 0.6148732900619507 29
1761516909696 0.5954276323318481 30
1761516910575 0.6090359091758728 31
1761516911443 0.5493132472038269 32
1761516912315 0.5662219524383545 33
1761516913198 0.5494773387908936 34
1761516914082 0.5268017053604126 35
1761516914949 0.4834507405757904 36
1761516915815 0.4804075360298157 37
1761516916695 0.4733583629131317 38
1761516917614 0.46692851185798645 39
1761516918504 0.4431438744068146 40
1761516919388 0.43931230902671814 41
1761516920293 0.4208217263221741 42
1761516921162 0.4088447093963623 43
1761516922052 0.39910897612571716 44
1761516922931 0.38125985860824585 45
1761516923849 0.37963011860847473 46
1761516924765 0.3609640300273895 47
1761516925662 0.34781649708747864 48
1761516926552 0.3604309856891632 49
1761516881934 1.0040451288223267 0
