1761607073283 0.4039675295352936 0
1761607074262 0.4319206476211548 1
1761607075195 0.43507665395736694 2
1761607076118 0.4679891765117645 3
1761607077008 0.47700631618499756 4
1761607077897 0.5162308216094971 5
1761607078814 0.5130748152732849 6
1761607079717 0.5288548469543457 7
1761607080651 0.5586113333702087 8
1761607081614 0.580252468585968 9
1761607082648 0.5919747352600098 10
1761607083669 0.597835898399353 11
1761607084667 0.6257889866828918 12
1761607085629 0.6321009993553162 13
1761607086650 0.6316501498222351 14
1761607087560 0.6573489904403687 15
1761607088505 0.662308394908905 16
1761607089394 0.6690712571144104 17
1761607090277 0.6695221066474915 18
1761607091167 0.6961226463317871 19
1761607092052 0.7096483111381531 20
1761607092975 0.7019837498664856 21
1761607093910 0.7078449130058289 22
1761607095005 0.7191163301467896 23
1761607096046 0.7254283428192139 24
1761607096996 0.7380523085594177 25
1761607097890 0.7407574653625488 26
1761607098767 0.7475202679634094 27
1761607099662 0.7628493905067444 28
1761607100573 0.7551848292350769 29
1761607101463 0.7682597041130066 30
1761607102428 0.773669958114624 31
1761607103367 0.7817853689193726 32
1761607104337 0.7867448329925537 33
1761607105329 0.7772768139839172 34
1761607106320 0.7921550869941711 35
1761607107216 0.7989179491996765 36
1761607108153 0.8011722564697266 37
1761607109078 0.7939585447311401 38
1761607110027 0.8092876672744751 39
1761607111005 0.8119927644729614 40
1761607111994 0.8228133320808411 41
1761607112951 0.8322813510894775 42
1761607113881 0.8201082348823547 43
1761607114807 0.8264201879501343 44
1761607115731 0.8277727961540222 45
1761607116673 0.8273218870162964 46
1761607117677 0.8431019186973572 47
1761607118616 0.8480613231658936 48
1761607119521 0.855725884437561 49
1761607073283 0.4039675295352936 0
