1761534460519 0.5065344572067261 0
1761534460760 0.5448400378227234 1
1761534461030 0.5637674331665039 2
1761534461246 0.5723298788070679 3
1761534461459 0.5678233504295349 4
1761534461672 0.5642181038856506 5
1761534461880 0.5610635280609131 6
1761534462113 0.5858494639396667 7
1761534462340 0.5872014164924622 8
1761534462546 0.5867508053779602 9
1761534462765 0.5944119095802307 10
1761534462987 0.6083821654319763 11
1761534463204 0.6002703905105591 12
1761534463426 0.6011716723442078 13
1761534463637 0.6187471747398376 14
1761534463849 0.6164939403533936 15
1761534464060 0.6313654780387878 16
1761534464274 0.6210004687309265 17
1761534464486 0.6232537031173706 18
1761534464711 0.6394772529602051 19
1761534464920 0.6381253004074097 20
1761534465137 0.6322667598724365 21
1761534465357 0.6430824398994446 22
1761534465564 0.6430824398994446 23
1761534465774 0.657052755355835 24
1761534465981 0.6430824398994446 25
1761534466193 0.6611086130142212 26
1761534466418 0.6534475088119507 27
1761534466632 0.6714736223220825 28
1761534466850 0.6692203879356384 29
1761534467076 0.6759801506996155 30
1761534467291 0.6696709990501404 31
1761534467516 0.6899504065513611 32
1761534467729 0.694456934928894 33
1761534467948 0.6872465014457703 34
1761534468165 0.6989635229110718 35
1761534468371 0.6949076056480408 36
1761534468582 0.7021180987358093 37
1761534468792 0.7025687098503113 38
1761534468998 0.7021180987358093 39
1761534469206 0.7016674280166626 40
1761534469413 0.7084271907806396 41
1761534469623 0.7115817666053772 42
1761534469833 0.7133843898773193 43
1761534470039 0.7088778614997864 44
1761534470247 0.7124831080436707 45
1761534470471 0.7192429304122925 46
1761534470717 0.7192429304122925 47
1761534470941 0.7273546457290649 48
1761534471150 0.7214961647987366 49
1761534471377 0.7219468355178833 50
1761534471594 0.7296079397201538 51
1761534471850 0.7187922596931458 52
1761534472054 0.7242000699043274 53
1761534472279 0.7251014113426208 54
1761534472487 0.7372690439224243 55
1761534472700 0.7232987880706787 56
1761534472911 0.7318611741065979 57
1761534473115 0.7354664206504822 58
1761534473344 0.7372690439224243 59
1761534473555 0.73366379737854 60
1761534473777 0.7440288662910461 61
1761534473999 0.7521405816078186 62
1761534474225 0.7413249015808105 63
1761534474454 0.742676854133606 64
1761534474675 0.7444794774055481 65
1761534474886 0.7471834421157837 66
1761534475103 0.7395222783088684 67
1761534475363 0.7471834421157837 68
1761534475574 0.7458314299583435 69
1761534475798 0.7498873472213745 70
1761534476006 0.757548451423645 71
1761534476214 0.7494366765022278 72
1761534476488 0.7566471099853516 73
1761534476715 0.7579991221427917 74
1761534476930 0.7629562616348267 75
1761534477146 0.7616043090820312 76
1761534477362 0.7638576030731201 77
1761534477579 0.7688148021697998 78
1761534477791 0.7692654132843018 79
1761534477998 0.7643082737922668 80
1761534478207 0.7634069323539734 81
1761534478424 0.7661108374595642 82
1761534478640 0.7688148021697998 83
1761534478857 0.7715187072753906 84
1761534479068 0.7661108374595642 85
1761534479281 0.7742226123809814 86
1761534479491 0.7715187072753906 87
1761534479700 0.7809824347496033 88
1761534479914 0.7706173658370972 89
1761534480130 0.7634069323539734 90
1761534480346 0.7724199891090393 91
1761534480553 0.7638576030731201 92
1761534480761 0.7584497332572937 93
1761534480972 0.7796304821968079 94
1761534481183 0.7751239538192749 95
1761534481394 0.7800810933113098 96
1761534481605 0.7787291407585144 97
1761534481828 0.7746732831001282 98
1761534482056 0.7854889631271362 99
1761534460519 0.5065344572067261 0
