1761534460519 0.9047413468360901 0
1761534460760 0.8596723675727844 1
1761534461030 0.8516184091567993 2
1761534461246 0.843987226486206 3
1761534461459 0.8408800959587097 4
1761534461672 0.8389312624931335 5
1761534461880 0.8342028260231018 6
1761534462113 0.8277342319488525 7
1761534462340 0.821800708770752 8
1761534462546 0.818841278553009 9
1761534462765 0.815835177898407 10
1761534462987 0.8115146160125732 11
1761534463204 0.8104754686355591 12
1761534463426 0.8085622191429138 13
1761534463637 0.7982258796691895 14
1761534463849 0.79878830909729 15
1761534464060 0.7943511009216309 16
1761534464274 0.7891581058502197 17
1761534464486 0.7861940264701843 18
1761534464711 0.7833526730537415 19
1761534464920 0.7758134007453918 20
1761534465137 0.7762410640716553 21
1761534465357 0.7739047408103943 22
1761534465564 0.7650315761566162 23
1761534465774 0.7602749466896057 24
1761534465981 0.7650873064994812 25
1761534466193 0.7543057203292847 26
1761534466418 0.7511162757873535 27
1761534466632 0.7434676885604858 28
1761534466850 0.7391615509986877 29
1761534467076 0.7347640991210938 30
1761534467291 0.7342300415039062 31
1761534467516 0.7248502373695374 32
1761534467729 0.7211540937423706 33
1761534467948 0.7187039852142334 34
1761534468165 0.7095068097114563 35
1761534468371 0.7056285738945007 36
1761534468582 0.7056431174278259 37
1761534468792 0.703927755355835 38
1761534468998 0.7020824551582336 39
1761534469206 0.6980169415473938 40
1761534469413 0.6832529902458191 41
1761534469623 0.6877853274345398 42
1761534469833 0.6833834052085876 43
1761534470039 0.6728048920631409 44
1761534470247 0.679939866065979 45
1761534470471 0.6718841195106506 46
1761534470717 0.6723737716674805 47
1761534470941 0.6646846532821655 48
1761534471150 0.6689888834953308 49
1761534471377 0.659055233001709 50
1761534471594 0.6561583280563354 51
1761534471850 0.6647529006004333 52
1761534472054 0.6476526260375977 53
1761534472279 0.6530634164810181 54
1761534472487 0.6431389451026917 55
1761534472700 0.6492559313774109 56
1761534472911 0.635535478591919 57
1761534473115 0.6389768719673157 58
1761534473344 0.6318049430847168 59
1761534473555 0.6346665024757385 60
1761534473777 0.6327679753303528 61
1761534473999 0.621300458908081 62
1761534474225 0.6264048218727112 63
1761534474454 0.6248076558113098 64
1761534474675 0.6220468878746033 65
1761534474886 0.6158055067062378 66
1761534475103 0.6243628859519958 67
1761534475363 0.608430027961731 68
1761534475574 0.6055269241333008 69
1761534475798 0.6007479429244995 70
1761534476006 0.6004227995872498 71
1761534476214 0.6053649187088013 72
1761534476488 0.5930466055870056 73
1761534476715 0.5929468274116516 74
1761534476930 0.5857681035995483 75
1761534477146 0.5877631902694702 76
1761534477362 0.5889118313789368 77
1761534477579 0.5847349762916565 78
1761534477791 0.5815109610557556 79
1761534477998 0.5818491578102112 80
1761534478207 0.5819544792175293 81
1761534478424 0.5706155896186829 82
1761534478640 0.5731046795845032 83
1761534478857 0.5796094536781311 84
1761534479068 0.5768265128135681 85
1761534479281 0.5673252940177917 86
1761534479491 0.5659344792366028 87
1761534479700 0.5601019263267517 88
1761534479914 0.5649944543838501 89
1761534480130 0.5689245462417603 90
1761534480346 0.5639143586158752 91
1761534480553 0.5608449578285217 92
1761534480761 0.5704274773597717 93
1761534480972 0.5473674535751343 94
1761534481183 0.559380292892456 95
1761534481394 0.5461072325706482 96
1761534481605 0.5494648814201355 97
1761534481828 0.5480037927627563 98
1761534482056 0.5395562648773193 99
1761534460519 0.9047413468360901 0
