1761605692471 1.0985467433929443 0
1761605692733 1.077338695526123 1
1761605693001 1.0705113410949707 2
1761605693253 1.0696159601211548 3
1761605693480 1.067896842956543 4
1761605693703 1.0690293312072754 5
1761605693929 1.0670243501663208 6
1761605694181 1.0673298835754395 7
1761605694408 1.0674526691436768 8
1761605694617 1.069514274597168 9
1761605694829 1.0667303800582886 10
1761605695063 1.0706795454025269 11
1761605695292 1.0680264234542847 12
1761605695502 1.0671989917755127 13
1761605695714 1.0667415857315063 14
1761605695926 1.064012050628662 15
1761605696159 1.0667515993118286 16
1761605696370 1.065694808959961 17
1761605696584 1.064919114112854 18
1761605696802 1.0629687309265137 19
1761605697014 1.0635347366333008 20
1761605697233 1.0640453100204468 21
1761605697512 1.0655832290649414 22
1761605697830 1.0657291412353516 23
1761605698061 1.063437581062317 24
1761605698310 1.0639346837997437 25
1761605698535 1.0647813081741333 26
1761605698775 1.0623174905776978 27
1761605699052 1.0628329515457153 28
1761605699369 1.0625940561294556 29
1761605699607 1.0614447593688965 30
1761605699858 1.0623247623443604 31
1761605700137 1.0611636638641357 32
1761605700372 1.063402771949768 33
1761605700618 1.0590773820877075 34
1761605700849 1.058670997619629 35
1761605701163 1.0613009929656982 36
1761605701382 1.061801552772522 37
1761605701604 1.060709834098816 38
1761605701829 1.0583277940750122 39
1761605702067 1.055479645729065 40
1761605702320 1.0572988986968994 41
1761605702567 1.0555766820907593 42
1761605702780 1.0548999309539795 43
1761605703001 1.053601861000061 44
1761605703265 1.053774356842041 45
1761605703536 1.0546809434890747 46
1761605703783 1.053802251815796 47
1761605704024 1.0516505241394043 48
1761605704250 1.0526087284088135 49
1761605692471 1.0985467433929443 0
