1761602180083 1.0339986085891724 0
1761602180655 1.023199439048767 1
1761602181185 1.0165481567382812 2
1761602181716 1.0254051685333252 3
1761602182243 1.0200263261795044 4
1761602182812 1.018557071685791 5
1761602183358 1.0235005617141724 6
1761602183885 1.0204778909683228 7
1761602184400 1.0180935859680176 8
1761602184911 1.0156792402267456 9
1761602185463 1.015773057937622 10
1761602186001 1.014474630355835 11
1761602186525 1.015508770942688 12
1761602187048 1.0154670476913452 13
1761602187566 1.0136033296585083 14
1761602188105 1.0152710676193237 15
1761602188648 1.0144050121307373 16
1761602189217 1.0153840780258179 17
1761602189818 1.0158476829528809 18
1761602190355 1.013350248336792 19
1761602190991 1.0138071775436401 20
1761602191533 1.0147678852081299 21
1761602192091 1.015020489692688 22
1761602192682 1.0135401487350464 23
1761602193220 1.013718605041504 24
1761602193778 1.0135146379470825 25
1761602194382 1.0132826566696167 26
1761602194996 1.0150103569030762 27
1761602195531 1.0148258209228516 28
1761602196062 1.0159862041473389 29
1761602196593 1.0133049488067627 30
1761602197143 1.0139415264129639 31
1761602197731 1.0147719383239746 32
1761602198271 1.0141429901123047 33
1761602198794 1.013904333114624 34
1761602199337 1.014870285987854 35
1761602199887 1.0133806467056274 36
1761602200409 1.0156817436218262 37
1761602200987 1.0160897970199585 38
1761602201504 1.0157028436660767 39
1761602202045 1.0139464139938354 40
1761602202606 1.0170097351074219 41
1761602203118 1.0157560110092163 42
1761602203650 1.0143630504608154 43
1761602204182 1.0135358572006226 44
1761602204742 1.0146980285644531 45
1761602205275 1.015661597251892 46
1761602205854 1.014837384223938 47
1761602206375 1.015005350112915 48
1761602206897 1.0149474143981934 49
1761602180083 1.0339986085891724 0
