1761512826897 0.5132942795753479 0
1761512827143 0.5678233504295349 1
1761512827383 0.593961238861084 2
1761512827612 0.5912573337554932 3
1761512827832 0.6115367412567139 4
1761512828050 0.6124380230903625 5
1761512828267 0.6200991272926331 6
1761512828481 0.6385759115219116 7
1761512828713 0.6462370157241821 8
1761512828940 0.6511942148208618 9
1761512829153 0.6520955562591553 10
1761512829375 0.6543487906455994 11
1761512829595 0.6669670939445496 12
1761512829825 0.6854438781738281 13
1761512830042 0.6773321032524109 14
1761512830288 0.683641254901886 15
1761512830513 0.7021180987358093 16
1761512830735 0.6795853972434998 17
1761512830993 0.7043713331222534 18
1761512831286 0.7093285322189331 19
1761512831558 0.7066246271133423 20
1761512831774 0.7097792029380798 21
1761512831999 0.7205948829650879 22
1761512832216 0.7237494587898254 23
1761512832448 0.7255520224571228 24
1761512832706 0.7219468355178833 25
1761512832980 0.7282559871673584 26
1761512833226 0.7205948829650879 27
1761512833515 0.7151870131492615 28
1761512833753 0.738170325756073 29
1761512833980 0.73366379737854 30
1761512834194 0.7363677620887756 31
1761512834405 0.7345651388168335 32
1761512834615 0.7512392997741699 33
1761512834829 0.7498873472213745 34
1761512835046 0.7539432048797607 35
1761512835261 0.757548451423645 36
1761512835476 0.7589004039764404 37
1761512835701 0.7638576030731201 38
1761512835930 0.7679134607315063 39
1761512836163 0.7643082737922668 40
1761512836379 0.7579991221427917 41
1761512836594 0.7602523565292358 42
1761512836810 0.7625056505203247 43
1761512837027 0.7674628496170044 44
1761512837292 0.7701667547225952 45
1761512837518 0.7782785296440125 46
1761512837748 0.7805317640304565 47
1761512837983 0.7850382924079895 48
1761512838199 0.7751239538192749 49
1761512826897 0.5132942795753479 0
