1761512826897 0.854745626449585 0
1761512827143 0.7720257639884949 1
1761512827383 0.757847785949707 2
1761512827612 0.7516950368881226 3
1761512827832 0.7446403503417969 4
1761512828050 0.7389269471168518 5
1761512828267 0.7336036562919617 6
1761512828481 0.7227630615234375 7
1761512828713 0.7136690020561218 8
1761512828940 0.7105173468589783 9
1761512829153 0.7037099599838257 10
1761512829375 0.6974853277206421 11
1761512829595 0.6939186453819275 12
1761512829825 0.6816102266311646 13
1761512830042 0.6746188998222351 14
1761512830288 0.6718977689743042 15
1761512830513 0.6607544422149658 16
1761512830735 0.671021580696106 17
1761512830993 0.6574983596801758 18
1761512831286 0.6446925401687622 19
1761512831558 0.6407645344734192 20
1761512831774 0.6407414674758911 21
1761512831999 0.6257449388504028 22
1761512832216 0.6247897148132324 23
1761512832448 0.622689425945282 24
1761512832706 0.6153362989425659 25
1761512832980 0.6120423674583435 26
1761512833226 0.6066409349441528 27
1761512833515 0.6084765791893005 28
1761512833753 0.5964912176132202 29
1761512833980 0.595701277256012 30
1761512834194 0.5900068879127502 31
1761512834405 0.5857259631156921 32
1761512834615 0.5758175849914551 33
1761512834829 0.5752660632133484 34
1761512835046 0.5729208588600159 35
1761512835261 0.571733295917511 36
1761512835476 0.5678585171699524 37
1761512835701 0.5562045574188232 38
1761512835930 0.5575475096702576 39
1761512836163 0.5544101595878601 40
1761512836379 0.5495138168334961 41
1761512836594 0.5509816408157349 42
1761512836810 0.5455649495124817 43
1761512837027 0.5409207940101624 44
1761512837292 0.5425434708595276 45
1761512837518 0.5294321179389954 46
1761512837748 0.533825695514679 47
1761512837983 0.5204038619995117 48
1761512838199 0.532848596572876 49
1761512826897 0.854745626449585 0
