1761497377345 0.41505181789398193 0
1761497378062 0.4452455937862396 1
1761497378564 0.45561063289642334 2
1761497379008 0.47363677620887756 3
1761497379614 0.48129788041114807 4
1761497380346 0.49346551299095154 5
1761497380858 0.5051825046539307 6
1761497381299 0.5092384219169617 7
1761497382359 0.519603431224823 8
1761497382839 0.5209553837776184 9
1761497383508 0.530419111251831 10
1761497384218 0.5313203930854797 11
1761497384971 0.5421360731124878 12
1761497385460 0.5561063289642334 13
1761497386056 0.5552050471305847 14
1761497386786 0.5691753029823303 15
1761497387494 0.578639030456543 16
1761497388200 0.5813429355621338 17
1761497388855 0.5921586155891418 18
1761497389584 0.5944119095802307 19
1761497390150 0.5944119095802307 20
1761497390939 0.6011716723442078 21
1761497391667 0.6038756370544434 22
1761497392455 0.6011716723442078 23
1761497393205 0.6259576678276062 24
1761497393836 0.6223524212837219 25
1761497394611 0.6358720064163208 26
1761497395076 0.6282109022140503 27
1761497395840 0.6354213356971741 28
1761497396445 0.6399279236793518 29
1761497397258 0.6462370157241821 30
1761497398435 0.6557007431983948 31
1761497399282 0.6475890278816223 32
1761497400004 0.6552501320838928 33
1761497400671 0.6606579422950745 34
1761497401288 0.6786841154098511 35
1761497402032 0.6804866790771484 36
1761497402872 0.6750788688659668 37
1761497403461 0.6809373497962952 38
1761497404080 0.683641254901886 39
1761497404923 0.6710230112075806 40
1761497405775 0.6913023591041565 41
1761497406571 0.6737269163131714 42
1761497407331 0.6904010772705078 43
1761497408042 0.6913023591041565 44
1761497408667 0.6917530298233032 45
1761497409378 0.6962595582008362 46
1761497410085 0.6980621814727783 47
1761497410852 0.6998648047447205 48
1761497411664 0.6976115107536316 49
1761497377345 0.41505181789398193 0
