1761497377345 1.0822198390960693 0
1761497378062 1.0533708333969116 1
1761497378564 1.0414172410964966 2
1761497379008 1.0301897525787354 3
1761497379614 1.0225803852081299 4
1761497380346 1.0124703645706177 5
1761497380858 1.0042524337768555 6
1761497381299 0.9954612255096436 7
1761497382359 0.9911906719207764 8
1761497382839 0.9797939658164978 9
1761497383508 0.9670810699462891 10
1761497384218 0.9575213193893433 11
1761497384971 0.9497830867767334 12
1761497385460 0.9442275762557983 13
1761497386056 0.9372771978378296 14
1761497386786 0.9256535172462463 15
1761497387494 0.9169708490371704 16
1761497388200 0.9036057591438293 17
1761497388855 0.8991597890853882 18
1761497389584 0.8925483822822571 19
1761497390150 0.8820772767066956 20
1761497390939 0.8779330253601074 21
1761497391667 0.8694943189620972 22
1761497392455 0.8695626258850098 23
1761497393205 0.8525604605674744 24
1761497393836 0.8447997570037842 25
1761497394611 0.8327615857124329 26
1761497395076 0.8333926796913147 27
1761497395840 0.8229482173919678 28
1761497396445 0.8179017305374146 29
1761497397258 0.8114972114562988 30
1761497398435 0.7981631755828857 31
1761497399282 0.7966383695602417 32
1761497400004 0.7927126288414001 33
1761497400671 0.7844244241714478 34
1761497401288 0.7728517651557922 35
1761497402032 0.7692685127258301 36
1761497402872 0.7673348784446716 37
1761497403461 0.7553179860115051 38
1761497404080 0.7464359402656555 39
1761497404923 0.750917375087738 40
1761497405775 0.7385045886039734 41
1761497406571 0.7387728095054626 42
1761497407331 0.7338277697563171 43
1761497408042 0.7268401980400085 44
1761497408667 0.7192130088806152 45
1761497409378 0.7133785486221313 46
1761497410085 0.7143751978874207 47
1761497410852 0.7040939331054688 48
1761497411664 0.7089086771011353 49
1761497377345 1.0822198390960693 0
