1761596347357 0.4102795422077179 0
1761596348334 0.4301172196865082 1
1761596349224 0.4458971917629242 2
1761596350116 0.4562669098377228 3
1761596351008 0.4558160603046417 4
1761596351892 0.4711451828479767 5
1761596352779 0.484220027923584 6
1761596353670 0.4945897161960602 7
1761596354563 0.5076645612716675 8
1761596355461 0.5202885270118713 9
1761596356414 0.5297565460205078 10
1761596357384 0.5058611631393433 11
1761596358440 0.546889066696167 12
1761596360163 0.549143373966217 13
1761596361323 0.5482416749000549 14
1761596362572 0.5495942234992981 15
1761596363757 0.5825067758560181 16
1761596364720 0.5770964622497559 17
1761596365829 0.582055926322937 18
1761596366881 0.5784490704536438 19
1761596368129 0.5969341993331909 20
1761596369354 0.5937781929969788 21
1761596370457 0.6176735758781433 22
1761596371757 0.626690685749054 23
1761596372948 0.6230838298797607 24
1761596374113 0.6330026984214783 25
1761596375229 0.6415689587593079 26
1761596376369 0.64472496509552 27
1761596377511 0.6514878273010254 28
1761596378608 0.6568980813026428 29
1761596379684 0.6663661003112793 30
1761596380793 0.6713255047798157 31
1761596381951 0.6713255047798157 32
1761596383008 0.67763751745224 33
1761596384117 0.6938683390617371 34
1761596385208 0.7024345993995667 35
1761596386504 0.6970243453979492 36
1761596387630 0.6974751949310303 37
1761596388790 0.7001803517341614 38
1761596389811 0.7186654806137085 39
1761596390841 0.7204688787460327 40
1761596391843 0.7317402958869934 41
1761596393020 0.7299368977546692 42
1761596394125 0.7285842895507812 43
1761596395345 0.7407574653625488 44
1761596396430 0.7515779733657837 45
1761596397465 0.7511271238327026 46
1761596398531 0.757889986038208 47
1761596399734 0.7745716571807861 48
1761596400851 0.757889986038208 49
1761596347357 0.4102795422077179 0
