1761596347357 1.0901837348937988 0
1761596348334 1.064387321472168 1
1761596349224 1.0532294511795044 2
1761596350116 1.0453381538391113 3
1761596351008 1.0380865335464478 4
1761596351892 1.0226582288742065 5
1761596352779 1.0170269012451172 6
1761596353670 1.0002702474594116 7
1761596354563 0.9791179299354553 8
1761596355461 0.9641076922416687 9
1761596356414 0.9534839391708374 10
1761596357384 0.9651565551757812 11
1761596358440 0.9358652234077454 12
1761596360163 0.9195315837860107 13
1761596361323 0.9117758274078369 14
1761596362572 0.9121154546737671 15
1761596363757 0.886229395866394 16
1761596364720 0.8817018270492554 17
1761596365829 0.8623067140579224 18
1761596366881 0.8649689555168152 19
1761596368129 0.8453762531280518 20
1761596369354 0.8355834484100342 21
1761596370457 0.8223167061805725 22
1761596371757 0.8127051591873169 23
1761596372948 0.8100952506065369 24
1761596374113 0.7796025276184082 25
1761596375229 0.7777754664421082 26
1761596376369 0.7674385905265808 27
1761596377511 0.7511566281318665 28
1761596378608 0.7263476252555847 29
1761596379684 0.7221494317054749 30
1761596380793 0.7112305164337158 31
1761596381951 0.7107078433036804 32
1761596383008 0.7030825018882751 33
1761596384117 0.6697518229484558 34
1761596385208 0.6639752984046936 35
1761596386504 0.6658971309661865 36
1761596387630 0.6524158120155334 37
1761596388790 0.6344965100288391 38
1761596389811 0.6287190318107605 39
1761596390841 0.6108657121658325 40
1761596391843 0.5937618613243103 41
1761596393020 0.5945633053779602 42
1761596394125 0.5930063724517822 43
1761596395345 0.5688793063163757 44
1761596396430 0.5566267371177673 45
1761596397465 0.566680371761322 46
1761596398531 0.5365714430809021 47
1761596399734 0.5250078439712524 48
1761596400851 0.5410133600234985 49
1761596347357 1.0901837348937988 0
