1761520382651 0.5362775921821594 0
1761520383328 0.558810293674469 1
1761520384022 0.5660207271575928 2
1761520384683 0.5903559923171997 3
1761520385290 0.613789975643158 4
1761520385717 0.608832836151123 5
1761520386249 0.6146913170814514 6
1761520386933 0.6277602314949036 7
1761520387575 0.6309148073196411 8
1761520388210 0.6448850631713867 9
1761520388858 0.6552501320838928 10
1761520389413 0.6462370157241821 11
1761520390027 0.6777827739715576 12
1761520390604 0.6728255748748779 13
1761520391157 0.6813880205154419 14
1761520391736 0.6899504065513611 15
1761520392334 0.6867958307266235 16
1761520392931 0.6768814921379089 17
1761520393515 0.6899504065513611 18
1761520394121 0.7066246271133423 19
1761520394738 0.7133843898773193 20
1761520395318 0.6958089470863342 21
1761520396071 0.7124831080436707 22
1761520396795 0.7178909182548523 23
1761520398044 0.7066246271133423 24
1761520398640 0.7147363424301147 25
1761520399536 0.7205948829650879 26
1761520400331 0.7291572690010071 27
1761520401068 0.7363677620887756 28
1761520401627 0.7354664206504822 29
1761520402185 0.7332131862640381 30
1761520402744 0.7282559871673584 31
1761520403371 0.7341144680976868 32
1761520404050 0.7480847239494324 33
1761520404859 0.7273546457290649 34
1761520405620 0.7417755722999573 35
1761520406227 0.7444794774055481 36
1761520406698 0.7516899704933167 37
1761520407304 0.7607030272483826 38
1761520408081 0.7503380179405212 39
1761520408751 0.7566471099853516 40
1761520409137 0.7692654132843018 41
1761520409627 0.7589004039764404 42
1761520410171 0.7607030272483826 43
1761520410669 0.7665615081787109 44
1761520411131 0.7516899704933167 45
1761520411701 0.7471834421157837 46
1761520412277 0.7665615081787109 47
1761520412842 0.7579991221427917 48
1761520413404 0.7647588849067688 49
1761520382651 0.5362775921821594 0
