1761520382651 0.8832967877388 0
1761520383328 0.8361828327178955 1
1761520384022 0.8267032504081726 2
1761520384683 0.8163912296295166 3
1761520385290 0.8127055764198303 4
1761520385717 0.8079507350921631 5
1761520386249 0.7985441088676453 6
1761520386933 0.7902088761329651 7
1761520387575 0.7856263518333435 8
1761520388210 0.7747165560722351 9
1761520388858 0.7679508328437805 10
1761520389413 0.7643495798110962 11
1761520390027 0.7458288669586182 12
1761520390604 0.7402140498161316 13
1761520391157 0.7300229072570801 14
1761520391736 0.7209779024124146 15
1761520392334 0.7139906287193298 16
1761520392931 0.7102795243263245 17
1761520393515 0.712639570236206 18
1761520394121 0.6964340806007385 19
1761520394738 0.685361385345459 20
1761520395318 0.6920604705810547 21
1761520396071 0.6774093508720398 22
1761520396795 0.6666035056114197 23
1761520398044 0.670662522315979 24
1761520398640 0.6698771119117737 25
1761520399536 0.6590868234634399 26
1761520400331 0.6488101482391357 27
1761520401068 0.6435770392417908 28
1761520401627 0.63865727186203 29
1761520402185 0.6323429346084595 30
1761520402744 0.6320693492889404 31
1761520403371 0.6259135007858276 32
1761520404050 0.6156323552131653 33
1761520404859 0.6219789385795593 34
1761520405620 0.6186972260475159 35
1761520406227 0.6150808334350586 36
1761520406698 0.6048450469970703 37
1761520407304 0.5998432636260986 38
1761520408081 0.5983750224113464 39
1761520408751 0.6005805134773254 40
1761520409137 0.5861941576004028 41
1761520409627 0.5839165449142456 42
1761520410171 0.5810829997062683 43
1761520410669 0.5742204189300537 44
1761520411131 0.5854229927062988 45
1761520411701 0.5872093439102173 46
1761520412277 0.5844509601593018 47
1761520412842 0.5739782452583313 48
1761520413404 0.5742853283882141 49
1761520382651 0.8832967877388 0
