1761468771991 0.42431020736694336 0
1761468772891 0.4787471890449524 1
1761468773694 0.501118540763855 2
1761468774465 0.5041013956069946 3
1761468775127 0.5078299641609192 4
1761468775824 0.5137956738471985 5
1761468776482 0.5197613835334778 6
1761468777140 0.5339298844337463 7
1761468777752 0.5257270932197571 8
1761468778473 0.5563012957572937 9
1761468779183 0.5615212321281433 10
1761468779846 0.5622669458389282 11
1761468780566 0.5548098683357239 12
1761468781275 0.5510812997817993 13
1761468781914 0.5659955143928528 14
1761468782623 0.580909788608551 15
1761468783335 0.5861297249794006 16
1761468783984 0.5980611443519592 17
1761468784581 0.5988068580627441 18
1761468785319 0.6129754185676575 19
1761468786030 0.6167039275169373 20
1761468786660 0.6107382774353027 21
1761468787356 0.6234153509140015 22
1761468788129 0.6241610646247864 23
1761468788841 0.6167039275169373 24
1761468789470 0.6040268540382385 25
1761468790081 0.6144667863845825 26
1761468790627 0.6383296251296997 27
1761468791223 0.6524981260299683 28
1761468791830 0.6383296251296997 29
1761468792587 0.6442952752113342 30
1761468793238 0.6323639154434204 31
1761468793883 0.636092483997345 32
1761468794534 0.6472781300544739 33
1761468794871 0.6689038276672363 34
1761468795501 0.6607009768486023 35
1761468796254 0.6636838316917419 36
1761468796968 0.6726323366165161 37
1761468797682 0.6950037479400635 38
1761468798396 0.6882923245429993 39
1761468799072 0.6800894737243652 40
1761468799789 0.6771066188812256 41
1761468800405 0.6785980463027954 42
1761468801012 0.6838180422782898 43
1761468801568 0.6778523325920105 44
1761468802167 0.7024608254432678 45
1761468802780 0.6845637559890747 46
1761468803326 0.6868008971214294 47
1761468803680 0.6793437600135803 48
1761468804044 0.6592095494270325 49
1761468771991 0.42431020736694336 0
