1761605324708 1.0784976482391357 0
1761605324954 1.05502450466156 1
1761605325198 1.042140245437622 2
1761605325424 1.0306708812713623 3
1761605325639 1.023134708404541 4
1761605325853 1.015011191368103 5
1761605326078 1.006057858467102 6
1761605326300 0.9989933967590332 7
1761605326518 0.9943105578422546 8
1761605326739 0.9878989458084106 9
1761605326953 0.9775639176368713 10
1761605327163 0.967980682849884 11
1761605327386 0.9659721851348877 12
1761605327609 0.9548553228378296 13
1761605327827 0.9556313753128052 14
1761605328047 0.9430850744247437 15
1761605328270 0.9455376863479614 16
1761605328485 0.9351055026054382 17
1761605328715 0.921294629573822 18
1761605328927 0.9232451319694519 19
1761605329147 0.9133478999137878 20
1761605329364 0.9142032861709595 21
1761605329587 0.8965920805931091 22
1761605329811 0.8999967575073242 23
1761605330029 0.9032474160194397 24
1761605330247 0.8856219053268433 25
1761605330469 0.8817961812019348 26
1761605330690 0.8759226202964783 27
1761605330912 0.8664928078651428 28
1761605331132 0.8634024262428284 29
1761605331343 0.8664957284927368 30
1761605331559 0.861884593963623 31
1761605331775 0.8680169582366943 32
1761605331991 0.8470547795295715 33
1761605332213 0.84965980052948 34
1761605332426 0.8449692130088806 35
1761605332642 0.8363457918167114 36
1761605332858 0.8311825394630432 37
1761605333076 0.8396130204200745 38
1761605333298 0.8382694125175476 39
1761605333521 0.8212623000144958 40
1761605333733 0.8295259475708008 41
1761605333957 0.8194612264633179 42
1761605334177 0.8153256773948669 43
1761605334460 0.8130828738212585 44
1761605334690 0.8091240525245667 45
1761605334917 0.8146229386329651 46
1761605335132 0.806167483329773 47
1761605335344 0.8006687164306641 48
1761605335577 0.7900634407997131 49
1761605324708 1.0784976482391357 0
