1761465030744 0.41505181789398193 0
1761465031203 0.4637224078178406 1
1761465031568 0.465074360370636 2
1761465031956 0.460567831993103 3
1761465032328 0.4718341529369354 4
1761465032704 0.48850834369659424 5
1761465033079 0.4957188069820404 6
1761465033431 0.4979720711708069 7
1761465033779 0.49121224880218506 8
1761465034160 0.500225305557251 9
1761465034535 0.5092384219169617 10
1761465034879 0.5141955614089966 11
1761465035253 0.5254619121551514 12
1761465035608 0.5096890330314636 13
1761465036002 0.5092384219169617 14
1761465036353 0.530419111251831 15
1761465036733 0.5290671586990356 16
1761465037077 0.5335736870765686 17
1761465037445 0.5362775921821594 18
1761465037824 0.5421360731124878 19
1761465038213 0.5457413196563721 20
1761465038595 0.5412347912788391 21
1761465038987 0.554303765296936 22
1761465039362 0.550247848033905 23
1761465039741 0.5511491894721985 24
1761465040114 0.5515998005867004 25
1761465040486 0.5646687746047974 26
1761465040851 0.5583596229553223 27
1761465041222 0.5750337839126587 28
1761465041591 0.569625973701477 29
1761465041961 0.5723298788070679 30
1761465042329 0.5691753029823303 31
1761465042693 0.5714285969734192 32
1761465043062 0.5795403122901917 33
1761465043430 0.5858494639396667 34
1761465043795 0.5777377486228943 35
1761465044165 0.5921586155891418 36
1761465044534 0.6074808239936829 37
1761465044900 0.6065795421600342 38
1761465045271 0.5867508053779602 39
1761465045639 0.5921586155891418 40
1761465046011 0.6065795421600342 41
1761465046380 0.6065795421600342 42
1761465046753 0.604776918888092 43
1761465047119 0.617845892906189 44
1761465047487 0.6097341179847717 45
1761465047857 0.6101847887039185 46
1761465048227 0.6146913170814514 47
1761465048593 0.6277602314949036 48
1761465048958 0.6241550445556641 49
1761465030744 0.41505181789398193 0
