1761465030744 1.0634044408798218 0
1761465031203 1.0373234748840332 1
1761465031568 1.0317634344100952 2
1761465031956 1.0308619737625122 3
1761465032328 1.0275588035583496 4
1761465032704 1.0184216499328613 5
1761465033079 1.0151954889297485 6
1761465033431 1.0098553895950317 7
1761465033779 1.012112021446228 8
1761465034160 1.0017391443252563 9
1761465034535 0.995493471622467 10
1761465034879 0.9968822598457336 11
1761465035253 0.9874485731124878 12
1761465035608 0.9957900643348694 13
1761465036002 0.9802671670913696 14
1761465036353 0.9840372204780579 15
1761465036733 0.971205472946167 16
1761465037077 0.9741188883781433 17
1761465037445 0.9613347053527832 18
1761465037824 0.9678902626037598 19
1761465038213 0.956108808517456 20
1761465038595 0.9592154026031494 21
1761465038987 0.9559655785560608 22
1761465039362 0.9467177987098694 23
1761465039741 0.9456576704978943 24
1761465040114 0.9449718594551086 25
1761465040486 0.9339162111282349 26
1761465040851 0.9289292097091675 27
1761465041222 0.9212832450866699 28
1761465041591 0.9185910224914551 29
1761465041961 0.9282793402671814 30
1761465042329 0.9050836563110352 31
1761465042693 0.9048352837562561 32
1761465043062 0.913557231426239 33
1761465043430 0.8859462141990662 34
1761465043795 0.9009220004081726 35
1761465044165 0.8892527222633362 36
1761465044534 0.8692158460617065 37
1761465044900 0.8714646100997925 38
1761465045271 0.8845692873001099 39
1761465045639 0.8822137713432312 40
1761465046011 0.8613319396972656 41
1761465046380 0.8581812977790833 42
1761465046753 0.8566021919250488 43
1761465047119 0.8425154089927673 44
1761465047487 0.847312867641449 45
1761465047857 0.8415253162384033 46
1761465048227 0.8448224663734436 47
1761465048593 0.8270604014396667 48
1761465048958 0.8300572633743286 49
1761465030744 1.0634044408798218 0
