1761601545514 0.48917943239212036 0
1761601545774 0.50225430727005 1
1761601546000 0.5144274234771729 2
1761601546225 0.5266005396842957 3
1761601546457 0.5401262640953064 4
1761601546681 0.549143373966217 5
1761601546906 0.5734896063804626 6
1761601547131 0.579801619052887 7
1761601547361 0.5829576253890991 8
1761601547598 0.5892696380615234 9
1761601547824 0.5942290425300598 10
1761601548054 0.611361563205719 11
1761601548292 0.6316501498222351 12
1761601548519 0.6357078552246094 13
1761601548747 0.6402164101600647 14
1761601548978 0.6555455327033997 15
1761601549208 0.661857545375824 16
1761601549443 0.6645626425743103 17
1761601549672 0.6650135517120361 18
1761601549914 0.6627592444419861 19
1761601550143 0.6857529282569885 20
1761601550423 0.6902614831924438 21
1761601550659 0.6979260444641113 22
1761601550886 0.7037872076034546 23
1761601551114 0.7037872076034546 24
1761601551338 0.6997295022010803 25
1761601551563 0.7100991606712341 26
1761601551784 0.7326419949531555 27
1761601552006 0.7294860482215881 28
1761601552229 0.7078449130058289 29
1761601552458 0.7389540076255798 30
1761601552689 0.7312894463539124 31
1761601552921 0.7416591644287109 32
1761601553145 0.7416591644287109 33
1761601553373 0.7493237257003784 34
1761601553607 0.7457168698310852 35
1761601553834 0.7515779733657837 36
1761601554067 0.757889986038208 37
1761601554300 0.7533814311027527 38
1761601554526 0.7682597041130066 39
1761601554758 0.7524797320365906 40
1761601554994 0.7660053968429565 41
1761601555220 0.7813345193862915 42
1761601555442 0.7880973815917969 43
1761601555667 0.7786294221878052 44
1761601555890 0.7831379771232605 45
1761601556117 0.7831379771232605 46
1761601556355 0.7899008393287659 47
1761601556582 0.7975654006004333 48
1761601556809 0.7917042374610901 49
1761601545514 0.48917943239212036 0
