1761601545514 1.0076569318771362 0
1761601545774 0.9844852089881897 1
1761601546000 0.9721643328666687 2
1761601546225 0.9618161916732788 3
1761601546457 0.9452276229858398 4
1761601546681 0.9389007687568665 5
1761601546906 0.9226098656654358 6
1761601547131 0.906951904296875 7
1761601547361 0.8962172269821167 8
1761601547598 0.8889786005020142 9
1761601547824 0.8795897364616394 10
1761601548054 0.8591740727424622 11
1761601548292 0.845965564250946 12
1761601548519 0.8270009160041809 13
1761601548747 0.8122962117195129 14
1761601548978 0.8070390224456787 15
1761601549208 0.7876712679862976 16
1761601549443 0.7769472599029541 17
1761601549672 0.7767581343650818 18
1761601549914 0.7595382332801819 19
1761601550143 0.7448447346687317 20
1761601550423 0.7377293705940247 21
1761601550659 0.7187950015068054 22
1761601550886 0.7092702388763428 23
1761601551114 0.7047778367996216 24
1761601551338 0.7025806903839111 25
1761601551563 0.6894702911376953 26
1761601551784 0.6579307913780212 27
1761601552006 0.6578718423843384 28
1761601552229 0.6679611802101135 29
1761601552458 0.6241554617881775 30
1761601552689 0.6404340863227844 31
1761601552921 0.6291586756706238 32
1761601553145 0.6082860827445984 33
1761601553373 0.6002259254455566 34
1761601553607 0.5994633436203003 35
1761601553834 0.6070947647094727 36
1761601554067 0.5823692083358765 37
1761601554300 0.5821065306663513 38
1761601554526 0.5619231462478638 39
1761601554758 0.5676161050796509 40
1761601554994 0.5655456185340881 41
1761601555220 0.5414597392082214 42
1761601555442 0.5204409956932068 43
1761601555667 0.5343219637870789 44
1761601555890 0.5160095691680908 45
1761601556117 0.5193061232566833 46
1761601556355 0.508013904094696 47
1761601556582 0.49706029891967773 48
1761601556809 0.49079927802085876 49
1761601545514 1.0076569318771362 0
