1761530357969 0.5308697819709778 0
1761530358429 0.554754376411438 1
1761530358801 0.554754376411438 2
1761530359199 0.554754376411438 3
1761530359615 0.5425867438316345 4
1761530359983 0.554754376411438 5
1761530360357 0.554754376411438 6
1761530360744 0.5525011420249939 7
1761530361124 0.554754376411438 8
1761530361514 0.554754376411438 9
1761530361879 0.554754376411438 10
1761530362287 0.5534024238586426 11
1761530362674 0.554754376411438 12
1761530363034 0.554754376411438 13
1761530363404 0.5430374145507812 14
1761530363789 0.5556557178497314 15
1761530364164 0.5556557178497314 16
1761530364542 0.5565569996833801 17
1761530364906 0.5403335094451904 18
1761530365302 0.558810293674469 19
1761530365695 0.554303765296936 20
1761530366082 0.5610635280609131 21
1761530366487 0.554754376411438 22
1761530366859 0.5610635280609131 23
1761530367260 0.5673726797103882 24
1761530367668 0.5651194453239441 25
1761530368020 0.5646687746047974 26
1761530368404 0.558810293674469 27
1761530368778 0.5561063289642334 28
1761530369152 0.565570056438446 29
1761530369535 0.5579089522361755 30
1761530369897 0.5714285969734192 31
1761530370266 0.5615141987800598 32
1761530370648 0.5651194453239441 33
1761530371010 0.5642181038856506 34
1761530371378 0.5556557178497314 35
1761530371761 0.5673726797103882 36
1761530372127 0.5664713978767395 37
1761530372487 0.5565569996833801 38
1761530372870 0.5754844546318054 39
1761530373229 0.5750337839126587 40
1761530373611 0.5624154806137085 41
1761530374012 0.565570056438446 42
1761530374393 0.5691753029823303 43
1761530374777 0.5705272555351257 44
1761530375138 0.5754844546318054 45
1761530375512 0.563316822052002 46
1761530375876 0.5651194453239441 47
1761530376246 0.5709779262542725 48
1761530376615 0.5840468406677246 49
1761530357969 0.5308697819709778 0
