1761530357969 0.8904555439949036 0
1761530358429 0.852863073348999 1
1761530358801 0.8517677187919617 2
1761530359199 0.8528613448143005 3
1761530359615 0.8516726493835449 4
1761530359983 0.8533226251602173 5
1761530360357 0.8525782227516174 6
1761530360744 0.8532523512840271 7
1761530361124 0.8586214184761047 8
1761530361514 0.8490181565284729 9
1761530361879 0.8529984951019287 10
1761530362287 0.8508956432342529 11
1761530362674 0.849858283996582 12
1761530363034 0.8493199944496155 13
1761530363404 0.8494802117347717 14
1761530363789 0.8485175371170044 15
1761530364164 0.8468725085258484 16
1761530364542 0.8451080322265625 17
1761530364906 0.849477231502533 18
1761530365302 0.8450828194618225 19
1761530365695 0.8460696935653687 20
1761530366082 0.8428379893302917 21
1761530366487 0.8409382700920105 22
1761530366859 0.8413258194923401 23
1761530367260 0.8391342759132385 24
1761530367668 0.839512050151825 25
1761530368020 0.8378813862800598 26
1761530368404 0.8394441604614258 27
1761530368778 0.8409817814826965 28
1761530369152 0.8371502161026001 29
1761530369535 0.8390007019042969 30
1761530369897 0.8350310325622559 31
1761530370266 0.8367751836776733 32
1761530370648 0.8364401459693909 33
1761530371010 0.8357006907463074 34
1761530371378 0.8382866382598877 35
1761530371761 0.837079644203186 36
1761530372127 0.8363323211669922 37
1761530372487 0.8350740671157837 38
1761530372870 0.8336983919143677 39
1761530373229 0.8334586024284363 40
1761530373611 0.8337400555610657 41
1761530374012 0.8354813456535339 42
1761530374393 0.8330578207969666 43
1761530374777 0.8321031928062439 44
1761530375138 0.8321166634559631 45
1761530375512 0.8350064158439636 46
1761530375876 0.8363283276557922 47
1761530376246 0.8309918642044067 48
1761530376615 0.8303541541099548 49
1761530357969 0.8904555439949036 0
