1761595735141 0.47339946031570435 0
1761595735603 0.48827773332595825 1
1761595736070 0.491433709859848 2
1761595736517 0.4869251549243927 3
1761595736959 0.49504056572914124 4
1761595737383 0.48467087745666504 5
1761595737826 0.48286744952201843 6
1761595738260 0.49504056572914124 7
1761595738675 0.4878268837928772 8
1761595739117 0.49008116126060486 9
1761595739528 0.48737600445747375 10
1761595739940 0.49504056572914124 11
1761595740339 0.4833182990550995 12
1761595740762 0.4833182990550995 13
1761595741169 0.49504056572914124 14
1761595741592 0.48196572065353394 15
1761595742012 0.484220027923584 16
1761595742431 0.49504056572914124 17
1761595742828 0.4783588945865631 18
1761595743243 0.49504056572914124 19
1761595743679 0.49504056572914124 20
1761595744108 0.49504056572914124 21
1761595744534 0.49504056572914124 22
1761595744966 0.49504056572914124 23
1761595745389 0.49504056572914124 24
1761595745816 0.49504056572914124 25
1761595746225 0.49504056572914124 26
1761595746631 0.48917943239212036 27
1761595747030 0.4941388666629791 28
1761595747464 0.48467087745666504 29
1761595747890 0.4954914450645447 30
1761595748314 0.49594229459762573 31
1761595748737 0.49774572253227234 32
1761595749152 0.4869251549243927 33
1761595749577 0.5036068558692932 34
1761595750000 0.5090171098709106 35
1761595750414 0.5220919847488403 36
1761595750851 0.5180342793464661 37
1761595751274 0.517583429813385 38
1761595751700 0.5238953828811646 39
1761595752149 0.517132580280304 40
1761595752570 0.5243462324142456 41
1761595752993 0.5279530882835388 42
1761595753399 0.5193868279457092 43
1761595753822 0.5293056964874268 44
1761595754246 0.5198376774787903 45
1761595754675 0.5270513892173767 46
1761595755099 0.5302073955535889 47
1761595755512 0.5293056964874268 48
1761595755948 0.5293056964874268 49
1761595735141 0.47339946031570435 0
