1761465504337 0.38485804200172424 0
1761465505097 0.4348805844783783 1
1761465505679 0.4389364719390869 2
1761465506113 0.4538080096244812 3
1761465506774 0.4538080096244812 4
1761465507319 0.4677782654762268 5
1761465507838 0.4538080096244812 6
1761465508512 0.4587652087211609 7
1761465509044 0.4767913520336151 8
1761465509643 0.47318610548973083 9
1761465510200 0.48355114459991455 10
1761465510843 0.4826498329639435 11
1761465511505 0.4943668246269226 12
1761465512127 0.49211356043815613 13
1761465512844 0.5047318339347839 14
1761465513546 0.5011266469955444 15
1761465514209 0.5114916563034058 16
1761465514813 0.519603431224823 17
1761465515360 0.5178008079528809 18
1761465515889 0.5232086777687073 19
1761465516434 0.543488085269928 20
1761465516972 0.5443893671035767 21
1761465517494 0.5416854619979858 22
1761465518030 0.5439386963844299 23
1761465518629 0.5520504713058472 24
1761465519199 0.563316822052002 25
1761465519784 0.5570076704025269 26
1761465520409 0.5601622462272644 27
1761465520995 0.5664713978767395 28
1761465521577 0.5705272555351257 29
1761465522097 0.5795403122901917 30
1761465522705 0.5799909830093384 31
1761465523167 0.5718792080879211 32
1761465523667 0.5750337839126587 33
1761465524209 0.5813429355621338 34
1761465524797 0.5912573337554932 35
1761465525341 0.5993691086769104 36
1761465525894 0.5844975113868713 37
1761465526329 0.5966651439666748 38
1761465526780 0.6074808239936829 39
1761465527311 0.6011716723442078 40
1761465527859 0.6061288714408875 41
1761465528470 0.604776918888092 42
1761465529020 0.6061288714408875 43
1761465529601 0.6119873523712158 44
1761465530171 0.6200991272926331 45
1761465530758 0.602523684501648 46
1761465531277 0.6191978454589844 47
1761465531739 0.6074808239936829 48
1761465532351 0.6223524212837219 49
1761465504337 0.38485804200172424 0
