1761465504337 1.0941543579101562 0
1761465505097 1.0707788467407227 1
1761465505679 1.0633872747421265 2
1761465506113 1.0569084882736206 3
1761465506774 1.0501195192337036 4
1761465507319 1.044077754020691 5
1761465507838 1.0391695499420166 6
1761465508512 1.0361971855163574 7
1761465509044 1.0269553661346436 8
1761465509643 1.0244266986846924 9
1761465510200 1.0178556442260742 10
1761465510843 1.0119152069091797 11
1761465511505 1.0064126253128052 12
1761465512127 1.0036969184875488 13
1761465512844 0.9948087930679321 14
1761465513546 0.9899187088012695 15
1761465514209 0.9858376383781433 16
1761465514813 0.9751421213150024 17
1761465515360 0.9737936854362488 18
1761465515889 0.9671691656112671 19
1761465516434 0.9543430805206299 20
1761465516972 0.9491119384765625 21
1761465517494 0.9457500576972961 22
1761465518030 0.9451634287834167 23
1761465518629 0.940502941608429 24
1761465519199 0.9305846095085144 25
1761465519784 0.9340272545814514 26
1761465520409 0.9177907705307007 27
1761465520995 0.9155749082565308 28
1761465521577 0.9078689217567444 29
1761465522097 0.9091885685920715 30
1761465522705 0.901519775390625 31
1761465523167 0.9061298966407776 32
1761465523667 0.8927168846130371 33
1761465524209 0.8857392072677612 34
1761465524797 0.8858000636100769 35
1761465525341 0.8797900676727295 36
1761465525894 0.8781648874282837 37
1761465526329 0.8765476942062378 38
1761465526780 0.8644357919692993 39
1761465527311 0.8588554263114929 40
1761465527859 0.8631418943405151 41
1761465528470 0.8628091812133789 42
1761465529020 0.8544282913208008 43
1761465529601 0.8492445349693298 44
1761465530171 0.8471016883850098 45
1761465530758 0.8452175855636597 46
1761465531277 0.8445701599121094 47
1761465531739 0.847103476524353 48
1761465532351 0.834293007850647 49
1761465504337 1.0941543579101562 0
