1761606078707 0.4165915250778198 0
1761606078954 0.4260595142841339 1
1761606079169 0.43417492508888245 2
1761606079383 0.4337240755558014 3
1761606079596 0.4391343593597412 4
1761606079806 0.4296663701534271 5
1761606080021 0.43778178095817566 6
1761606080228 0.44454464316368103 7
1761606080445 0.4431920647621155 8
1761606080665 0.4449954926967621 9
1761606080898 0.44229036569595337 10
1761606081096 0.4310189485549927 11
1761606081305 0.43868350982666016 12
1761606081513 0.43237149715423584 13
1761606081723 0.43868350982666016 14
1761606081936 0.44364291429519653 15
1761606082147 0.4418394863605499 16
1761606082357 0.4427412152290344 17
1761606082570 0.4382326304912567 18
1761606082780 0.44815149903297424 19
1761606082990 0.43417492508888245 20
1761606083202 0.4440937638282776 21
1761606083414 0.44995492696762085 22
1761606083626 0.4477006196975708 23
1761606083833 0.4440937638282776 24
1761606084042 0.4409377872943878 25
1761606084244 0.451307475566864 26
1761606084458 0.4458971917629242 27
1761606084669 0.44544634222984314 28
1761606084879 0.44724977016448975 29
1761606085104 0.4504057765007019 30
1761606085316 0.4418394863605499 31
1761606085525 0.44815149903297424 32
1761606085734 0.4495040476322174 33
1761606085944 0.44724977016448975 34
1761606086153 0.44905319809913635 35
1761606086362 0.44905319809913635 36
1761606086571 0.44905319809913635 37
1761606086785 0.44815149903297424 38
1761606086999 0.4522092044353485 39
1761606087210 0.44454464316368103 40
1761606087426 0.4495040476322174 41
1761606087638 0.4540126323699951 42
1761606087853 0.44815149903297424 43
1761606088065 0.4589720368385315 44
1761606088276 0.4616771936416626 45
1761606088489 0.4531109035015106 46
1761606088699 0.4580703377723694 47
1761606088913 0.46483317017555237 48
1761606089175 0.46032461524009705 49
1761606078707 0.4165915250778198 0
