1761606078707 1.089147925376892 0
1761606078954 1.0743035078048706 1
1761606079169 1.0717942714691162 2
1761606079383 1.0650522708892822 3
1761606079596 1.0637362003326416 4
1761606079806 1.0642181634902954 5
1761606080021 1.061187744140625 6
1761606080228 1.0613981485366821 7
1761606080445 1.0615174770355225 8
1761606080665 1.0586837530136108 9
1761606080898 1.0611933469772339 10
1761606081096 1.061934471130371 11
1761606081305 1.0584077835083008 12
1761606081513 1.0622583627700806 13
1761606081723 1.0594984292984009 14
1761606081936 1.055739164352417 15
1761606082147 1.0574504137039185 16
1761606082357 1.0548099279403687 17
1761606082570 1.0556919574737549 18
1761606082780 1.057148814201355 19
1761606082990 1.0564974546432495 20
1761606083202 1.0552386045455933 21
1761606083414 1.0533232688903809 22
1761606083626 1.0521275997161865 23
1761606083833 1.0520799160003662 24
1761606084042 1.0531892776489258 25
1761606084244 1.0498136281967163 26
1761606084458 1.056148886680603 27
1761606084669 1.049430251121521 28
1761606084879 1.0524340867996216 29
1761606085104 1.0492982864379883 30
1761606085316 1.0473105907440186 31
1761606085525 1.0494756698608398 32
1761606085734 1.048858404159546 33
1761606085944 1.0469508171081543 34
1761606086153 1.0486620664596558 35
1761606086362 1.047473430633545 36
1761606086571 1.0455199480056763 37
1761606086785 1.0443074703216553 38
1761606086999 1.0453673601150513 39
1761606087210 1.0440346002578735 40
1761606087426 1.048264503479004 41
1761606087638 1.0447417497634888 42
1761606087853 1.0420215129852295 43
1761606088065 1.042222261428833 44
1761606088276 1.0458011627197266 45
1761606088489 1.044682264328003 46
1761606088699 1.0396831035614014 47
1761606088913 1.0383623838424683 48
1761606089175 1.0393116474151611 49
1761606078707 1.089147925376892 0
