1761595131782 0.3917944133281708 0
1761595132190 0.40712353587150574 1
1761595132572 0.41614067554473877 2
1761595132929 0.43146979808807373 3
1761595133313 0.44995492696762085 4
1761595133676 0.466636598110199 5
1761595134052 0.47790801525115967 6
1761595134435 0.484220027923584 7
1761595134810 0.5099188685417175 8
1761595135175 0.49864742159843445 9
1761595135525 0.5459873676300049 10
1761595135902 0.5446348190307617 11
1761595136273 0.5563570857048035 12
1761595136651 0.5550045371055603 13
1761595137028 0.5775473117828369 14
1761595137406 0.582055926322937 15
1761595137782 0.597385048866272 16
1761595138159 0.6009919047355652 17
1761595138538 0.6163210272789001 18
1761595138912 0.6388638615608215 19
1761595139286 0.6235347390174866 20
1761595139648 0.6451758146286011 21
1761595140022 0.6546438336372375 22
1761595140399 0.6677186489105225 23
1761595140770 0.6731289625167847 24
1761595141141 0.6645626425743103 25
1761595141514 0.6830477714538574 26
1761595141898 0.6794409155845642 27
1761595142279 0.6834986209869385 28
1761595142662 0.7019837498664856 29
1761595143042 0.7064923644065857 30
1761595143415 0.7137060165405273 31
1761595143789 0.7254283428192139 32
1761595144167 0.7195671796798706 33
1761595144543 0.7137060165405273 34
1761595144918 0.7357980012893677 35
1761595145296 0.7335437536239624 36
1761595145675 0.7362488508224487 37
1761595146053 0.7380523085594177 38
1761595146428 0.7533814311027527 39
1761595146789 0.7511271238327026 40
1761595147137 0.7484220266342163 41
1761595147493 0.7592425346374512 42
1761595147858 0.7547339797019958 43
1761595148220 0.7623985409736633 44
1761595148597 0.7691614031791687 45
1761595148971 0.7763751149177551 46
1761595149340 0.773669958114624 47
1761595149714 0.7822362780570984 48
1761595150111 0.7687105536460876 49
1761595150477 0.7831379771232605 50
1761595150849 0.7871956825256348 51
1761595151229 0.7935076355934143 52
1761595151592 0.7903516888618469 53
1761595152010 0.8025248050689697 54
1761595152391 0.7939585447311401 55
1761595152765 0.8002704977989197 56
1761595153155 0.8025248050689697 57
1761595153555 0.8092876672744751 58
1761595154026 0.82236248254776 59
1761595154493 0.8165013790130615 60
1761595154875 0.8025248050689697 61
1761595155251 0.8124436140060425 62
1761595155619 0.8246167898178101 63
1761595156002 0.8210099339485168 64
1761595156385 0.8349864482879639 65
1761595156779 0.8358882069587708 66
1761595157203 0.8277727961540222 67
1761595157617 0.8372407555580139 68
1761595158029 0.8363390564918518 69
1761595158467 0.8300270438194275 70
1761595158880 0.8403967618942261 71
1761595159311 0.8431019186973572 72
1761595159691 0.8453561663627625 73
1761595160072 0.8498647212982178 74
1761595160455 0.838142454624176 75
1761595160847 0.8647429943084717 76
1761595161241 0.8584310412406921 77
1761595161637 0.8579801917076111 78
1761595162017 0.8340847492218018 79
1761595162396 0.853471577167511 80
1761595162795 0.8494138717651367 81
1761595163213 0.8566275835037231 82
1761595163578 0.8697024583816528 83
1761595163968 0.8615869879722595 84
1761595164353 0.8480613231658936 85
1761595164755 0.8706041574478149 86
1761595165148 0.8751127123832703 87
1761595165520 0.8678990006446838 88
1761595165870 0.8620378971099854 89
1761595166233 0.8769161701202393 90
1761595166605 0.8845807313919067 91
1761595166977 0.8719567060470581 92
1761595167383 0.871055006980896 93
1761595167780 0.8850315809249878 94
1761595168161 0.8940486907958984 95
1761595168556 0.8976555466651917 96
1761595168976 0.8944995403289795 97
1761595169473 0.8818755745887756 98
1761595169891 0.8697024583816528 99
1761595131782 0.3917944133281708 0
