1761595131782 1.0840694904327393 0
1761595132190 1.074208378791809 1
1761595132572 1.0661640167236328 2
1761595132929 1.0562418699264526 3
1761595133313 1.0462141036987305 4
1761595133676 1.0354140996932983 5
1761595134052 1.0307570695877075 6
1761595134435 1.0102788209915161 7
1761595134810 0.9972537755966187 8
1761595135175 0.9938308596611023 9
1761595135525 0.9646265506744385 10
1761595135902 0.9599132537841797 11
1761595136273 0.9432917833328247 12
1761595136651 0.9260334372520447 13
1761595137028 0.9143737554550171 14
1761595137406 0.889689564704895 15
1761595137782 0.8740642666816711 16
1761595138159 0.8638048768043518 17
1761595138538 0.8430753946304321 18
1761595138912 0.8272227644920349 19
1761595139286 0.8210744261741638 20
1761595139648 0.8022661209106445 21
1761595140022 0.7763803005218506 22
1761595140399 0.7600746750831604 23
1761595140770 0.7432355284690857 24
1761595141141 0.746819794178009 25
1761595141514 0.738289475440979 26
1761595141898 0.7279359102249146 27
1761595142279 0.7184754610061646 28
1761595142662 0.6946819424629211 29
1761595143042 0.676496684551239 30
1761595143415 0.6622681021690369 31
1761595143789 0.6530753970146179 32
1761595144167 0.6435725092887878 33
1761595144543 0.6454089283943176 34
1761595144918 0.6302676796913147 35
1761595145296 0.6184767484664917 36
1761595145675 0.6201754808425903 37
1761595146053 0.607756495475769 38
1761595146428 0.5912097096443176 39
1761595146789 0.5826601386070251 40
1761595147137 0.5747354030609131 41
1761595147493 0.5745994448661804 42
1761595147858 0.5704699158668518 43
1761595148220 0.5593404173851013 44
1761595148597 0.5520035624504089 45
1761595148971 0.5359125733375549 46
1761595149340 0.5153716802597046 47
1761595149714 0.538145899772644 48
1761595150111 0.5499221086502075 49
1761595150477 0.5086754560470581 50
1761595150849 0.49653223156929016 51
1761595151229 0.4818100333213806 52
1761595151592 0.4845995008945465 53
1761595152010 0.47219687700271606 54
1761595152391 0.48052456974983215 55
1761595152765 0.4683401882648468 56
1761595153155 0.4603264331817627 57
1761595153555 0.45601096749305725 58
1761595154026 0.43225762248039246 59
1761595154493 0.4404161274433136 60
1761595154875 0.448861688375473 61
1761595155251 0.4506019055843353 62
1761595155619 0.4244265854358673 63
1761595156002 0.414408802986145 64
1761595156385 0.408244788646698 65
1761595156779 0.40569519996643066 66
1761595157203 0.4019274115562439 67
1761595157617 0.3885214030742645 68
1761595158029 0.4040621519088745 69
1761595158467 0.39499884843826294 70
1761595158880 0.37631338834762573 71
1761595159311 0.36113685369491577 72
1761595159691 0.3742981553077698 73
1761595160072 0.3627856373786926 74
1761595160455 0.3734738826751709 75
1761595160847 0.33725690841674805 76
1761595161241 0.3409793972969055 77
1761595161637 0.3557884097099304 78
1761595162017 0.3611401319503784 79
1761595162396 0.3516194522380829 80
1761595162795 0.3560948371887207 81
1761595163213 0.3359338343143463 82
1761595163578 0.30846723914146423 83
1761595163968 0.33443009853363037 84
1761595164353 0.3577171266078949 85
1761595164755 0.3187401294708252 86
1761595165148 0.31604528427124023 87
1761595165520 0.3091397285461426 88
1761595165870 0.32083195447921753 89
1761595166233 0.3080238997936249 90
1761595166605 0.2904864549636841 91
1761595166977 0.32353878021240234 92
1761595167383 0.30776306986808777 93
1761595167780 0.2786541283130646 94
1761595168161 0.27901551127433777 95
1761595168556 0.2535158097743988 96
1761595168976 0.2721681594848633 97
1761595169473 0.2829762101173401 98
1761595169891 0.2926945984363556 99
1761595131782 1.0840694904327393 0
