1761597725673 0.49594229459762573 0
1761597725915 0.5275022387504578 1
1761597726149 0.5279530882835388 2
1761597726382 0.5365194082260132 3
1761597726595 0.5360685586929321 4
1761597726808 0.5342651009559631 5
1761597727025 0.5405771136283875 6
1761597727234 0.548692524433136 7
1761597727543 0.5513976812362671 8
1761597727775 0.546889066696167 9
1761597728012 0.549143373966217 10
1761597728277 0.5559062361717224 11
1761597728496 0.5513976812362671 12
1761597728761 0.5608656406402588 13
1761597728970 0.5595130920410156 14
1761597729182 0.5658250451087952 15
1761597729404 0.566726803779602 16
1761597729612 0.5707845091819763 17
1761597729827 0.5725879073143005 18
1761597730049 0.5761947631835938 19
1761597730260 0.5716862082481384 20
1761597730497 0.5775473117828369 21
1761597730709 0.5825067758560181 22
1761597730925 0.5825067758560181 23
1761597731142 0.5825067758560181 24
1761597731355 0.5897204875946045 25
1761597731570 0.5901713371276855 26
1761597731790 0.5897204875946045 27
1761597731995 0.5924255847930908 28
1761597732206 0.6000901460647583 29
1761597732415 0.595581591129303 30
1761597732628 0.6041478514671326 31
1761597732855 0.5928764939308167 32
1761597733071 0.5964832901954651 33
1761597733291 0.5951307415962219 34
1761597733507 0.6045987606048584 35
1761597733720 0.6023444533348083 36
1761597733933 0.6045987606048584 37
1761597734147 0.6041478514671326 38
1761597734365 0.6154192686080933 39
1761597734582 0.6163210272789001 40
1761597734795 0.6068530082702637 41
1761597735011 0.6185752749443054 42
1761597735229 0.6109107136726379 43
1761597735443 0.6176735758781433 44
1761597735654 0.6257889866828918 45
1761597735867 0.6239855885505676 46
1761597736083 0.628944993019104 47
1761597736297 0.6158701777458191 48
1761597736515 0.6194770336151123 49
1761597725673 0.49594229459762573 0
