1761597725673 1.023846983909607 0
1761597725915 0.985024094581604 1
1761597726149 0.9770878553390503 2
1761597726382 0.9716272950172424 3
1761597726595 0.9670074582099915 4
1761597726808 0.9673908352851868 5
1761597727025 0.9649607539176941 6
1761597727234 0.9589929580688477 7
1761597727543 0.9524675607681274 8
1761597727775 0.9491243958473206 9
1761597728012 0.9480667114257812 10
1761597728277 0.9425110220909119 11
1761597728496 0.9384732842445374 12
1761597728761 0.9361368417739868 13
1761597728970 0.9318232536315918 14
1761597729182 0.9266219735145569 15
1761597729404 0.92616868019104 16
1761597729612 0.9221845269203186 17
1761597729827 0.9198965430259705 18
1761597730049 0.9136025309562683 19
1761597730260 0.9152278304100037 20
1761597730497 0.9112006425857544 21
1761597730709 0.9073268175125122 22
1761597730925 0.9045736789703369 23
1761597731142 0.9013071060180664 24
1761597731355 0.893377423286438 25
1761597731570 0.8908765316009521 26
1761597731790 0.8907133340835571 27
1761597731995 0.8868157863616943 28
1761597732206 0.8834088444709778 29
1761597732415 0.8825291395187378 30
1761597732628 0.8758219480514526 31
1761597732855 0.8756098747253418 32
1761597733071 0.8695601224899292 33
1761597733291 0.8733904957771301 34
1761597733507 0.8645690679550171 35
1761597733720 0.8655454516410828 36
1761597733933 0.8611155152320862 37
1761597734147 0.861731231212616 38
1761597734365 0.8554030656814575 39
1761597734582 0.8525280952453613 40
1761597734795 0.850896418094635 41
1761597735011 0.8405187726020813 42
1761597735229 0.8471325039863586 43
1761597735443 0.8467549681663513 44
1761597735654 0.8409991264343262 45
1761597735867 0.8378098607063293 46
1761597736083 0.8327513933181763 47
1761597736297 0.8363268971443176 48
1761597736515 0.8336118459701538 49
1761597725673 1.023846983909607 0
