1761612845177 0.9976131916046143 0
1761612845728 0.9744911789894104 1
1761612846265 0.9648348093032837 2
1761612846780 0.9587367177009583 3
1761612847326 0.9490818381309509 4
1761612847838 0.9235791563987732 5
1761612848356 0.9112423658370972 6
1761612848885 0.8873915672302246 7
1761612849448 0.8725060224533081 8
1761612849971 0.8567348718643188 9
1761612850488 0.8345972895622253 10
1761612850990 0.8192675709724426 11
1761612851512 0.7956147193908691 12
1761612852037 0.777198076248169 13
1761612852559 0.7686129212379456 14
1761612853094 0.7325551509857178 15
1761612853640 0.7171903848648071 16
1761612854150 0.688494861125946 17
1761612854660 0.6884229779243469 18
1761612855177 0.6559663414955139 19
1761612855685 0.6473286747932434 20
1761612856206 0.6343768239021301 21
1761612856715 0.6149786114692688 22
1761612857241 0.6078846454620361 23
1761612857772 0.5646519660949707 24
1761612858302 0.5716995000839233 25
1761612858819 0.5366833209991455 26
1761612859329 0.539648711681366 27
1761612859841 0.526913046836853 28
1761612860372 0.5295602083206177 29
1761612860925 0.5184136033058167 30
1761612861446 0.5198143720626831 31
1761612861976 0.47040483355522156 32
1761612862526 0.4541710615158081 33
1761612863052 0.4488186240196228 34
1761612863561 0.4322640895843506 35
1761612864078 0.4458466172218323 36
1761612864601 0.4224874675273895 37
1761612865118 0.4079410135746002 38
1761612865654 0.42382416129112244 39
1761612866189 0.3980775773525238 40
1761612866686 0.38130274415016174 41
1761612867189 0.3743137717247009 42
1761612867698 0.3670920431613922 43
1761612868227 0.34671303629875183 44
1761612868737 0.3630291223526001 45
1761612869246 0.33510828018188477 46
1761612869789 0.35704538226127625 47
1761612870325 0.32176804542541504 48
1761612870841 0.3600675165653229 49
1761612845177 0.9976131916046143 0
