1761604926693 0.37691614031791687 0
1761604926955 0.4026149809360504 1
1761604927227 0.3972046971321106 2
1761604927448 0.3990081250667572 3
1761604927660 0.435527503490448 4
1761604927872 0.42651036381721497 5
1761604928113 0.4152389466762543 6
1761604928426 0.419747531414032 7
1761604928652 0.4328223764896393 8
1761604928885 0.4301172196865082 9
1761604929100 0.43327322602272034 10
1761604929318 0.43237149715423584 11
1761604929574 0.426961213350296 12
1761604929800 0.4400360584259033 13
1761604930045 0.43237149715423584 14
1761604930261 0.4364292025566101 15
1761604930533 0.4427412152290344 16
1761604930790 0.44229036569595337 17
1761604931034 0.435527503490448 18
1761604931254 0.4495040476322174 19
1761604931477 0.44138863682746887 20
1761604931693 0.4504057765007019 21
1761604931913 0.4431920647621155 22
1761604932158 0.45266005396842957 23
1761604932396 0.44454464316368103 24
1761604932624 0.4504057765007019 25
1761604932837 0.44454464316368103 26
1761604933056 0.4535617530345917 27
1761604933276 0.4652840495109558 28
1761604933498 0.4679891765117645 29
1761604933711 0.4580703377723694 30
1761604933959 0.4562669098377228 31
1761604934218 0.45942291617393494 32
1761604934458 0.4693417549133301 33
1761604934684 0.46483317017555237 34
1761604934970 0.4711451828479767 35
1761604935175 0.46753832697868347 36
1761604935385 0.4702434539794922 37
1761604935670 0.4720468819141388 38
1761604935886 0.459873765707016 39
1761604936199 0.47430115938186646 40
1761604936472 0.4738503098487854 41
1761604936694 0.47069433331489563 42
1761604936912 0.4643823206424713 43
1761604937149 0.47790801525115967 44
1761604937372 0.47790801525115967 45
1761604937598 0.47159603238105774 46
1761604937828 0.47249773144721985 47
1761604938048 0.47520288825035095 48
1761604938312 0.4720468819141388 49
1761604926693 0.37691614031791687 0
