1761444810009 0.4132492244243622 0
1761444810869 0.4538080096244812 1
1761444811907 0.4601171612739563 2
1761444812914 0.4664263129234314 3
1761444813817 0.4867057204246521 4
1761444814400 0.4853537678718567 5
1761444815072 0.4984227120876312 6
1761444815696 0.49391618371009827 7
1761444816408 0.5155475735664368 8
1761444817062 0.5168995261192322 9
1761444818046 0.51509690284729 10
1761444818704 0.5340243577957153 11
1761444820164 0.5443893671035767 12
1761444820688 0.5430374145507812 13
1761444821650 0.5461919903755188 14
1761444822582 0.5579089522361755 15
1761444823087 0.5506985187530518 16
1761444824031 0.5691753029823303 17
1761444824932 0.563316822052002 18
1761444825834 0.5691753029823303 19
1761444826193 0.5768364071846008 20
1761444827096 0.589454710483551 21
1761444827736 0.5953131914138794 22
1761444828291 0.5903559923171997 23
1761444828936 0.604776918888092 24
1761444829637 0.6002703905105591 25
1761444830351 0.6011716723442078 26
1761444831076 0.6124380230903625 27
1761444831784 0.6187471747398376 28
1761444832537 0.6124380230903625 29
1761444833202 0.6264082789421082 30
1761444834252 0.629112184047699 31
1761444835097 0.6417304873466492 32
1761444835810 0.6313654780387878 33
1761444836695 0.6282109022140503 34
1761444837517 0.6408292055130005 35
1761444838238 0.6444344520568848 36
1761444838882 0.6516448855400085 37
1761444840381 0.6543487906455994 38
1761444841152 0.6557007431983948 39
1761444841725 0.6547994613647461 40
1761444842583 0.6647138595581055 41
1761444843453 0.6620098948478699 42
1761444844232 0.6620098948478699 43
1761444845030 0.6710230112075806 44
1761444845660 0.6701216697692871 45
1761444846211 0.6746281981468201 46
1761444846779 0.6674177646636963 47
1761444847352 0.6710230112075806 48
1761444848198 0.6854438781738281 49
1761444810009 0.4132492244243622 0
