1761444810009 1.0808876752853394 0
1761444810869 1.0492444038391113 1
1761444811907 1.0333455801010132 2
1761444812914 1.0270450115203857 3
1761444813817 1.015205979347229 4
1761444814400 1.0031826496124268 5
1761444815072 0.9939546585083008 6
1761444815696 0.9965646266937256 7
1761444816408 0.9770622253417969 8
1761444817062 0.9688183069229126 9
1761444818046 0.9680513739585876 10
1761444818704 0.9524298906326294 11
1761444820164 0.9439849853515625 12
1761444820688 0.9417662620544434 13
1761444821650 0.9292876720428467 14
1761444822582 0.927142322063446 15
1761444823087 0.9176903367042542 16
1761444824031 0.9088010787963867 17
1761444824932 0.9077998399734497 18
1761444825834 0.8986701965332031 19
1761444826193 0.8896903991699219 20
1761444827096 0.880041241645813 21
1761444827736 0.8769162893295288 22
1761444828291 0.8689854145050049 23
1761444828936 0.865053117275238 24
1761444829637 0.8598423004150391 25
1761444830351 0.8475375771522522 26
1761444831076 0.8475380539894104 27
1761444831784 0.8389235734939575 28
1761444832537 0.8354558944702148 29
1761444833202 0.8228321075439453 30
1761444834252 0.8194860219955444 31
1761444835097 0.8118931651115417 32
1761444835810 0.8134532570838928 33
1761444836695 0.8120821118354797 34
1761444837517 0.8045175671577454 35
1761444838238 0.7984059453010559 36
1761444838882 0.7943544387817383 37
1761444840381 0.7858904600143433 38
1761444841152 0.7813720107078552 39
1761444841725 0.7828373908996582 40
1761444842583 0.7732993960380554 41
1761444843453 0.76671302318573 42
1761444844232 0.7695152163505554 43
1761444845030 0.7600979804992676 44
1761444845660 0.7524560689926147 45
1761444846211 0.7461645603179932 46
1761444846779 0.7557346224784851 47
1761444847352 0.7513988018035889 48
1761444848198 0.7356995940208435 49
1761444810009 1.0808876752853394 0
