1761525892228 0.8197386264801025 0
1761525893471 0.8287516832351685 1
1761525894562 0.8287516832351685 2
1761525895948 0.8287516832351685 3
1761525896779 0.8287516832351685 4
1761525898131 0.8292023539543152 5
1761525900451 0.8292023539543152 6
1761525901598 0.8278504014015198 7
1761525903029 0.8310049772262573 8
1761525904397 0.8337088823318481 9
1761525905482 0.8382154107093811 10
1761525906480 0.8373141288757324 11
1761525907453 0.8494817614555359 12
1761525908562 0.8476791381835938 13
1761525909612 0.8535376191139221 14
1761525910615 0.8535376191139221 15
1761525911760 0.8607481122016907 16
1761525912921 0.8702117800712585 17
1761525914125 0.8760703206062317 18
1761525915256 0.8724650740623474 19
1761525916357 0.8796755075454712 20
1761525917531 0.8783235549926758 21
1761525918771 0.8828300833702087 22
1761525920006 0.8918431997299194 23
1761525921181 0.8927444815635681 24
1761525922342 0.8958990573883057 25
1761525923419 0.8945471048355103 26
1761525924501 0.9026588797569275 27
1761525925595 0.901757538318634 28
1761525926626 0.9076160192489624 29
1761525927805 0.8981522917747498 30
1761525928970 0.905813455581665 31
1761525930066 0.9067147374153137 32
1761525931189 0.9121226072311401 33
1761525932214 0.9089680314064026 34
1761525933206 0.9179810881614685 35
1761525934166 0.9224876165390015 36
1761525935156 0.9265434741973877 37
1761525936149 0.9166291356086731 38
1761525937239 0.9202343225479126 39
1761525938388 0.9202343225479126 40
1761525939780 0.9242902398109436 41
1761525940922 0.9166291356086731 42
1761525942072 0.9197837114334106 43
1761525943484 0.9251915216445923 44
1761525944540 0.9242902398109436 45
1761525945762 0.930148720741272 46
1761525947250 0.9333032965660095 47
1761525948487 0.9369085431098938 48
1761525949593 0.9351059198379517 49
1761525892228 0.8197386264801025 0
