1761525892228 0.594818115234375 0
1761525893471 0.5516800284385681 1
1761525894562 0.5470802187919617 2
1761525895948 0.5316805839538574 3
1761525896779 0.5214091539382935 4
1761525898131 0.5110803842544556 5
1761525900451 0.4989485740661621 6
1761525901598 0.48043572902679443 7
1761525903029 0.4754537343978882 8
1761525904397 0.46100613474845886 9
1761525905482 0.447760671377182 10
1761525906480 0.4285820722579956 11
1761525907453 0.4263286888599396 12
1761525908562 0.4045369625091553 13
1761525909612 0.39815813302993774 14
1761525910615 0.38973256945610046 15
1761525911760 0.3818977475166321 16
1761525912921 0.36309051513671875 17
1761525914125 0.3431978225708008 18
1761525915256 0.34825319051742554 19
1761525916357 0.33068323135375977 20
1761525917531 0.3317326307296753 21
1761525918771 0.3145543336868286 22
1761525920006 0.3112541437149048 23
1761525921181 0.3030679225921631 24
1761525922342 0.29406893253326416 25
1761525923419 0.284422367811203 26
1761525924501 0.28156888484954834 27
1761525925595 0.27308547496795654 28
1761525926626 0.26039841771125793 29
1761525927805 0.2716826796531677 30
1761525928970 0.2555161714553833 31
1761525930066 0.2526716887950897 32
1761525931189 0.24979205429553986 33
1761525932214 0.23256619274616241 34
1761525933206 0.2313290238380432 35
1761525934166 0.21750210225582123 36
1761525935156 0.21663811802864075 37
1761525936149 0.22549664974212646 38
1761525937239 0.21013325452804565 39
1761525938388 0.22202101349830627 40
1761525939780 0.2069196254014969 41
1761525940922 0.21136946976184845 42
1761525942072 0.20211729407310486 43
1761525943484 0.1882014274597168 44
1761525944540 0.19251476228237152 45
1761525945762 0.18595312535762787 46
1761525947250 0.1781216710805893 47
1761525948487 0.16845253109931946 48
1761525949593 0.17298036813735962 49
1761525892228 0.594818115234375 0
