1761588760197 0.459873765707016 0
1761588760440 0.4661857485771179 1
1761588760669 0.4792605936527252 2
1761588760912 0.5018033981323242 3
1761588761146 0.5112714171409607 4
1761588761492 0.5103697180747986 5
1761588761728 0.5256988406181335 6
1761588761971 0.5288548469543457 7
1761588762210 0.5306582450866699 8
1761588762438 0.5446348190307617 9
1761588762670 0.5482416749000549 10
1761588762897 0.5649233460426331 11
1761588763128 0.5541027784347534 12
1761588763362 0.5590622425079346 13
1761588763597 0.5770964622497559 14
1761588763835 0.5784490704536438 15
1761588764096 0.5870153307914734 16
1761588764333 0.5856627821922302 17
1761588764578 0.5870153307914734 18
1761588764809 0.596032440662384 19
1761588765079 0.611361563205719 20
1761588765324 0.6095581650733948 21
1761588765576 0.6077547073364258 22
1761588765826 0.6059513092041016 23
1761588766182 0.6235347390174866 24
1761588766431 0.6212804317474365 25
1761588766734 0.6339043974876404 26
1761588767017 0.626690685749054 27
1761588767294 0.6334535479545593 28
1761588767525 0.646077573299408 29
1761588767922 0.6456266641616821 30
1761588768160 0.64472496509552 31
1761588768419 0.6406672596931458 32
1761588768663 0.6478809714317322 33
1761588768904 0.6564472317695618 34
1761588769155 0.6519386768341064 35
1761588769385 0.6451758146286011 36
1761588769672 0.6528403759002686 37
1761588769920 0.6659152507781982 38
1761588770184 0.6668169498443604 39
1761588770445 0.6645626425743103 40
1761588770670 0.6681694984436035 41
1761588770897 0.6654644012451172 42
1761588771121 0.6767358183860779 43
1761588771350 0.6871054768562317 44
1761588771587 0.662308394908905 45
1761588771827 0.6866546273231506 46
1761588772057 0.6889089345932007 47
1761588772282 0.6722272038459778 48
1761588772509 0.6902614831924438 49
1761588772760 0.6866546273231506 50
1761588773000 0.6902614831924438 51
1761588773239 0.6916140913963318 52
1761588773470 0.7024345993995667 53
1761588773745 0.7001803517341614 54
1761588773986 0.6974751949310303 55
1761588774244 0.7037872076034546 56
1761588774465 0.7060414552688599 57
1761588774691 0.7001803517341614 58
1761588774926 0.7100991606712341 59
1761588775159 0.7096483111381531 60
1761588775393 0.7123534679412842 61
1761588775625 0.7186654806137085 62
1761588775860 0.7141569256782532 63
1761588776084 0.7164111733436584 64
1761588776311 0.7200180292129517 65
1761588776585 0.7141569256782532 66
1761588776880 0.7209197282791138 67
1761588777153 0.724977433681488 68
1761588777433 0.7218214869499207 69
1761588777701 0.7294860482215881 70
1761588777965 0.7254283428192139 71
1761588778211 0.7335437536239624 72
1761588778506 0.7321911454200745 73
1761588778796 0.7312894463539124 74
1761588779044 0.7294860482215881 75
1761588779284 0.7344454526901245 76
1761588779536 0.7308385968208313 77
1761588779793 0.7380523085594177 78
1761588780045 0.7398557066917419 79
1761588780343 0.7484220266342163 80
1761588780597 0.742110013961792 81
1761588780845 0.7385031580924988 82
1761588781097 0.7466185688972473 83
1761588781359 0.7479711174964905 84
1761588781616 0.7461677193641663 85
1761588781897 0.744364321231842 86
1761588782176 0.7407574653625488 87
1761588782478 0.7457168698310852 88
1761588782771 0.7479711174964905 89
1761588783065 0.7515779733657837 90
1761588783316 0.7610459923744202 91
1761588783596 0.7524797320365906 92
1761588783848 0.7461677193641663 93
1761588784144 0.7497745752334595 94
1761588784397 0.7565374374389648 95
1761588784661 0.759693443775177 96
1761588784924 0.7709648609161377 97
1761588785195 0.7637511491775513 98
1761588785496 0.7587916851043701 99
1761588760197 0.459873765707016 0
