1761588760197 1.050915241241455 0
1761588760440 1.028274416923523 1
1761588760669 1.0144524574279785 2
1761588760912 1.0017913579940796 3
1761588761146 0.9946013689041138 4
1761588761492 0.9848732948303223 5
1761588761728 0.9771735072135925 6
1761588761971 0.9695432782173157 7
1761588762210 0.9610187411308289 8
1761588762438 0.9487407207489014 9
1761588762670 0.9442978501319885 10
1761588762897 0.9347827434539795 11
1761588763128 0.9307354092597961 12
1761588763362 0.9276657104492188 13
1761588763597 0.9106752276420593 14
1761588763835 0.9075007438659668 15
1761588764096 0.8966837525367737 16
1761588764333 0.8908419609069824 17
1761588764578 0.881928026676178 18
1761588764809 0.8803344368934631 19
1761588765079 0.870011568069458 20
1761588765324 0.8626158833503723 21
1761588765576 0.8549779057502747 22
1761588765826 0.8506903052330017 23
1761588766182 0.8405894041061401 24
1761588766431 0.8386310935020447 25
1761588766734 0.8269084692001343 26
1761588767017 0.8240501880645752 27
1761588767294 0.8163843750953674 28
1761588767525 0.8093646764755249 29
1761588767922 0.803127646446228 30
1761588768160 0.8022105693817139 31
1761588768419 0.7927185893058777 32
1761588768663 0.7989010214805603 33
1761588768904 0.7814094424247742 34
1761588769155 0.7795779705047607 35
1761588769385 0.7823814153671265 36
1761588769672 0.77376389503479 37
1761588769920 0.7645708322525024 38
1761588770184 0.7636903524398804 39
1761588770445 0.7596704959869385 40
1761588770670 0.7563750147819519 41
1761588770897 0.7546995282173157 42
1761588771121 0.7431445121765137 43
1761588771350 0.734175443649292 44
1761588771587 0.740142285823822 45
1761588771827 0.7288727164268494 46
1761588772057 0.7249662280082703 47
1761588772282 0.7332920432090759 48
1761588772509 0.7176169157028198 49
1761588772760 0.7202800512313843 50
1761588773000 0.7190772891044617 51
1761588773239 0.7080028057098389 52
1761588773470 0.705281674861908 53
1761588773745 0.7022659778594971 54
1761588773986 0.6974552273750305 55
1761588774244 0.699471652507782 56
1761588774465 0.6904540061950684 57
1761588774691 0.6929493546485901 58
1761588774926 0.6775413751602173 59
1761588775159 0.6759495735168457 60
1761588775393 0.6757315993309021 61
1761588775625 0.6684829592704773 62
1761588775860 0.6680229902267456 63
1761588776084 0.6640642881393433 64
1761588776311 0.6651843786239624 65
1761588776585 0.6575429439544678 66
1761588776880 0.667256236076355 67
1761588777153 0.6564280986785889 68
1761588777433 0.6511136889457703 69
1761588777701 0.6469808220863342 70
1761588777965 0.6482588052749634 71
1761588778211 0.6532453894615173 72
1761588778506 0.6379181742668152 73
1761588778796 0.6345242261886597 74
1761588779044 0.6395761370658875 75
1761588779284 0.6359085440635681 76
1761588779536 0.6318914294242859 77
1761588779793 0.6264801621437073 78
1761588780045 0.6190763711929321 79
1761588780343 0.6163410544395447 80
1761588780597 0.6135468482971191 81
1761588780845 0.6176747679710388 82
1761588781097 0.6052513718605042 83
1761588781359 0.6026203632354736 84
1761588781616 0.6046425700187683 85
1761588781897 0.6029811501502991 86
1761588782176 0.6116999983787537 87
1761588782478 0.5985363721847534 88
1761588782771 0.6004723906517029 89
1761588783065 0.593840479850769 90
1761588783316 0.5883997678756714 91
1761588783596 0.5867869853973389 92
1761588783848 0.5869585275650024 93
1761588784144 0.5826032757759094 94
1761588784397 0.5774930715560913 95
1761588784661 0.582521378993988 96
1761588784924 0.5713463425636292 97
1761588785195 0.5758858323097229 98
1761588785496 0.58255934715271 99
1761588760197 1.050915241241455 0
