1761617602276 0.5031560063362122 0
1761617602866 0.5509467720985413 1
1761617603453 0.5550045371055603 2
1761617604186 0.5757439136505127 3
1761617604927 0.5807033181190491 4
1761617605526 0.6077547073364258 5
1761617606145 0.6185752749443054 6
1761617606852 0.6100090146064758 7
1761617607546 0.6230838298797607 8
1761617608324 0.6271415948867798 9
1761617608949 0.6393147110939026 10
1761617609577 0.6609557867050171 11
1761617610139 0.6677186489105225 12
1761617610759 0.6853020787239075 13
1761617611301 0.6898106336593628 14
1761617611975 0.6943191885948181 15
1761617612670 0.6961226463317871 16
1761617613250 0.7069432139396667 17
1761617613855 0.7128043174743652 18
1761617614445 0.7281334400177002 19
1761617615044 0.7357980012893677 20
1761617615728 0.7366997003555298 21
1761617616416 0.7376014590263367 22
1761617617102 0.742560863494873 23
1761617617739 0.7407574653625488 24
1761617618432 0.7515779733657837 25
1761617619020 0.7642019987106323 26
1761617619638 0.7682597041130066 27
1761617620313 0.773669958114624 28
1761617620938 0.7723174095153809 29
1761617621267 0.7745716571807861 30
1761617621622 0.7768259644508362 31
1761617622340 0.7876465320587158 32
1761617623074 0.7862939834594727 33
1761617623752 0.8016231060028076 34
1761617624391 0.8038773536682129 35
1761617625071 0.8020739555358887 36
1761617625715 0.806582510471344 37
1761617626351 0.8106402158737183 38
1761617626977 0.7948602437973022 39
1761617627565 0.8133453726768494 40
1761617628239 0.8259693384170532 41
1761617628875 0.8277727961540222 42
1761617629492 0.8282236456871033 43
1761617630129 0.82236248254776 44
1761617630768 0.8259693384170532 45
1761617631482 0.8318305015563965 46
1761617631914 0.8309287428855896 47
1761617632449 0.8385933041572571 48
1761617633060 0.8444544672966003 49
1761617602276 0.5031560063362122 0
