1761617602276 0.9785283803939819 0
1761617602866 0.9452731013298035 1
1761617603453 0.9325485229492188 2
1761617604186 0.908155083656311 3
1761617604927 0.8994747400283813 4
1761617605526 0.8831747770309448 5
1761617606145 0.863548755645752 6
1761617606852 0.8643257021903992 7
1761617607546 0.8339685201644897 8
1761617608324 0.826197624206543 9
1761617608949 0.8139261603355408 10
1761617609577 0.7844313383102417 11
1761617610139 0.7786076664924622 12
1761617610759 0.7521154284477234 13
1761617611301 0.7457781434059143 14
1761617611975 0.7229147553443909 15
1761617612670 0.7120015621185303 16
1761617613250 0.6894205808639526 17
1761617613855 0.6844522953033447 18
1761617614445 0.6655412316322327 19
1761617615044 0.65423583984375 20
1761617615728 0.641226053237915 21
1761617616416 0.6263985633850098 22
1761617617102 0.6241297721862793 23
1761617617739 0.6093316078186035 24
1761617618432 0.5979858636856079 25
1761617619020 0.5735958218574524 26
1761617619638 0.5559474229812622 27
1761617620313 0.552807629108429 28
1761617620938 0.5529506802558899 29
1761617621267 0.5392099618911743 30
1761617621622 0.537258505821228 31
1761617622340 0.5185420513153076 32
1761617623074 0.5188183784484863 33
1761617623752 0.4935581684112549 34
1761617624391 0.4763270616531372 35
1761617625071 0.4814470708370209 36
1761617625715 0.4767780303955078 37
1761617626351 0.46530231833457947 38
1761617626977 0.485665887594223 39
1761617627565 0.4525951147079468 40
1761617628239 0.4380301237106323 41
1761617628875 0.4215569794178009 42
1761617629492 0.4215705990791321 43
1761617630129 0.42355337738990784 44
1761617630768 0.41759610176086426 45
1761617631482 0.3994236886501312 46
1761617631914 0.41354280710220337 47
1761617632449 0.400309681892395 48
1761617633060 0.3860313892364502 49
1761617602276 0.9785283803939819 0
