1761467415636 0.9520334601402283 0
1761467416159 0.9026660919189453 1
1761467416986 0.8938753008842468 2
1761467417760 0.8803808093070984 3
1761467418546 0.86918705701828 4
1761467419302 0.8596644997596741 5
1761467420078 0.8559485673904419 6
1761467420788 0.8351789712905884 7
1761467421501 0.8250716328620911 8
1761467422207 0.8426031470298767 9
1761467422932 0.8234702944755554 10
1761467423643 0.8095868825912476 11
1761467424351 0.7953687310218811 12
1761467424998 0.7973510026931763 13
1761467425652 0.7763164639472961 14
1761467426302 0.7714738249778748 15
1761467426957 0.7474572062492371 16
1761467427695 0.7596332430839539 17
1761467428332 0.771784782409668 18
1761467428931 0.7462159991264343 19
1761467429589 0.7343962788581848 20
1761467430244 0.7313926815986633 21
1761467430867 0.708061158657074 22
1761467431644 0.7127237319946289 23
1761467432418 0.7018721699714661 24
1761467433189 0.713035523891449 25
1761467433913 0.6942796111106873 26
1761467434670 0.6834366917610168 27
1761467435275 0.6841931343078613 28
1761467435918 0.6694700717926025 29
1761467436599 0.6732001304626465 30
1761467437467 0.6983895897865295 31
1761467438228 0.6798311471939087 32
1761467438992 0.659963846206665 33
1761467439723 0.6668443083763123 34
1761467440513 0.6277620792388916 35
1761467441055 0.6401885747909546 36
1761467441805 0.622040867805481 37
1761467442582 0.6379235982894897 38
1761467443206 0.628614068031311 39
1761467443867 0.6312274932861328 40
1761467444529 0.6177148222923279 41
1761467445188 0.5955324172973633 42
1761467445881 0.6098558306694031 43
1761467446588 0.6060393452644348 44
1761467447314 0.6104236245155334 45
1761467447798 0.5902393460273743 46
1761467448437 0.5998506546020508 47
1761467449093 0.5675270557403564 48
1761467449757 0.5645413994789124 49
1761467415636 0.9520334601402283 0
