1761534414116 0.8861693143844604 0
1761534414501 0.8677803874015808 1
1761534414847 0.8582112193107605 2
1761534415200 0.8599735498428345 3
1761534415576 0.8532707691192627 4
1761534415939 0.8467114567756653 5
1761534416315 0.846263587474823 6
1761534416674 0.8387340307235718 7
1761534417025 0.8369320034980774 8
1761534417369 0.8317705988883972 9
1761534417730 0.8239638805389404 10
1761534418099 0.8300355672836304 11
1761534418470 0.8215353488922119 12
1761534418855 0.8155705332756042 13
1761534419211 0.804871141910553 14
1761534419583 0.8077889680862427 15
1761534420046 0.7908267378807068 16
1761534420420 0.7903088927268982 17
1761534420758 0.775171160697937 18
1761534421131 0.7683290839195251 19
1761534421495 0.760970950126648 20
1761534422161 0.7540086507797241 21
1761534422521 0.7491649389266968 22
1761534422879 0.736175000667572 23
1761534423259 0.732211709022522 24
1761534423611 0.7244405150413513 25
1761534423970 0.716362714767456 26
1761534424326 0.7098290324211121 27
1761534424688 0.6972438097000122 28
1761534425059 0.6938706040382385 29
1761534425416 0.7019696235656738 30
1761534425767 0.6943028569221497 31
1761534426121 0.6776410341262817 32
1761534426467 0.6731180548667908 33
1761534426823 0.6491507291793823 34
1761534427221 0.6571128368377686 35
1761534427584 0.6465308666229248 36
1761534427917 0.6418362855911255 37
1761534428270 0.6449078917503357 38
1761534428616 0.6268317699432373 39
1761534428971 0.6101560592651367 40
1761534429333 0.6148983240127563 41
1761534429689 0.6171374917030334 42
1761534430057 0.5958007574081421 43
1761534430425 0.5950588583946228 44
1761534430799 0.5877147316932678 45
1761534431158 0.5887649655342102 46
1761534431528 0.5940180420875549 47
1761534431885 0.5626380443572998 48
1761534432242 0.5528176426887512 49
1761534432603 0.5559976100921631 50
1761534432947 0.5550614595413208 51
1761534433295 0.5407344698905945 52
1761534433648 0.5362248420715332 53
1761534434015 0.5379378795623779 54
1761534434368 0.5272932052612305 55
1761534434720 0.5274044871330261 56
1761534435074 0.5084349513053894 57
1761534435434 0.5163688063621521 58
1761534435782 0.5047677159309387 59
1761534436140 0.5099713206291199 60
1761534436494 0.5004913806915283 61
1761534436844 0.5051596164703369 62
1761534437201 0.47677215933799744 63
1761534437554 0.4848001301288605 64
1761534437920 0.462175577878952 65
1761534438286 0.4723842740058899 66
1761534438658 0.46438005566596985 67
1761534439006 0.45365726947784424 68
1761534439351 0.4446474313735962 69
1761534439706 0.4401678144931793 70
1761534440063 0.446013480424881 71
1761534440426 0.43754690885543823 72
1761534440787 0.4335729479789734 73
1761534441138 0.45319226384162903 74
1761534441500 0.4164678454399109 75
1761534441846 0.41233089566230774 76
1761534442198 0.42867305874824524 77
1761534442544 0.4118288457393646 78
1761534442905 0.3915695548057556 79
1761534443261 0.3906581997871399 80
1761534443638 0.39244332909584045 81
1761534443999 0.38049593567848206 82
1761534444352 0.3792845904827118 83
1761534444716 0.3792729377746582 84
1761534445089 0.36848410964012146 85
1761534445451 0.3732679784297943 86
1761534445822 0.36810657382011414 87
1761534446176 0.35417184233665466 88
1761534446566 0.3492651581764221 89
1761534446915 0.3608200252056122 90
1761534447280 0.345234215259552 91
1761534447634 0.33777308464050293 92
1761534447999 0.3364635705947876 93
1761534448372 0.34823286533355713 94
1761534448717 0.3380865454673767 95
1761534449057 0.33431634306907654 96
1761534449409 0.35399141907691956 97
1761534449744 0.3379376232624054 98
1761534450099 0.3443196713924408 99
1761534414116 0.8861693143844604 0
