1761608791482 0.475653737783432 0
1761608791722 0.515329122543335 1
1761608791943 0.5306582450866699 2
1761608792158 0.5550045371055603 3
1761608792376 0.548692524433136 4
1761608792596 0.5743913650512695 5
1761608792810 0.5843101739883423 6
1761608793028 0.597835898399353 7
1761608793254 0.613165020942688 8
1761608793475 0.6275924444198608 9
1761608793689 0.6451758146286011 10
1761608793907 0.6424707174301147 11
1761608794127 0.6577998399734497 12
1761608794343 0.6663661003112793 13
1761608794565 0.6663661003112793 14
1761608794783 0.6871054768562317 15
1761608795001 0.6884580850601196 16
1761608795219 0.7024345993995667 17
1761608795436 0.7119026184082031 18
1761608795659 0.709197461605072 19
1761608795876 0.7177637219429016 20
1761608796091 0.7182146310806274 21
1761608796311 0.7258791923522949 22
1761608796527 0.740306556224823 23
1761608796749 0.7493237257003784 24
1761608796964 0.7434625625610352 25
1761608797184 0.7551848292350769 26
1761608797408 0.7592425346374512 27
1761608797626 0.7696122527122498 28
1761608797845 0.7633002996444702 29
1761608798062 0.7903516888618469 30
1761608798287 0.7885482311248779 31
1761608798507 0.788999080657959 32
1761608798722 0.7849413752555847 33
1761608798950 0.7939585447311401 34
1761608799168 0.7975654006004333 35
1761608799380 0.8011722564697266 36
1761608799594 0.8025248050689697 37
1761608799810 0.8128945231437683 38
1761608800028 0.8155996203422546 39
1761608800243 0.8110910654067993 40
1761608800463 0.8178539276123047 41
1761608800684 0.821911633014679 42
1761608800899 0.8300270438194275 43
1761608801123 0.8196573257446289 44
1761608801355 0.8286744952201843 45
1761608801574 0.8232641816139221 46
1761608801793 0.8471596240997314 47
1761608802012 0.8431019186973572 48
1761608802230 0.8345355987548828 49
1761608791482 0.475653737783432 0
