1761608791482 1.0284953117370605 0
1761608791722 0.9925717711448669 1
1761608791943 0.9810892343521118 2
1761608792158 0.9540923237800598 3
1761608792376 0.941824197769165 4
1761608792596 0.9229142665863037 5
1761608792810 0.8967905044555664 6
1761608793028 0.8834303021430969 7
1761608793254 0.8679776191711426 8
1761608793475 0.8452852964401245 9
1761608793689 0.8213328123092651 10
1761608793907 0.802639365196228 11
1761608794127 0.7936296463012695 12
1761608794343 0.7656576633453369 13
1761608794565 0.7587321996688843 14
1761608794783 0.7322266101837158 15
1761608795001 0.7240597009658813 16
1761608795219 0.6961841583251953 17
1761608795436 0.6965559124946594 18
1761608795659 0.6760643720626831 19
1761608795876 0.6576436161994934 20
1761608796091 0.6496002674102783 21
1761608796311 0.6307321786880493 22
1761608796527 0.6125395894050598 23
1761608796749 0.5888344645500183 24
1761608796964 0.594831645488739 25
1761608797184 0.5827103853225708 26
1761608797408 0.5724183917045593 27
1761608797626 0.5506919622421265 28
1761608797845 0.5524561405181885 29
1761608798062 0.51593416929245 30
1761608798287 0.5138782262802124 31
1761608798507 0.5143929719924927 32
1761608798722 0.5137091279029846 33
1761608798950 0.5113280415534973 34
1761608799168 0.4931907057762146 35
1761608799380 0.47544828057289124 36
1761608799594 0.4682918190956116 37
1761608799810 0.4553817808628082 38
1761608800028 0.45011594891548157 39
1761608800243 0.4446567893028259 40
1761608800463 0.43982166051864624 41
1761608800684 0.43728700280189514 42
1761608800899 0.42111635208129883 43
1761608801123 0.4343527555465698 44
1761608801355 0.4146355986595154 45
1761608801574 0.4113468825817108 46
1761608801793 0.3835161626338959 47
1761608802012 0.39237985014915466 48
1761608802230 0.379325807094574 49
1761608791482 1.0284953117370605 0
