1761466982851 0.4668157994747162 0
1761466983260 0.5950782895088196 1
1761466983549 0.5958240032196045 2
1761466983890 0.5950782895088196 3
1761466984333 0.5973154306411743 4
1761466984803 0.5973154306411743 5
1761466985195 0.5980611443519592 6
1761466985630 0.599552571773529 7
1761466986000 0.5928411483764648 8
1761466986415 0.5950782895088196 9
1761466986871 0.591349720954895 10
1761466987280 0.5980611443519592 11
1761466987697 0.600298285484314 12
1761466988109 0.591349720954895 13
1761466988534 0.5928411483764648 14
1761466988978 0.5950782895088196 15
1761466989428 0.5965697169303894 16
1761466989912 0.5920954346656799 17
1761466990356 0.5950782895088196 18
1761466990787 0.5920954346656799 19
1761466991195 0.5935868620872498 20
1761466991612 0.5950782895088196 21
1761466992041 0.5935868620872498 22
1761466992487 0.591349720954895 23
1761466992860 0.5980611443519592 24
1761466993260 0.5935868620872498 25
1761466993682 0.5943325757980347 26
1761466994159 0.5965697169303894 27
1761466994603 0.5958240032196045 28
1761466994987 0.6025354266166687 29
1761466995404 0.5920954346656799 30
1761466995823 0.6017897129058838 31
1761466996244 0.5943325757980347 32
1761466996666 0.5950782895088196 33
1761466997110 0.5980611443519592 34
1761466997513 0.6040268540382385 35
1761466997919 0.5920954346656799 36
1761466998336 0.5950782895088196 37
1761466998766 0.5965697169303894 38
1761466999241 0.5965697169303894 39
1761466999660 0.5950782895088196 40
1761467000056 0.6062639951705933 41
1761467000471 0.599552571773529 42
1761467000890 0.5950782895088196 43
1761467001319 0.6010439991950989 44
1761467001784 0.6025354266166687 45
1761467002132 0.599552571773529 46
1761467002429 0.5988068580627441 47
1761467002842 0.5973154306411743 48
1761467003297 0.6017897129058838 49
1761466982851 0.4668157994747162 0
