1761466982851 1.1054948568344116 0
1761466983260 0.9368927478790283 1
1761466983549 0.9320307970046997 2
1761466983890 0.9263589978218079 3
1761466984333 0.9225649237632751 4
1761466984803 0.9183627963066101 5
1761466985195 0.9182978272438049 6
1761466985630 0.9140558838844299 7
1761466986000 0.916438102722168 8
1761466986415 0.9150387048721313 9
1761466986871 0.9135980010032654 10
1761466987280 0.9102950692176819 11
1761466987697 0.9124748706817627 12
1761466988109 0.9103109240531921 13
1761466988534 0.9098565578460693 14
1761466988978 0.9090646505355835 15
1761466989428 0.9096160531044006 16
1761466989912 0.906391978263855 17
1761466990356 0.9074405431747437 18
1761466990787 0.907626748085022 19
1761466991195 0.9102208018302917 20
1761466991612 0.9031262993812561 21
1761466992041 0.9062444567680359 22
1761466992487 0.9035818576812744 23
1761466992860 0.9014025926589966 24
1761466993260 0.9038001298904419 25
1761466993682 0.9015498757362366 26
1761466994159 0.9001363515853882 27
1761466994603 0.9001429080963135 28
1761466994987 0.9003764986991882 29
1761466995404 0.90036940574646 30
1761466995823 0.9001137018203735 31
1761466996244 0.8978515267372131 32
1761466996666 0.8996058702468872 33
1761466997110 0.9008470177650452 34
1761466997513 0.8993768095970154 35
1761466997919 0.8981828689575195 36
1761466998336 0.8970168232917786 37
1761466998766 0.896547257900238 38
1761466999241 0.8966097235679626 39
1761466999660 0.8947392702102661 40
1761467000056 0.8944774270057678 41
1761467000471 0.8958688378334045 42
1761467000890 0.896534264087677 43
1761467001319 0.8933649659156799 44
1761467001784 0.8925520181655884 45
1761467002132 0.8919718861579895 46
1761467002429 0.8895778656005859 47
1761467002842 0.8900285959243774 48
1761467003297 0.8898121118545532 49
1761466982851 1.1054948568344116 0
