1761601351298 1.0056483745574951 0
1761601351694 0.9882301688194275 1
1761601352104 0.9826506972312927 2
1761601352480 0.9746369123458862 3
1761601352852 0.9669020175933838 4
1761601353221 0.9614025354385376 5
1761601353610 0.9533926844596863 6
1761601353970 0.9468818306922913 7
1761601354342 0.9407886266708374 8
1761601354719 0.9339348673820496 9
1761601355097 0.9225926995277405 10
1761601355467 0.9155580997467041 11
1761601355841 0.904636800289154 12
1761601356218 0.9013530611991882 13
1761601356591 0.884727954864502 14
1761601356967 0.875204861164093 15
1761601357333 0.8578606843948364 16
1761601357689 0.8471804857254028 17
1761601358059 0.8367995619773865 18
1761601358427 0.8301972150802612 19
1761601358796 0.8015087246894836 20
1761601359172 0.7917870879173279 21
1761601359538 0.7811750769615173 22
1761601359910 0.7819368243217468 23
1761601360287 0.7644917964935303 24
1761601360661 0.7561612129211426 25
1761601361033 0.74116450548172 26
1761601361414 0.7313957810401917 27
1761601361763 0.713821291923523 28
1761601362121 0.724303126335144 29
1761601362498 0.7072951197624207 30
1761601362874 0.6930184364318848 31
1761601363260 0.7068647146224976 32
1761601363637 0.69829261302948 33
1761601364010 0.6730402112007141 34
1761601364393 0.6635844707489014 35
1761601364779 0.6429020166397095 36
1761601365161 0.6347705721855164 37
1761601365537 0.6169343590736389 38
1761601365924 0.6229895353317261 39
1761601366300 0.6105995774269104 40
1761601366653 0.5909816026687622 41
1761601367023 0.6053271293640137 42
1761601367380 0.6036713123321533 43
1761601367752 0.5924417972564697 44
1761601368142 0.5916879177093506 45
1761601368498 0.5863749384880066 46
1761601368874 0.5743684768676758 47
1761601369250 0.5537996292114258 48
1761601369621 0.5621165037155151 49
1761601351298 1.0056483745574951 0
