1761598211996 0.5297619104385376 0
1761598212459 0.5469576716423035 1
1761598212680 0.5522486567497253 2
1761598212870 0.5509259104728699 3
1761598213058 0.5555555820465088 4
1761598213356 0.5509259104728699 5
1761598213543 0.5667989253997803 6
1761598213730 0.5667989253997803 7
1761598213911 0.5846560597419739 8
1761598214096 0.5800264477729797 9
1761598214279 0.5886243581771851 10
1761598214461 0.5952380895614624 11
1761598214648 0.601190447807312 12
1761598214826 0.6005290746688843 13
1761598215009 0.5992063283920288 14
1761598215192 0.6044973731040955 15
1761598215375 0.5992063283920288 16
1761598215559 0.5958994626998901 17
1761598215744 0.6137565970420837 18
1761598215927 0.60317462682724 19
1761598216110 0.6170634627342224 20
1761598216292 0.6124338507652283 21
1761598216471 0.6164020895957947 22
1761598216647 0.6289682388305664 23
1761598216833 0.6276454925537109 24
1761598217013 0.6236772537231445 25
1761598217197 0.6263227462768555 26
1761598217378 0.6296296119689941 27
1761598217561 0.6309523582458496 28
1761598217743 0.6243386268615723 29
1761598217916 0.6322751045227051 30
1761598218096 0.6309523582458496 31
1761598218277 0.6309523582458496 32
1761598218462 0.6402116417884827 33
1761598218643 0.6501322984695435 34
1761598218822 0.6441798806190491 35
1761598219008 0.6408730149269104 36
1761598219190 0.6395502686500549 37
1761598219373 0.6455026268959045 38
1761598219565 0.6574074029922485 39
1761598219752 0.648809552192688 40
1761598219935 0.6560846567153931 41
1761598220115 0.6547619104385376 42
1761598220296 0.6560846567153931 43
1761598220482 0.6653439402580261 44
1761598220664 0.6541005373001099 45
1761598220846 0.6752645373344421 46
1761598221027 0.6693121790885925 47
1761598221211 0.6633597612380981 48
1761598221394 0.6699735522270203 49
1761598211996 0.5297619104385376 0
