1761598211996 0.9668394923210144 0
1761598212459 0.9401420950889587 1
1761598212680 0.9331504106521606 2
1761598212870 0.926413893699646 3
1761598213058 0.9228723645210266 4
1761598213356 0.9199952483177185 5
1761598213543 0.9104976058006287 6
1761598213730 0.906593918800354 7
1761598213911 0.9004405736923218 8
1761598214096 0.8976187109947205 9
1761598214279 0.8949146866798401 10
1761598214461 0.8987005352973938 11
1761598214648 0.8853402733802795 12
1761598214826 0.8802230358123779 13
1761598215009 0.8782830834388733 14
1761598215192 0.8768406510353088 15
1761598215375 0.873792290687561 16
1761598215559 0.8756595253944397 17
1761598215744 0.863985002040863 18
1761598215927 0.8642250895500183 19
1761598216110 0.8595572710037231 20
1761598216292 0.8582271337509155 21
1761598216471 0.8542680740356445 22
1761598216647 0.8484175205230713 23
1761598216833 0.8425727486610413 24
1761598217013 0.8390862941741943 25
1761598217197 0.8382275104522705 26
1761598217378 0.837952733039856 27
1761598217561 0.8331030011177063 28
1761598217743 0.8345464468002319 29
1761598217916 0.8230124115943909 30
1761598218096 0.8228200078010559 31
1761598218277 0.8238784670829773 32
1761598218462 0.8198245167732239 33
1761598218643 0.811709463596344 34
1761598218822 0.8085177540779114 35
1761598219008 0.8061532974243164 36
1761598219190 0.8090168237686157 37
1761598219373 0.7992554306983948 38
1761598219565 0.7982829809188843 39
1761598219752 0.7974866628646851 40
1761598219935 0.7866518497467041 41
1761598220115 0.7918221354484558 42
1761598220296 0.7956085205078125 43
1761598220482 0.7808701992034912 44
1761598220664 0.7854568958282471 45
1761598220846 0.7669821381568909 46
1761598221027 0.7748242020606995 47
1761598221211 0.7713887095451355 48
1761598221394 0.7611003518104553 49
1761598211996 0.9668394923210144 0
