1761591747931 1.0116575956344604 0
1761591748215 0.9827703833580017 1
1761591748467 0.9771451950073242 2
1761591748717 0.9687932729721069 3
1761591748984 0.9615868330001831 4
1761591749249 0.9541057348251343 5
1761591749505 0.9435232877731323 6
1761591749764 0.9367455840110779 7
1761591750069 0.9308247566223145 8
1761591750306 0.9272306561470032 9
1761591750565 0.9188470840454102 10
1761591750817 0.9141397476196289 11
1761591751065 0.9121003746986389 12
1761591751313 0.8987508416175842 13
1761591751573 0.8931174874305725 14
1761591751818 0.8887088298797607 15
1761591752062 0.8804429173469543 16
1761591752313 0.8786712288856506 17
1761591752572 0.8693541288375854 18
1761591752802 0.8597285747528076 19
1761591753063 0.8572668433189392 20
1761591753312 0.8534930348396301 21
1761591753549 0.8465019464492798 22
1761591753783 0.843784749507904 23
1761591754032 0.8376086950302124 24
1761591754280 0.8307803869247437 25
1761591754521 0.8215724229812622 26
1761591754765 0.8167615532875061 27
1761591755015 0.8144683241844177 28
1761591755285 0.807502806186676 29
1761591755530 0.8036795854568481 30
1761591755783 0.8028669953346252 31
1761591756027 0.7898538112640381 32
1761591756333 0.7911725044250488 33
1761591756569 0.7822409868240356 34
1761591756817 0.7791433930397034 35
1761591757055 0.7719873785972595 36
1761591757305 0.7704960703849792 37
1761591757562 0.7647840976715088 38
1761591757799 0.7660083770751953 39
1761591758038 0.7614279389381409 40
1761591758284 0.7418709993362427 41
1761591758529 0.7486011385917664 42
1761591758774 0.7424221038818359 43
1761591759016 0.7426983714103699 44
1761591759268 0.735399603843689 45
1761591759510 0.7388383150100708 46
1761591759752 0.7444837093353271 47
1761591760000 0.7241987586021423 48
1761591760248 0.7144032120704651 49
1761591760490 0.7225509285926819 50
1761591760747 0.7204700708389282 51
1761591761007 0.708890974521637 52
1761591761258 0.71147221326828 53
1761591761502 0.7029120326042175 54
1761591761755 0.7024886012077332 55
1761591761995 0.6983577013015747 56
1761591762267 0.6950472593307495 57
1761591762511 0.6884651184082031 58
1761591762745 0.6973488926887512 59
1761591762997 0.6894135475158691 60
1761591763242 0.6822423934936523 61
1761591763488 0.6762494444847107 62
1761591763734 0.6705042123794556 63
1761591763975 0.6736996173858643 64
1761591764221 0.6778821349143982 65
1761591764466 0.6778388023376465 66
1761591764712 0.6638240814208984 67
1761591764963 0.6657400727272034 68
1761591765219 0.6631881594657898 69
1761591765516 0.6652448773384094 70
1761591765767 0.6680782437324524 71
1761591766023 0.6538673639297485 72
1761591766295 0.6474319100379944 73
1761591766541 0.6449498534202576 74
1761591766786 0.643758237361908 75
1761591767031 0.6402206420898438 76
1761591767283 0.6466092467308044 77
1761591767529 0.6343833804130554 78
1761591767814 0.636791467666626 79
1761591768086 0.6290572881698608 80
1761591768341 0.6245602369308472 81
1761591768599 0.6221665143966675 82
1761591768843 0.6297076940536499 83
1761591769097 0.626057505607605 84
1761591769346 0.6310875415802002 85
1761591769608 0.6175652146339417 86
1761591769859 0.6122325658798218 87
1761591770101 0.6208239197731018 88
1761591770359 0.6106035113334656 89
1761591770614 0.60807204246521 90
1761591770852 0.6070250868797302 91
1761591771101 0.6081619262695312 92
1761591771360 0.591251015663147 93
1761591771597 0.6036598086357117 94
1761591771837 0.5933336615562439 95
1761591772084 0.5932016968727112 96
1761591772348 0.5874562859535217 97
1761591772587 0.5952705144882202 98
1761591772829 0.5896661281585693 99
1761591747931 1.0116575956344604 0
