1761465798306 0.3555655777454376 0
1761465799521 0.3618747293949127 1
1761465800673 0.36998647451400757 2
1761465801867 0.3808021545410156 3
1761465802708 0.3542135953903198 4
1761465804011 0.36457863450050354 5
1761465804929 0.36502930521965027 6
1761465806087 0.3681838810443878 7
1761465807249 0.3871113061904907 8
1761465808125 0.3744930028915405 9
1761465809063 0.36502930521965027 10
1761465810236 0.37223973870277405 11
1761465811250 0.3830554187297821 12
1761465812280 0.3677332103252411 13
1761465813344 0.3916178345680237 14
1761465814382 0.39116719365119934 15
1761465815601 0.39612439274787903 16
1761465816866 0.39657503366470337 17
1761465817889 0.3866606652736664 18
1761465819030 0.41144660115242004 19
1761465819842 0.40288418531417847 20
1761465821176 0.3929698169231415 21
1761465822318 0.4055880904197693 22
1761465823539 0.3970256745815277 23
1761465824631 0.4136998653411865 24
1761465825331 0.41505181789398193 25
1761465826640 0.41279855370521545 26
1761465827782 0.41550248861312866 27
1761465828957 0.4055880904197693 28
1761465830179 0.4109959304332733 29
1761465831018 0.4200090169906616 30
1761465832337 0.4146011769771576 31
1761465833619 0.41775575280189514 32
1761465834708 0.4182063937187195 33
1761465835747 0.4236142337322235 34
1761465836628 0.41775575280189514 35
1761465837958 0.4222622811794281 36
1761465838896 0.42406490445137024 37
1761465840175 0.4209103286266327 38
1761465841337 0.43533122539520264 39
1761465842274 0.42136096954345703 40
1761465843290 0.42947274446487427 41
1761465844120 0.4326273202896118 42
1761465845406 0.4398377537727356 43
1761465846676 0.4452455937862396 44
1761465847796 0.4447949528694153 45
1761465848486 0.4461469054222107 46
1761465849704 0.43533122539520264 47
1761465851002 0.4447949528694153 48
1761465852162 0.43938711285591125 49
1761465798306 0.3555655777454376 0
