1761589912016 0.4458971917629242 0
1761589912488 0.459873765707016 1
1761589912891 0.46979260444641113 2
1761589913342 0.44905319809913635 3
1761589913779 0.4652840495109558 4
1761589914201 0.4738503098487854 5
1761589914673 0.459873765707016 6
1761589915075 0.4738503098487854 7
1761589915487 0.4738503098487854 8
1761589915894 0.4738503098487854 9
1761589916315 0.4738503098487854 10
1761589916745 0.4738503098487854 11
1761589917165 0.4738503098487854 12
1761589917588 0.4616771936416626 13
1761589918017 0.46753832697868347 14
1761589918437 0.4679891765117645 15
1761589918831 0.4738503098487854 16
1761589919249 0.4738503098487854 17
1761589919697 0.4738503098487854 18
1761589920131 0.4738503098487854 19
1761589920550 0.4738503098487854 20
1761589921032 0.4738503098487854 21
1761589921462 0.4738503098487854 22
1761589921901 0.4738503098487854 23
1761589922346 0.4670874774456024 24
1761589923079 0.4738503098487854 25
1761589923539 0.4738503098487854 26
1761589923952 0.4738503098487854 27
1761589924377 0.4738503098487854 28
1761589924829 0.4738503098487854 29
1761589925273 0.4738503098487854 30
1761589925715 0.4738503098487854 31
1761589926128 0.4738503098487854 32
1761589926569 0.4738503098487854 33
1761589926965 0.4738503098487854 34
1761589927428 0.4738503098487854 35
1761589927881 0.4738503098487854 36
1761589928514 0.4738503098487854 37
1761589929082 0.4693417549133301 38
1761589929565 0.4747520387172699 39
1761589930015 0.4738503098487854 40
1761589930452 0.47430115938186646 41
1761589930859 0.46573489904403687 42
1761589931297 0.4765554666519165 43
1761589931712 0.47430115938186646 44
1761589932146 0.47159603238105774 45
1761589932564 0.4729486107826233 46
1761589932981 0.4747520387172699 47
1761589933389 0.4729486107826233 48
1761589933790 0.468890905380249 49
1761589934288 0.4765554666519165 50
1761589934701 0.46573489904403687 51
1761589935082 0.4729486107826233 52
1761589935505 0.4720468819141388 53
1761589935913 0.4729486107826233 54
1761589936325 0.4693417549133301 55
1761589936813 0.47430115938186646 56
1761589937235 0.4747520387172699 57
1761589937689 0.47520288825035095 58
1761589938128 0.4729486107826233 59
1761589938568 0.47159603238105774 60
1761589938994 0.4711451828479767 61
1761589939446 0.4738503098487854 62
1761589939894 0.47430115938186646 63
1761589940325 0.47339946031570435 64
1761589940782 0.4702434539794922 65
1761589941234 0.47159603238105774 66
1761589941762 0.4729486107826233 67
1761589942191 0.47700631618499756 68
1761589942669 0.4765554666519165 69
1761589943105 0.4765554666519165 70
1761589943542 0.47249773144721985 71
1761589944007 0.4711451828479767 72
1761589944416 0.4792605936527252 73
1761589944812 0.4720468819141388 74
1761589945229 0.475653737783432 75
1761589945640 0.47610458731651306 76
1761589946054 0.48196572065353394 77
1761589946451 0.4801623225212097 78
1761589946918 0.4774571657180786 79
1761589947343 0.4869251549243927 80
1761589947778 0.4774571657180786 81
1761589948259 0.484220027923584 82
1761589948696 0.49098286032676697 83
1761589949090 0.4990983009338379 84
1761589949487 0.4927862882614136 85
1761589949886 0.4905320107936859 86
1761589950303 0.4981965720653534 87
1761589950736 0.5013525485992432 88
1761589951150 0.5054102540016174 89
1761589951542 0.49954915046691895 90
1761589951948 0.50225430727005 91
1761589952355 0.50225430727005 92
1761589952779 0.5058611631393433 93
1761589953246 0.5166816711425781 94
1761589953764 0.5112714171409607 95
1761589954171 0.533363401889801 96
1761589954573 0.517132580280304 97
1761589955093 0.5229936838150024 98
1761589955535 0.5189359784126282 99
1761589912016 0.4458971917629242 0
