1761589912016 1.0636522769927979 0
1761589912488 1.0336921215057373 1
1761589912891 1.0309085845947266 2
1761589913342 1.0331496000289917 3
1761589913779 1.0362824201583862 4
1761589914201 1.0329468250274658 5
1761589914673 1.038619041442871 6
1761589915075 1.0306566953659058 7
1761589915487 1.031347393989563 8
1761589915894 1.0303165912628174 9
1761589916315 1.029692530632019 10
1761589916745 1.0332605838775635 11
1761589917165 1.0298432111740112 12
1761589917588 1.0337684154510498 13
1761589918017 1.028782606124878 14
1761589918437 1.0294420719146729 15
1761589918831 1.0317155122756958 16
1761589919249 1.0300387144088745 17
1761589919697 1.0317264795303345 18
1761589920131 1.0319088697433472 19
1761589920550 1.0290950536727905 20
1761589921032 1.0290535688400269 21
1761589921462 1.0287777185440063 22
1761589921901 1.0281928777694702 23
1761589922346 1.0333086252212524 24
1761589923079 1.0292774438858032 25
1761589923539 1.0282562971115112 26
1761589923952 1.028058648109436 27
1761589924377 1.0275336503982544 28
1761589924829 1.030326247215271 29
1761589925273 1.0303497314453125 30
1761589925715 1.0275686979293823 31
1761589926128 1.027064323425293 32
1761589926569 1.0265008211135864 33
1761589926965 1.0251071453094482 34
1761589927428 1.0253287553787231 35
1761589927881 1.0253061056137085 36
1761589928514 1.0228124856948853 37
1761589929082 1.0261160135269165 38
1761589929565 1.023409366607666 39
1761589930015 1.0231064558029175 40
1761589930452 1.0225399732589722 41
1761589930859 1.0241069793701172 42
1761589931297 1.023180365562439 43
1761589931712 1.022870421409607 44
1761589932146 1.0223006010055542 45
1761589932564 1.0211106538772583 46
1761589932981 1.022186040878296 47
1761589933389 1.0213396549224854 48
1761589933790 1.0229700803756714 49
1761589934288 1.0202322006225586 50
1761589934701 1.0213021039962769 51
1761589935082 1.0212279558181763 52
1761589935505 1.0198289155960083 53
1761589935913 1.019071102142334 54
1761589936325 1.019095778465271 55
1761589936813 1.0212446451187134 56
1761589937235 1.0181320905685425 57
1761589937689 1.0199207067489624 58
1761589938128 1.0208828449249268 59
1761589938568 1.018266201019287 60
1761589938994 1.0189275741577148 61
1761589939446 1.0175151824951172 62
1761589939894 1.0180840492248535 63
1761589940325 1.016560673713684 64
1761589940782 1.0197018384933472 65
1761589941234 1.0178459882736206 66
1761589941762 1.0193967819213867 67
1761589942191 1.0168565511703491 68
1761589942669 1.0149790048599243 69
1761589943105 1.0141150951385498 70
1761589943542 1.011555790901184 71
1761589944007 1.0136390924453735 72
1761589944416 1.0126440525054932 73
1761589944812 1.0083891153335571 74
1761589945229 1.010107159614563 75
1761589945640 1.009474515914917 76
1761589946054 1.00710129737854 77
1761589946451 1.0040069818496704 78
1761589946918 1.0019439458847046 79
1761589947343 1.0017722845077515 80
1761589947778 0.9987809658050537 81
1761589948259 0.9960564374923706 82
1761589948696 0.9939174056053162 83
1761589949090 0.9936094284057617 84
1761589949487 0.9951118230819702 85
1761589949886 0.9922517538070679 86
1761589950303 0.9881319999694824 87
1761589950736 0.9822515845298767 88
1761589951150 0.9854013323783875 89
1761589951542 0.9839993119239807 90
1761589951948 0.9804282188415527 91
1761589952355 0.9834603071212769 92
1761589952779 0.9826128482818604 93
1761589953246 0.9845157861709595 94
1761589953764 0.9729876518249512 95
1761589954171 0.9711860418319702 96
1761589954573 0.9718809127807617 97
1761589955093 0.9709255695343018 98
1761589955535 0.970485270023346 99
1761589912016 1.0636522769927979 0
