1761523892496 0.3866606652736664 0
1761523893806 0.38891392946243286 1
1761523894896 0.39477241039276123 2
1761523896283 0.3934204578399658 3
1761523897225 0.4033348262310028 4
1761523898201 0.40288418531417847 5
1761523899216 0.3934204578399658 6
1761523900174 0.410545289516449 7
1761523901155 0.39657503366470337 8
1761523902588 0.4132492244243622 9
1761523903570 0.4123479127883911 10
1761523904194 0.4186570644378662 11
1761523904819 0.4123479127883911 12
1761523905582 0.4195583462715149 13
1761523906746 0.42406490445137024 14
1761523908026 0.42812076210975647 15
1761523909430 0.4182063937187195 16
1761523911295 0.43307796120643616 17
1761523912054 0.431275337934494 18
1761523913432 0.41505181789398193 19
1761523914695 0.4263181686401367 20
1761523915829 0.4136998653411865 21
1761523916471 0.42676880955696106 22
1761523917554 0.42947274446487427 23
1761523918914 0.42586749792099 24
1761523919809 0.4209103286266327 25
1761523920965 0.43307796120643616 26
1761523921868 0.4285714328289032 27
1761523922672 0.42271292209625244 28
1761523923263 0.431275337934494 29
1761523924262 0.4326273202896118 30
1761523925447 0.4335286021232605 31
1761523926799 0.43578189611434937 32
1761523927979 0.4339792728424072 33
1761523928602 0.43533122539520264 34
1761523929978 0.4321766495704651 35
1761523931013 0.44073906540870667 36
1761523931999 0.43668317794799805 37
1761523933201 0.43938711285591125 38
1761523934055 0.4348805844783783 39
1761523934795 0.4384858012199402 40
1761523935801 0.44704821705818176 41
1761523936738 0.4420910179615021 42
1761523937525 0.44569626450538635 43
1761523938687 0.4339792728424072 44
1761523939876 0.4524560570716858 45
1761523940510 0.4375844895839691 46
1761523941543 0.455159991979599 47
1761523942692 0.4565119445323944 48
1761523943658 0.4474988877773285 49
1761523892496 0.3866606652736664 0
