1761523892496 1.0960575342178345 0
1761523893806 1.0923385620117188 1
1761523894896 1.093235969543457 2
1761523896283 1.092063546180725 3
1761523897225 1.089390516281128 4
1761523898201 1.086814284324646 5
1761523899216 1.0893281698226929 6
1761523900174 1.085326075553894 7
1761523901155 1.0870980024337769 8
1761523902588 1.0866551399230957 9
1761523903570 1.0717837810516357 10
1761523904194 1.0719491243362427 11
1761523904819 1.071254014968872 12
1761523905582 1.0653094053268433 13
1761523906746 1.0642375946044922 14
1761523908026 1.06535005569458 15
1761523909430 1.0652920007705688 16
1761523911295 1.0613893270492554 17
1761523912054 1.0611655712127686 18
1761523913432 1.065454363822937 19
1761523914695 1.0614728927612305 20
1761523915829 1.0590132474899292 21
1761523916471 1.059016227722168 22
1761523917554 1.0583715438842773 23
1761523918914 1.0583457946777344 24
1761523919809 1.0555832386016846 25
1761523920965 1.055047631263733 26
1761523921868 1.0549721717834473 27
1761523922672 1.058835744857788 28
1761523923263 1.0562301874160767 29
1761523924262 1.0522990226745605 30
1761523925447 1.0530505180358887 31
1761523926799 1.050856113433838 32
1761523927979 1.0516808032989502 33
1761523928602 1.04746413230896 34
1761523929978 1.0499956607818604 35
1761523931013 1.0462089776992798 36
1761523931999 1.0476009845733643 37
1761523933201 1.0477867126464844 38
1761523934055 1.0478519201278687 39
1761523934795 1.0467009544372559 40
1761523935801 1.0438735485076904 41
1761523936738 1.0428006649017334 42
1761523937525 1.0380512475967407 43
1761523938687 1.0449473857879639 44
1761523939876 1.0401750802993774 45
1761523940510 1.0360260009765625 46
1761523941543 1.0349632501602173 47
1761523942692 1.0317389965057373 48
1761523943658 1.03119695186615 49
1761523892496 1.0960575342178345 0
