1761466346820 0.5891125798225403 0
1761466348186 0.6032811403274536 1
1761466349387 0.6055182814598083 2
1761466350133 0.6055182814598083 3
1761466351205 0.6196867823600769 4
1761466352227 0.6181953549385071 5
1761466353072 0.6241610646247864 6
1761466354309 0.636092483997345 7
1761466355317 0.6308724880218506 8
1761466356093 0.6353467702865601 9
1761466356945 0.6263982057571411 10
1761466358229 0.6368381977081299 11
1761466359576 0.6278896331787109 12
1761466360836 0.6338553428649902 13
1761466361870 0.6607009768486023 14
1761466362701 0.6674124002456665 15
1761466364184 0.6517524123191833 16
1761466365450 0.6756151914596558 17
1761466366444 0.6853094696998596 18
1761466367339 0.6979866027832031 19
1761466368040 0.6972408890724182 20
1761466368981 0.7032065391540527 21
1761466370227 0.7084265351295471 22
1761466371593 0.7143922448158264 23
1761466372743 0.709172248840332 24
1761466373457 0.7248322367668152 25
1761466374265 0.7158836722373962 26
1761466375448 0.736763596534729 27
1761466376671 0.7561521530151367 28
1761466378079 0.7598806619644165 29
1761466378949 0.7628635168075562 30
1761466379680 0.7837435007095337 31
1761466380652 0.7695749402046204 32
1761466381619 0.7703206539154053 33
1761466383010 0.7844892144203186 34
1761466384186 0.7859805822372437 35
1761466384923 0.7941834330558777 36
1761466385643 0.7934377193450928 37
1761466386615 0.8068605661392212 38
1761466388149 0.8247576355934143 39
1761466389556 0.826994776725769 40
1761466390447 0.8337062001228333 41
1761466391186 0.8202833533287048 42
1761466392324 0.8419090509414673 43
1761466393384 0.8404176235198975 44
1761466394792 0.8434004187583923 45
1761466396003 0.846383273601532 46
1761466396997 0.863534688949585 47
1761466397748 0.8627889752388 48
1761466398659 0.8665175437927246 49
1761466346820 0.5891125798225403 0
