1761466346820 0.941913902759552 0
1761466348186 0.902118444442749 1
1761466349387 0.9109663963317871 2
1761466350133 0.8894405961036682 3
1761466351205 0.8790561556816101 4
1761466352227 0.8619444966316223 5
1761466353072 0.8508380651473999 6
1761466354309 0.8369707465171814 7
1761466355317 0.8205918669700623 8
1761466356093 0.8182204365730286 9
1761466356945 0.8322796821594238 10
1761466358229 0.7894954085350037 11
1761466359576 0.8059451580047607 12
1761466360836 0.8038200736045837 13
1761466361870 0.7577946782112122 14
1761466362701 0.7433332800865173 15
1761466364184 0.7503039240837097 16
1761466365450 0.7209829092025757 17
1761466366444 0.7065590620040894 18
1761466367339 0.6783409714698792 19
1761466368040 0.6603395342826843 20
1761466368981 0.6496484875679016 21
1761466370227 0.6362202167510986 22
1761466371593 0.6449673175811768 23
1761466372743 0.6373288035392761 24
1761466373457 0.612032949924469 25
1761466374265 0.6005315184593201 26
1761466375448 0.5690352320671082 27
1761466376671 0.5425341129302979 28
1761466378079 0.5397799611091614 29
1761466378949 0.5496995449066162 30
1761466379680 0.5082995295524597 31
1761466380652 0.49871426820755005 32
1761466381619 0.4936665892601013 33
1761466383010 0.4730445444583893 34
1761466384186 0.48830941319465637 35
1761466384923 0.4651130139827728 36
1761466385643 0.4694667160511017 37
1761466386615 0.4333353042602539 38
1761466388149 0.41153866052627563 39
1761466389556 0.3872855007648468 40
1761466390447 0.394591748714447 41
1761466391186 0.3919270932674408 42
1761466392324 0.3587098717689514 43
1761466393384 0.36568349599838257 44
1761466394792 0.3574325442314148 45
1761466396003 0.3557746410369873 46
1761466396997 0.31431835889816284 47
1761466397748 0.33009853959083557 48
1761466398659 0.3024314045906067 49
1761466346820 0.941913902759552 0
