1761498815230 0.4776926636695862 0
1761498815539 0.5331230163574219 1
1761498815802 0.5484452247619629 2
1761498816025 0.5484452247619629 3
1761498816248 0.5651194453239441 4
1761498816472 0.5727805495262146 5
1761498816682 0.5840468406677246 6
1761498816900 0.5876520872116089 7
1761498817131 0.5953131914138794 8
1761498817349 0.6061288714408875 9
1761498817565 0.608832836151123 10
1761498817785 0.6061288714408875 11
1761498817998 0.6155925989151001 12
1761498818219 0.6282109022140503 13
1761498818427 0.6376746296882629 14
1761498818669 0.6318161487579346 15
1761498818892 0.6471383571624756 16
1761498819105 0.648490309715271 17
1761498819334 0.6606579422950745 18
1761498819562 0.6507436037063599 19
1761498819779 0.6543487906455994 20
1761498820005 0.6719242930412292 21
1761498820228 0.6575033664703369 22
1761498820444 0.6741775870323181 23
1761498820657 0.667868435382843 24
1761498820879 0.6840919256210327 25
1761498821098 0.6863452196121216 26
1761498821318 0.6849932670593262 27
1761498821544 0.6931049823760986 28
1761498821756 0.6958089470863342 29
1761498821980 0.6926543712615967 30
1761498822203 0.6908517479896545 31
1761498822418 0.7007660865783691 32
1761498822640 0.6989635229110718 33
1761498822864 0.6845425963401794 34
1761498823075 0.7057232856750488 35
1761498823304 0.6976115107536316 36
1761498823526 0.7039206624031067 37
1761498823740 0.7007660865783691 38
1761498823963 0.7093285322189331 39
1761498824174 0.7201442122459412 40
1761498824401 0.7111311554908752 41
1761498824635 0.7305092215538025 42
1761498824865 0.7210454940795898 43
1761498825081 0.7300586104393005 44
1761498825292 0.7160883545875549 45
1761498825506 0.7323118448257446 46
1761498825771 0.7417755722999573 47
1761498826155 0.73366379737854 48
1761498826546 0.7390716671943665 49
1761498815230 0.4776926636695862 0
