1761498815230 0.9867671132087708 0
1761498815539 0.9345831871032715 1
1761498815802 0.9194014072418213 2
1761498816025 0.9108131527900696 3
1761498816248 0.8990023136138916 4
1761498816472 0.8923624753952026 5
1761498816682 0.8851807117462158 6
1761498816900 0.8758220076560974 7
1761498817131 0.866700291633606 8
1761498817349 0.8609521985054016 9
1761498817565 0.8494354486465454 10
1761498817785 0.8494360446929932 11
1761498817998 0.8396273851394653 12
1761498818219 0.8270015120506287 13
1761498818427 0.8153647780418396 14
1761498818669 0.8183946013450623 15
1761498818892 0.8101075887680054 16
1761498819105 0.7983716130256653 17
1761498819334 0.7895097732543945 18
1761498819562 0.794364869594574 19
1761498819779 0.7875680923461914 20
1761498820005 0.7751269340515137 21
1761498820228 0.776683509349823 22
1761498820444 0.7640278935432434 23
1761498820657 0.7655526399612427 24
1761498820879 0.751901388168335 25
1761498821098 0.747022807598114 26
1761498821318 0.7462005019187927 27
1761498821544 0.7409095764160156 28
1761498821756 0.7328515648841858 29
1761498821980 0.7230395674705505 30
1761498822203 0.7221558094024658 31
1761498822418 0.7192137837409973 32
1761498822640 0.7156828045845032 33
1761498822864 0.7261205315589905 34
1761498823075 0.7103431224822998 35
1761498823304 0.704955518245697 36
1761498823526 0.7056856751441956 37
1761498823740 0.7057545185089111 38
1761498823963 0.6885326504707336 39
1761498824174 0.6933795213699341 40
1761498824401 0.6845433712005615 41
1761498824635 0.681490421295166 42
1761498824865 0.6764883399009705 43
1761498825081 0.6755409240722656 44
1761498825292 0.6714543700218201 45
1761498825506 0.6629586219787598 46
1761498825771 0.6562109589576721 47
1761498826155 0.6591891646385193 48
1761498826546 0.6521934270858765 49
1761498815230 0.9867671132087708 0
