1761589325937 0.3908926844596863 0
1761589326197 0.40532010793685913 1
1761589326447 0.43056806921958923 2
1761589326691 0.4364292025566101 3
1761589326915 0.4531109035015106 4
1761589327142 0.46032461524009705 5
1761589327378 0.4684400260448456 6
1761589327627 0.46979260444641113 7
1761589327854 0.48196572065353394 8
1761589328085 0.4954914450645447 9
1761589328335 0.4941388666629791 10
1761589328583 0.4981965720653534 11
1761589328816 0.49684399366378784 12
1761589329060 0.5216411352157593 13
1761589329302 0.5238953828811646 14
1761589329546 0.531109094619751 15
1761589329775 0.5256988406181335 16
1761589330013 0.5405771136283875 17
1761589330228 0.5387736558914185 18
1761589330471 0.5455365180969238 19
1761589330717 0.5414788126945496 20
1761589330941 0.5572587847709656 21
1761589331184 0.5423805117607117 22
1761589331421 0.5577096343040466 23
1761589331659 0.5617673397064209 24
1761589331896 0.5811541676521301 25
1761589332161 0.5825067758560181 26
1761589332392 0.5779982209205627 27
1761589332644 0.581605076789856 28
1761589332865 0.5680793523788452 29
1761589333108 0.5825067758560181 30
1761589333331 0.5807033181190491 31
1761589333563 0.5897204875946045 32
1761589333813 0.5964832901954651 33
1761589334031 0.6018936038017273 34
1761589334248 0.597385048866272 35
1761589334462 0.6059513092041016 36
1761589334684 0.6167718768119812 37
1761589334908 0.6068530082702637 38
1761589335132 0.6082056164741516 39
1761589335354 0.5946798920631409 40
1761589335573 0.6212804317474365 41
1761589335798 0.6140667200088501 42
1761589336022 0.6145175695419312 43
1761589336246 0.6221821308135986 44
1761589336471 0.6199278831481934 45
1761589336697 0.6217312812805176 46
1761589336921 0.6244364380836487 47
1761589337151 0.631199300289154 48
1761589337377 0.6366095542907715 49
1761589337645 0.6357078552246094 50
1761589337860 0.6433724164962769 51
1761589338087 0.6411181092262268 52
1761589338310 0.631199300289154 53
1761589338537 0.6496844291687012 54
1761589338766 0.6519386768341064 55
1761589338997 0.6523895263671875 56
1761589339225 0.6388638615608215 57
1761589339446 0.6469792723655701 58
1761589339692 0.6510369777679443 59
1761589339923 0.6514878273010254 60
1761589340173 0.644274115562439 61
1761589340421 0.6523895263671875 62
1761589340656 0.6614066958427429 63
1761589340898 0.6627592444419861 64
1761589341159 0.6677186489105225 65
1761589341398 0.6541929841041565 66
1761589341849 0.6555455327033997 67
1761589342107 0.6821460723876953 68
1761589342412 0.660054087638855 69
1761589342755 0.6749323606491089 70
1761589343032 0.675834059715271 71
1761589343296 0.6844003796577454 72
1761589343574 0.675834059715271 73
1761589343863 0.6844003796577454 74
1761589344162 0.6880072355270386 75
1761589344507 0.6848512291908264 76
1761589344759 0.6821460723876953 77
1761589345016 0.6889089345932007 78
1761589345309 0.6848512291908264 79
1761589345570 0.6898106336593628 80
1761589345883 0.6853020787239075 81
1761589346212 0.6902614831924438 82
1761589346457 0.6884580850601196 83
1761589346710 0.6862037777900696 84
1761589346948 0.7006312012672424 85
1761589347195 0.6884580850601196 86
1761589347428 0.6970243453979492 87
1761589347645 0.6916140913963318 88
1761589347877 0.7024345993995667 89
1761589348114 0.7024345993995667 90
1761589348338 0.6965734958648682 91
1761589348550 0.709197461605072 92
1761589348797 0.7082957625389099 93
1761589349031 0.6965734958648682 94
1761589349266 0.6925157904624939 95
1761589349497 0.7006312012672424 96
1761589349727 0.7177637219429016 97
1761589349995 0.7159603238105774 98
1761589350273 0.7015329003334045 99
1761589325937 0.3908926844596863 0
