1761589325937 1.0836939811706543 0
1761589326197 1.0642913579940796 1
1761589326447 1.0518159866333008 2
1761589326691 1.0472302436828613 3
1761589326915 1.041090965270996 4
1761589327142 1.033516764640808 5
1761589327378 1.0263416767120361 6
1761589327627 1.0242578983306885 7
1761589327854 1.0180871486663818 8
1761589328085 1.0082827806472778 9
1761589328335 1.0046662092208862 10
1761589328583 0.9995773434638977 11
1761589328816 0.9928112626075745 12
1761589329060 0.9850901365280151 13
1761589329302 0.98481285572052 14
1761589329546 0.9746483564376831 15
1761589329775 0.9711999893188477 16
1761589330013 0.962832510471344 17
1761589330228 0.9595372676849365 18
1761589330471 0.9549390077590942 19
1761589330717 0.9495809078216553 20
1761589330941 0.942223310470581 21
1761589331184 0.9418370723724365 22
1761589331421 0.937113344669342 23
1761589331659 0.9352734684944153 24
1761589331896 0.9223275184631348 25
1761589332161 0.9193193912506104 26
1761589332392 0.9116132855415344 27
1761589332644 0.9092153310775757 28
1761589332865 0.9145655035972595 29
1761589333108 0.9052975177764893 30
1761589333331 0.8969895839691162 31
1761589333563 0.8982267379760742 32
1761589333813 0.884117603302002 33
1761589334031 0.8838956356048584 34
1761589334248 0.8764407634735107 35
1761589334462 0.8734888434410095 36
1761589334684 0.8669276833534241 37
1761589334908 0.8695697784423828 38
1761589335132 0.8683244585990906 39
1761589335354 0.8617578744888306 40
1761589335573 0.8583410382270813 41
1761589335798 0.852913498878479 42
1761589336022 0.8546369671821594 43
1761589336246 0.8496310114860535 44
1761589336471 0.8395963907241821 45
1761589336697 0.8338038325309753 46
1761589336921 0.8316358327865601 47
1761589337151 0.8232324719429016 48
1761589337377 0.8219450116157532 49
1761589337645 0.8275298476219177 50
1761589337860 0.812189519405365 51
1761589338087 0.81873619556427 52
1761589338310 0.8135278820991516 53
1761589338537 0.8062335848808289 54
1761589338766 0.7997759580612183 55
1761589338997 0.7947752475738525 56
1761589339225 0.8042495250701904 57
1761589339446 0.7910059690475464 58
1761589339692 0.7912540435791016 59
1761589339923 0.7847245335578918 60
1761589340173 0.7824215292930603 61
1761589340421 0.7829181551933289 62
1761589340656 0.7765758633613586 63
1761589340898 0.7761630415916443 64
1761589341159 0.7706800699234009 65
1761589341398 0.7813363671302795 66
1761589341849 0.771466851234436 67
1761589342107 0.7588075995445251 68
1761589342412 0.764992356300354 69
1761589342755 0.7508205771446228 70
1761589343032 0.7540143132209778 71
1761589343296 0.7525737881660461 72
1761589343574 0.7400182485580444 73
1761589343863 0.7440301179885864 74
1761589344162 0.7401612997055054 75
1761589344507 0.7298245429992676 76
1761589344759 0.7326193451881409 77
1761589345016 0.7260738015174866 78
1761589345309 0.7262139320373535 79
1761589345570 0.7226507067680359 80
1761589345883 0.7218791246414185 81
1761589346212 0.7194190621376038 82
1761589346457 0.7236894369125366 83
1761589346710 0.7178449630737305 84
1761589346948 0.7078518271446228 85
1761589347195 0.7124689817428589 86
1761589347428 0.7071927189826965 87
1761589347645 0.7077742218971252 88
1761589347877 0.6970988512039185 89
1761589348114 0.6908702254295349 90
1761589348338 0.7045592665672302 91
1761589348550 0.6904963850975037 92
1761589348797 0.6882990002632141 93
1761589349031 0.6846621036529541 94
1761589349266 0.6927592754364014 95
1761589349497 0.6835460066795349 96
1761589349727 0.671667754650116 97
1761589349995 0.6731224060058594 98
1761589350273 0.6765288710594177 99
1761589325937 1.0836939811706543 0
