1761469495851 0.4907616078853607 0
1761469496484 0.5132942795753479 1
1761469497370 0.5326723456382751 2
1761469498379 0.5331230163574219 3
1761469499384 0.5403335094451904 4
1761469500356 0.5461919903755188 5
1761469501087 0.5421360731124878 6
1761469502307 0.554303765296936 7
1761469503341 0.5511491894721985 8
1761469504416 0.5646687746047974 9
1761469505517 0.5565569996833801 10
1761469506443 0.5705272555351257 11
1761469507197 0.5732311606407166 12
1761469507711 0.5777377486228943 13
1761469508246 0.5642181038856506 14
1761469509395 0.5750337839126587 15
1761469510366 0.5709779262542725 16
1761469511316 0.5912573337554932 17
1761469512229 0.5881027579307556 18
1761469513221 0.5750337839126587 19
1761469513698 0.5966651439666748 20
1761469514561 0.5799909830093384 21
1761469515426 0.5921586155891418 22
1761469516285 0.604776918888092 23
1761469517102 0.6034249663352966 24
1761469517970 0.6056782603263855 25
1761469518875 0.6210004687309265 26
1761469519860 0.6106353998184204 27
1761469520793 0.628661572933197 28
1761469521696 0.6151419281959534 29
1761469522536 0.613339364528656 30
1761469523403 0.6219017505645752 31
1761469524274 0.6241550445556641 32
1761469525143 0.6237043738365173 33
1761469526005 0.6525461673736572 34
1761469526873 0.6520955562591553 35
1761469527862 0.6309148073196411 36
1761469528862 0.6602072715759277 37
1761469529796 0.6421811580657959 38
1761469530727 0.6408292055130005 39
1761469531659 0.6633618474006653 40
1761469532594 0.6561514139175415 41
1761469533463 0.6534475088119507 42
1761469534094 0.6552501320838928 43
1761469534956 0.6561514139175415 44
1761469535822 0.6687697172164917 45
1761469536629 0.6768814921379089 46
1761469537503 0.6800360679626465 47
1761469538610 0.6804866790771484 48
1761469539345 0.6845425963401794 49
1761469495851 0.4907616078853607 0
