1761469495851 0.9525349736213684 0
1761469496484 0.9290764331817627 1
1761469497370 0.9216190576553345 2
1761469498379 0.9188858270645142 3
1761469499384 0.9115555286407471 4
1761469500356 0.904498815536499 5
1761469501087 0.9099391102790833 6
1761469502307 0.9010380506515503 7
1761469503341 0.9013342261314392 8
1761469504416 0.891298234462738 9
1761469505517 0.8945461511611938 10
1761469506443 0.8908209204673767 11
1761469507197 0.8823271989822388 12
1761469507711 0.8884643912315369 13
1761469508246 0.8814218640327454 14
1761469509395 0.8827322125434875 15
1761469510366 0.8740602135658264 16
1761469511316 0.8609836101531982 17
1761469512229 0.8701837658882141 18
1761469513221 0.8594615459442139 19
1761469513698 0.8515424728393555 20
1761469514561 0.8587134480476379 21
1761469515426 0.8502184152603149 22
1761469516285 0.8426613807678223 23
1761469517102 0.8421948552131653 24
1761469517970 0.8368213772773743 25
1761469518875 0.8255332112312317 26
1761469519860 0.8262429237365723 27
1761469520793 0.8172193765640259 28
1761469521696 0.8264283537864685 29
1761469522536 0.8220440745353699 30
1761469523403 0.8144181370735168 31
1761469524274 0.8057307600975037 32
1761469525143 0.8209693431854248 33
1761469526005 0.7960654497146606 34
1761469526873 0.7913835644721985 35
1761469527862 0.7981390357017517 36
1761469528862 0.7801141142845154 37
1761469529796 0.7934738397598267 38
1761469530727 0.7898914217948914 39
1761469531659 0.7708282470703125 40
1761469532594 0.7681155204772949 41
1761469533463 0.7798658013343811 42
1761469534094 0.7641283273696899 43
1761469534956 0.7669164538383484 44
1761469535822 0.751203179359436 45
1761469536629 0.7430840730667114 46
1761469537503 0.7433804869651794 47
1761469538610 0.7369965314865112 48
1761469539345 0.7343198657035828 49
1761469495851 0.9525349736213684 0
