1761497151929 1.072988748550415 0
1761497153000 1.0538575649261475 1
1761497153917 1.0350700616836548 2
1761497155056 1.0258989334106445 3
1761497156299 1.0150690078735352 4
1761497157531 0.9924448728561401 5
1761497158511 0.9970118999481201 6
1761497159451 0.9881125688552856 7
1761497160503 0.9766376614570618 8
1761497162135 0.9619961380958557 9
1761497163504 0.940318763256073 10
1761497164662 0.9383293390274048 11
1761497165866 0.9261609315872192 12
1761497166993 0.9067329168319702 13
1761497168160 0.8971896171569824 14
1761497169310 0.8939014077186584 15
1761497170449 0.877541720867157 16
1761497171642 0.8725995421409607 17
1761497172564 0.8315243124961853 18
1761497173640 0.8455038666725159 19
1761497174813 0.8145154714584351 20
1761497175971 0.8096247911453247 21
1761497176989 0.8004723787307739 22
1761497178171 0.7950574159622192 23
1761497179209 0.7751544713973999 24
1761497180165 0.7556723356246948 25
1761497181069 0.7521162629127502 26
1761497182274 0.7485345005989075 27
1761497183544 0.7222188711166382 28
1761497184496 0.7199360728263855 29
1761497185536 0.722067654132843 30
1761497186821 0.706594705581665 31
1761497188002 0.6631544232368469 32
1761497188994 0.679921567440033 33
1761497189761 0.6626505851745605 34
1761497190718 0.6647491455078125 35
1761497191851 0.6240808367729187 36
1761497193089 0.6336625218391418 37
1761497194333 0.6358280181884766 38
1761497195552 0.6201046705245972 39
1761497196771 0.6123104095458984 40
1761497197865 0.6226040720939636 41
1761497198925 0.5966280698776245 42
1761497199762 0.6005894541740417 43
1761497200733 0.5613855719566345 44
1761497201910 0.5782830119132996 45
1761497203114 0.5773833990097046 46
1761497204280 0.5720065832138062 47
1761497205354 0.533089280128479 48
1761497206381 0.5539422631263733 49
1761497151929 1.072988748550415 0
