1761516694313 0.4245155453681946 0
1761516694644 0.44794952869415283 1
1761516694872 0.43442991375923157 2
1761516695089 0.4434430003166199 3
1761516695311 0.4484001696109772 4
1761516695543 0.44569626450538635 5
1761516695769 0.4452455937862396 6
1761516695979 0.4515547454357147 7
1761516696199 0.455159991979599 8
1761516696423 0.4438936412334442 9
1761516696646 0.45200541615486145 10
1761516696873 0.45065343379974365 11
1761516697075 0.44299232959747314 12
1761516697284 0.45065343379974365 13
1761516697508 0.4538080096244812 14
1761516697739 0.45065343379974365 15
1761516697967 0.4488508403301239 16
1761516698203 0.44975215196609497 17
1761516698445 0.4628210961818695 18
1761516698680 0.4614691436290741 19
1761516698917 0.4623704254627228 20
1761516699134 0.45470932126045227 21
1761516699362 0.4614691436290741 22
1761516699585 0.4574132561683655 23
1761516699801 0.46191978454589844 24
1761516700045 0.4691302478313446 25
1761516700259 0.45921584963798523 26
1761516700473 0.4637224078178406 27
1761516700687 0.4677782654762268 28
1761516700921 0.45425868034362793 29
1761516701134 0.4628210961818695 30
1761516701398 0.4637224078178406 31
1761516701606 0.4664263129234314 32
1761516701841 0.47048220038414 33
1761516702041 0.4713835120201111 34
1761516702260 0.47363677620887756 35
1761516702475 0.47228482365608215 36
1761516702692 0.48084723949432373 37
1761516702925 0.47859397530555725 38
1761516703133 0.4754393994808197 39
1761516703352 0.47949525713920593 40
1761516703569 0.48715639114379883 41
1761516703781 0.4853537678718567 42
1761516704003 0.4691302478313446 43
1761516704221 0.47949525713920593 44
1761516704430 0.48986029624938965 45
1761516704640 0.4781433045864105 46
1761516704854 0.49391618371009827 47
1761516705063 0.48715639114379883 48
1761516705279 0.48986029624938965 49
1761516694313 0.4245155453681946 0
