1761516694313 1.0589834451675415 0
1761516694644 1.0484504699707031 1
1761516694872 1.0483176708221436 2
1761516695089 1.0480780601501465 3
1761516695311 1.0445683002471924 4
1761516695543 1.043189525604248 5
1761516695769 1.0443243980407715 6
1761516695979 1.042372465133667 7
1761516696199 1.039438009262085 8
1761516696423 1.0436142683029175 9
1761516696646 1.0412522554397583 10
1761516696873 1.0417567491531372 11
1761516697075 1.0420066118240356 12
1761516697284 1.038517713546753 13
1761516697508 1.039438247680664 14
1761516697739 1.0376343727111816 15
1761516697967 1.0400854349136353 16
1761516698203 1.040005087852478 17
1761516698445 1.038465976715088 18
1761516698680 1.0361716747283936 19
1761516698917 1.0345251560211182 20
1761516699134 1.0361534357070923 21
1761516699362 1.0327309370040894 22
1761516699585 1.0353527069091797 23
1761516699801 1.033930778503418 24
1761516700045 1.0335915088653564 25
1761516700259 1.032091736793518 26
1761516700473 1.0321414470672607 27
1761516700687 1.0307916402816772 28
1761516700921 1.0350815057754517 29
1761516701134 1.0318151712417603 30
1761516701398 1.0287472009658813 31
1761516701606 1.0322890281677246 32
1761516701841 1.0304869413375854 33
1761516702041 1.0295143127441406 34
1761516702260 1.0259215831756592 35
1761516702475 1.0287704467773438 36
1761516702692 1.029462218284607 37
1761516702925 1.0262212753295898 38
1761516703133 1.0281022787094116 39
1761516703352 1.0282520055770874 40
1761516703569 1.0233711004257202 41
1761516703781 1.0240453481674194 42
1761516704003 1.0284639596939087 43
1761516704221 1.0235568284988403 44
1761516704430 1.0248392820358276 45
1761516704640 1.0241113901138306 46
1761516704854 1.0205882787704468 47
1761516705063 1.0202852487564087 48
1761516705279 1.0203557014465332 49
1761516694313 1.0589834451675415 0
