1761530433272 0.8825081586837769 0
1761530433520 0.8323302268981934 1
1761530433728 0.8232832551002502 2
1761530433942 0.8159186840057373 3
1761530434153 0.8094307780265808 4
1761530434366 0.8009778261184692 5
1761530434577 0.7947617173194885 6
1761530434788 0.7898358106613159 7
1761530434993 0.7850146889686584 8
1761530435198 0.7736848592758179 9
1761530435412 0.7728302478790283 10
1761530435624 0.7641362547874451 11
1761530435835 0.7622907757759094 12
1761530436037 0.7514636516571045 13
1761530436306 0.7452688813209534 14
1761530436519 0.7431206703186035 15
1761530436732 0.7375056743621826 16
1761530436943 0.7354522347450256 17
1761530437157 0.7221997380256653 18
1761530437372 0.7192742228507996 19
1761530437584 0.7148745656013489 20
1761530437793 0.7055031657218933 21
1761530438005 0.6986470818519592 22
1761530438219 0.6929569840431213 23
1761530438425 0.6892749667167664 24
1761530438629 0.6797900795936584 25
1761530438833 0.683668315410614 26
1761530439045 0.6685056090354919 27
1761530439256 0.6676349639892578 28
1761530439466 0.6631608009338379 29
1761530439669 0.655392587184906 30
1761530439881 0.6552543044090271 31
1761530440091 0.6488063931465149 32
1761530440301 0.639198899269104 33
1761530440518 0.6512341499328613 34
1761530440729 0.630517840385437 35
1761530440936 0.6286513209342957 36
1761530441141 0.6248858571052551 37
1761530441353 0.6204786896705627 38
1761530441565 0.6176543831825256 39
1761530441776 0.6141418218612671 40
1761530441986 0.615297794342041 41
1761530442198 0.5961967706680298 42
1761530442407 0.6044573783874512 43
1761530442617 0.5923329591751099 44
1761530442828 0.590907871723175 45
1761530443038 0.6054329872131348 46
1761530443252 0.5798636674880981 47
1761530443462 0.5796172618865967 48
1761530443675 0.5784307718276978 49
1761530433272 0.8825081586837769 0
