1761604391265 0.404418408870697 0
1761604391668 0.45852118730545044 1
1761604392119 0.4765554666519165 2
1761604392491 0.5 3
1761604392855 0.5076645612716675 4
1761604393223 0.5405771136283875 5
1761604393609 0.5658250451087952 6
1761604393977 0.580252468585968 7
1761604394399 0.5870153307914734 8
1761604394784 0.6086564660072327 9
1761604395162 0.6302975416183472 10
1761604395537 0.6388638615608215 11
1761604395909 0.661857545375824 12
1761604396286 0.6573489904403687 13
1761604396677 0.6699729561805725 14
1761604397084 0.6767358183860779 15
1761604397453 0.691163182258606 16
1761604397829 0.6916140913963318 17
1761604398237 0.7064923644065857 18
1761604398612 0.7150586247444153 19
1761604398991 0.7254283428192139 20
1761604399394 0.7290351390838623 21
1761604399770 0.726330041885376 22
1761604400167 0.7321911454200745 23
1761604400590 0.7362488508224487 24
1761604400961 0.755635678768158 25
1761604401330 0.7565374374389648 26
1761604401747 0.7520288825035095 27
1761604402158 0.7700631022453308 28
1761604402528 0.7642019987106323 29
1761604402894 0.7763751149177551 30
1761604403248 0.7808836698532104 31
1761604403609 0.775473415851593 32
1761604403988 0.7826871275901794 33
1761604404366 0.7939585447311401 34
1761604404758 0.7935076355934143 35
1761604405183 0.7853922247886658 36
1761604405588 0.8124436140060425 37
1761604405963 0.8146979212760925 38
1761604406348 0.8034265041351318 39
1761604406722 0.8155996203422546 40
1761604407090 0.8133453726768494 41
1761604407477 0.8192064762115479 42
1761604407838 0.8174030780792236 43
1761604408218 0.8155996203422546 44
1761604408615 0.8237150311470032 45
1761604408985 0.8255184888839722 46
1761604409362 0.8187556266784668 47
1761604409744 0.8363390564918518 48
1761604410117 0.8372407555580139 49
1761604391265 0.404418408870697 0
