1761604391265 1.0738574266433716 0
1761604391668 1.0434696674346924 1
1761604392119 1.0173532962799072 2
1761604392491 0.9901453256607056 3
1761604392855 0.9734428524971008 4
1761604393223 0.9353564381599426 5
1761604393609 0.9145613312721252 6
1761604393977 0.8743359446525574 7
1761604394399 0.8618152737617493 8
1761604394784 0.8275132775306702 9
1761604395162 0.8030691742897034 10
1761604395537 0.7773754000663757 11
1761604395909 0.7653147578239441 12
1761604396286 0.7394798398017883 13
1761604396677 0.7242811322212219 14
1761604397084 0.7150136232376099 15
1761604397453 0.6857916712760925 16
1761604397829 0.6725270748138428 17
1761604398237 0.6397802829742432 18
1761604398612 0.6471315026283264 19
1761604398991 0.6308679580688477 20
1761604399394 0.6113184690475464 21
1761604399770 0.6052466630935669 22
1761604400167 0.5973659753799438 23
1761604400590 0.5837571620941162 24
1761604400961 0.559775173664093 25
1761604401330 0.5547359585762024 26
1761604401747 0.5614451766014099 27
1761604402158 0.5254103541374207 28
1761604402528 0.5297123193740845 29
1761604402894 0.509530246257782 30
1761604403248 0.4955597221851349 31
1761604403609 0.4950050115585327 32
1761604403988 0.5151545405387878 33
1761604404366 0.4712809920310974 34
1761604404758 0.49093541502952576 35
1761604405183 0.47790682315826416 36
1761604405588 0.438973993062973 37
1761604405963 0.4450909495353699 38
1761604406348 0.46510010957717896 39
1761604406722 0.4323687255382538 40
1761604407090 0.4354763925075531 41
1761604407477 0.42057082056999207 42
1761604407838 0.4177308976650238 43
1761604408218 0.4292389452457428 44
1761604408615 0.40455517172813416 45
1761604408985 0.401692271232605 46
1761604409362 0.4305420517921448 47
1761604409744 0.39524129033088684 48
1761604410117 0.37567874789237976 49
1761604391265 1.0738574266433716 0
