1761606654935 1.04581880569458 0
1761606655273 1.0010368824005127 1
1761606655587 0.9935864210128784 2
1761606655892 0.9855988025665283 3
1761606656186 0.9787431359291077 4
1761606656490 0.9673652052879333 5
1761606656783 0.9656173586845398 6
1761606657072 0.9472663998603821 7
1761606657357 0.9622911810874939 8
1761606657643 0.9422997236251831 9
1761606657931 0.9393033981323242 10
1761606658214 0.9364893436431885 11
1761606658498 0.9178840517997742 12
1761606658795 0.9034461975097656 13
1761606659099 0.9029099941253662 14
1761606659394 0.9075452089309692 15
1761606659690 0.8957931995391846 16
1761606659996 0.8793416023254395 17
1761606660298 0.8677605390548706 18
1761606660597 0.8725273609161377 19
1761606660899 0.8645639419555664 20
1761606661193 0.8476683497428894 21
1761606661479 0.8281928300857544 22
1761606661773 0.835096001625061 23
1761606662066 0.8254488110542297 24
1761606662366 0.8036020398139954 25
1761606662668 0.7884860634803772 26
1761606662984 0.7923826575279236 27
1761606663272 0.7797400951385498 28
1761606663554 0.7605636715888977 29
1761606663843 0.7611622214317322 30
1761606664135 0.7498589158058167 31
1761606664420 0.7401028871536255 32
1761606664705 0.7144414782524109 33
1761606664997 0.7236588001251221 34
1761606665289 0.7073634266853333 35
1761606665566 0.6896049380302429 36
1761606666014 0.674106240272522 37
1761606666359 0.6698389649391174 38
1761606666670 0.6834185123443604 39
1761606666957 0.6613296270370483 40
1761606667281 0.6387643218040466 41
1761606667680 0.6369826197624207 42
1761606668231 0.625103771686554 43
1761606668531 0.5983172655105591 44
1761606668857 0.6191977262496948 45
1761606669172 0.5886688232421875 46
1761606669525 0.5830174684524536 47
1761606669868 0.5599807500839233 48
1761606670225 0.5848694443702698 49
1761606654935 1.04581880569458 0
