1761498639008 0.5128436088562012 0
1761498640109 0.5574583411216736 1
1761498641226 0.5732311606407166 2
1761498642247 0.6002703905105591 3
1761498643268 0.5844975113868713 4
1761498644282 0.6043262481689453 5
1761498645288 0.5881027579307556 6
1761498646365 0.6173952221870422 7
1761498647356 0.6169445514678955 8
1761498648303 0.628661572933197 9
1761498649261 0.6322667598724365 10
1761498650217 0.6394772529602051 11
1761498651243 0.643983781337738 12
1761498652266 0.652996838092804 13
1761498653276 0.6566020846366882 14
1761498654238 0.6453357338905334 15
1761498655268 0.6755295395851135 16
1761498656296 0.659305989742279 17
1761498657326 0.683190643787384 18
1761498658337 0.6908517479896545 19
1761498659289 0.6701216697692871 20
1761498660261 0.6976115107536316 21
1761498661278 0.6971608996391296 22
1761498662284 0.7102298140525818 23
1761498663513 0.7097792029380798 24
1761498664677 0.7093285322189331 25
1761498665910 0.731410562992096 26
1761498666905 0.7300586104393005 27
1761498667864 0.722848117351532 28
1761498668879 0.738170325756073 29
1761498669835 0.7525912523269653 30
1761498670933 0.7494366765022278 31
1761498672017 0.7399729490280151 32
1761498673038 0.7534925937652588 33
1761498674084 0.7598016858100891 34
1761498675231 0.7332131862640381 35
1761498676249 0.7638576030731201 36
1761498677287 0.757548451423645 37
1761498678256 0.7674628496170044 38
1761498679242 0.7706173658370972 39
1761498680266 0.7764759063720703 40
1761498681264 0.7836863398551941 41
1761498682243 0.7733213305473328 42
1761498683250 0.7823343873023987 43
1761498684204 0.7823343873023987 44
1761498685158 0.7958539724349976 45
1761498686116 0.7963046431541443 46
1761498687128 0.7913474440574646 47
1761498688098 0.785939633846283 48
1761498689130 0.7931500673294067 49
1761498639008 0.5128436088562012 0
