1761498639008 0.965054452419281 0
1761498640109 0.9127131104469299 1
1761498641226 0.9062683582305908 2
1761498642247 0.8846257328987122 3
1761498643268 0.8904412984848022 4
1761498644282 0.8686196804046631 5
1761498645288 0.8686802983283997 6
1761498646365 0.8523228168487549 7
1761498647356 0.8442932963371277 8
1761498648303 0.8350517153739929 9
1761498649261 0.8265109658241272 10
1761498650217 0.8156417012214661 11
1761498651243 0.7991751432418823 12
1761498652266 0.792903482913971 13
1761498653276 0.788079023361206 14
1761498654238 0.8025659918785095 15
1761498655268 0.7627465724945068 16
1761498656296 0.7618375420570374 17
1761498657326 0.7532036304473877 18
1761498658337 0.7413976192474365 19
1761498659289 0.7472531795501709 20
1761498660261 0.7160897850990295 21
1761498661278 0.713265061378479 22
1761498662284 0.7100816369056702 23
1761498663513 0.7001499533653259 24
1761498664677 0.6911688446998596 25
1761498665910 0.6616932153701782 26
1761498666905 0.669029176235199 27
1761498667864 0.6593736410140991 28
1761498668879 0.6458664536476135 29
1761498669835 0.6271848082542419 30
1761498670933 0.6229234337806702 31
1761498672017 0.6378546953201294 32
1761498673038 0.6081644892692566 33
1761498674084 0.5863447785377502 34
1761498675231 0.632271945476532 35
1761498676249 0.5930758118629456 36
1761498677287 0.5965979695320129 37
1761498678256 0.5720255374908447 38
1761498679242 0.5746552348136902 39
1761498680266 0.5535178780555725 40
1761498681264 0.5514177680015564 41
1761498682243 0.5528818368911743 42
1761498683250 0.5352386832237244 43
1761498684204 0.5425352454185486 44
1761498685158 0.5301347374916077 45
1761498686116 0.5075929760932922 46
1761498687128 0.5282297730445862 47
1761498688098 0.5215387344360352 48
1761498689130 0.5065335035324097 49
1761498639008 0.965054452419281 0
