1761497646666 0.4776926636695862 0
1761497648004 0.5128436088562012 1
1761497649150 0.4776926636695862 2
1761497650316 0.5078864097595215 3
1761497651468 0.5065344572067261 4
1761497652612 0.5128436088562012 5
1761497653761 0.5038305521011353 6
1761497654972 0.504281222820282 7
1761497656015 0.5128436088562012 8
1761497657147 0.511040985584259 9
1761497658259 0.5029292702674866 10
1761497659314 0.5128436088562012 11
1761497660443 0.5047318339347839 12
1761497661555 0.5119423270225525 13
1761497662680 0.5096890330314636 14
1761497663893 0.5114916563034058 15
1761497665131 0.511040985584259 16
1761497666178 0.5155475735664368 17
1761497667344 0.5051825046539307 18
1761497668389 0.5074357986450195 19
1761497669524 0.5101397037506104 20
1761497670564 0.5200541019439697 21
1761497671694 0.5087877511978149 22
1761497672736 0.5159981846809387 23
1761497674013 0.5164488554000854 24
1761497675148 0.5173501372337341 25
1761497676260 0.5218566656112671 26
1761497677301 0.5173501372337341 27
1761497678343 0.5218566656112671 28
1761497679461 0.5290671586990356 29
1761497680508 0.5164488554000854 30
1761497681593 0.5331230163574219 31
1761497682766 0.5475439429283142 32
1761497683992 0.5552050471305847 33
1761497685157 0.5570076704025269 34
1761497686552 0.5646687746047974 35
1761497687759 0.5610635280609131 36
1761497688911 0.5610635280609131 37
1761497690043 0.565570056438446 38
1761497691219 0.565570056438446 39
1761497692311 0.5732311606407166 40
1761497693617 0.5687246322631836 41
1761497694838 0.5610635280609131 42
1761497696114 0.5763857364654541 43
1761497697498 0.5763857364654541 44
1761497698691 0.5727805495262146 45
1761497699848 0.5822442770004272 46
1761497700517 0.5826948881149292 47
1761497701149 0.5926092863082886 48
1761497701983 0.5903559923171997 49
1761497646666 0.4776926636695862 0
