1761593399384 0.3859332799911499 0
1761593399879 0.4147880971431732 1
1761593400297 0.4260595142841339 2
1761593400686 0.4152389466762543 3
1761593401061 0.4364292025566101 4
1761593401448 0.4522092044353485 5
1761593401838 0.451307475566864 6
1761593402204 0.45446348190307617 7
1761593402576 0.4797114431858063 8
1761593402954 0.5054102540016174 9
1761593403331 0.49368801712989807 10
1761593403703 0.5112714171409607 11
1761593404073 0.5139765739440918 12
1761593404451 0.5392245054244995 13
1761593404827 0.5455365180969238 14
1761593405204 0.5518485307693481 15
1761593405608 0.5694319009780884 16
1761593406021 0.5743913650512695 17
1761593406431 0.5897204875946045 18
1761593406813 0.596032440662384 19
1761593407205 0.6045987606048584 20
1761593407590 0.6000901460647583 21
1761593407970 0.6122633218765259 22
1761593408348 0.6325518488883972 23
1761593408724 0.6375112533569336 24
1761593409093 0.6492335200309753 25
1761593409486 0.6469792723655701 26
1761593409869 0.6483318209648132 27
1761593410278 0.6397655606269836 28
1761593410651 0.6704238057136536 29
1761593411033 0.6794409155845642 30
1761593411402 0.6839495301246643 31
1761593411780 0.6812443733215332 32
1761593412154 0.6889089345932007 33
1761593412525 0.6907123327255249 34
1761593412884 0.6947700381278992 35
1761593413242 0.7055906057357788 36
1761593413618 0.7042380571365356 37
1761593413992 0.7060414552688599 38
1761593414375 0.7218214869499207 39
1761593414762 0.7303877472877502 40
1761593415146 0.7236248850822449 41
1761593415514 0.7285842895507812 42
1761593415915 0.7168620228767395 43
1761593416291 0.7448151707649231 44
1761593416663 0.7529305815696716 45
1761593417037 0.7317402958869934 46
1761593417423 0.7416591644287109 47
1761593417801 0.7497745752334595 48
1761593418196 0.7592425346374512 49
1761593418579 0.7506762742996216 50
1761593418967 0.7682597041130066 51
1761593419361 0.7565374374389648 52
1761593419768 0.7642019987106323 53
1761593420153 0.7795311212539673 54
1761593420542 0.7709648609161377 55
1761593420908 0.7781785130500793 56
1761593421313 0.7768259644508362 57
1761593421820 0.7790802717208862 58
1761593422227 0.7817853689193726 59
1761593422594 0.7871956825256348 60
1761593422980 0.7930567860603333 61
1761593423367 0.806582510471344 62
1761593423735 0.7935076355934143 63
1761593424111 0.78944993019104 64
1761593424479 0.7993687987327576 65
1761593424913 0.7980162501335144 66
1761593425328 0.8146979212760925 67
1761593425743 0.807033360004425 68
1761593426117 0.8137962222099304 69
1761593426505 0.8201082348823547 70
1761593426899 0.8142470717430115 71
1761593427296 0.8232641816139221 72
1761593427681 0.8318305015563965 73
1761593428063 0.8192064762115479 74
1761593428471 0.8327322006225586 75
1761593428921 0.8358882069587708 76
1761593429302 0.8282236456871033 77
1761593429676 0.8300270438194275 78
1761593430061 0.8313795924186707 79
1761593430425 0.8205590844154358 80
1761593430802 0.8485121726989746 81
1761593431182 0.837691605091095 82
1761593431559 0.8412984609603882 83
1761593431917 0.8476104736328125 84
1761593432302 0.8575292825698853 85
1761593432679 0.8449053168296814 86
1761593433058 0.8503155708312988 87
1761593433432 0.8525698781013489 88
1761593433816 0.8588818907737732 89
1761593434223 0.8606852889060974 90
1761593434609 0.8516681790351868 91
1761593434999 0.8561767339706421 92
1761593435405 0.8656447529792786 93
1761593435805 0.8629395961761475 94
1761593436204 0.8778178691864014 95
1761593436580 0.871055006980896 96
1761593436969 0.8656447529792786 97
1761593437451 0.8678990006446838 98
1761593437863 0.869251549243927 99
1761593399384 0.3859332799911499 0
