1761598098299 0.5271164178848267 0
1761598099005 0.5449735522270203 1
1761598099659 0.5443121790885925 2
1761598100293 0.5509259104728699 3
1761598100951 0.5515872836112976 4
1761598101589 0.5416666865348816 5
1761598102235 0.5595238208770752 6
1761598102908 0.5707672238349915 7
1761598103562 0.5833333134651184 8
1761598104205 0.5747354626655579 9
1761598104843 0.5952380895614624 10
1761598105496 0.5958994626998901 11
1761598106134 0.5965608358383179 12
1761598106799 0.6071428656578064 13
1761598107451 0.6084656119346619 14
1761598108122 0.6197090148925781 15
1761598108857 0.6269841194152832 16
1761598109493 0.6302909851074219 17
1761598110151 0.6177248954772949 18
1761598110817 0.6296296119689941 19
1761598111499 0.6216931343078613 20
1761598112193 0.6402116417884827 21
1761598112856 0.6335979104042053 22
1761598113492 0.6501322984695435 23
1761598114138 0.658730149269104 24
1761598114808 0.6580687761306763 25
1761598115443 0.6441798806190491 26
1761598116104 0.6355820298194885 27
1761598116740 0.6712962985038757 28
1761598117397 0.6686508059501648 29
1761598118046 0.6679894328117371 30
1761598118700 0.6805555820465088 31
1761598119322 0.6739417910575867 32
1761598120000 0.6891534328460693 33
1761598120782 0.6805555820465088 34
1761598121538 0.6957672238349915 35
1761598122224 0.6878306865692139 36
1761598122943 0.6970899701118469 37
1761598123691 0.7109788656234741 38
1761598124605 0.7129629850387573 39
1761598125547 0.716269850730896 40
1761598126287 0.7222222089767456 41
1761598126981 0.7321428656578064 42
1761598127673 0.7440476417541504 43
1761598128362 0.7361111044883728 44
1761598129070 0.7142857313156128 45
1761598129750 0.7314814925193787 46
1761598130570 0.7440476417541504 47
1761598131472 0.7433862686157227 48
1761598132251 0.7480158805847168 49
1761598098299 0.5271164178848267 0
