1761598098299 0.972051739692688 0
1761598099005 0.9479255676269531 1
1761598099659 0.9469358921051025 2
1761598100293 0.9353511929512024 3
1761598100951 0.9348577260971069 4
1761598101589 0.9344810843467712 5
1761598102235 0.9217656850814819 6
1761598102908 0.9090561866760254 7
1761598103562 0.9050878882408142 8
1761598104205 0.9085536003112793 9
1761598104843 0.8933125138282776 10
1761598105496 0.8858858942985535 11
1761598106134 0.8891510367393494 12
1761598106799 0.8647339940071106 13
1761598107451 0.8705261945724487 14
1761598108122 0.8591205477714539 15
1761598108857 0.8404881954193115 16
1761598109493 0.8438143730163574 17
1761598110151 0.8500557541847229 18
1761598110817 0.8364943861961365 19
1761598111499 0.8170216679573059 20
1761598112193 0.8166255950927734 21
1761598112856 0.8161571025848389 22
1761598113492 0.7929728031158447 23
1761598114138 0.7767776250839233 24
1761598114808 0.7775338888168335 25
1761598115443 0.7775627970695496 26
1761598116104 0.7960874438285828 27
1761598116740 0.7554786205291748 28
1761598117397 0.7522606253623962 29
1761598118046 0.7502762675285339 30
1761598118700 0.7364686727523804 31
1761598119322 0.7310009598731995 32
1761598120000 0.7144291996955872 33
1761598120782 0.7171186804771423 34
1761598121538 0.7047221064567566 35
1761598122224 0.6853359341621399 36
1761598122943 0.6913390755653381 37
1761598123691 0.6680358648300171 38
1761598124605 0.6601858735084534 39
1761598125547 0.6401528120040894 40
1761598126287 0.6415194272994995 41
1761598126981 0.6372448801994324 42
1761598127673 0.6111121773719788 43
1761598128362 0.62200927734375 44
1761598129070 0.6311953067779541 45
1761598129750 0.5898974537849426 46
1761598130570 0.5911387205123901 47
1761598131472 0.585814356803894 48
1761598132251 0.5864344239234924 49
1761598098299 0.972051739692688 0
