1761468072568 0.49291571974754333 0
1761468073310 0.5466070175170898 1
1761468074199 0.5697240829467773 2
1761468075038 0.5674869418144226 3
1761468075867 0.5898582935333252 4
1761468076641 0.5846383571624756 5
1761468077408 0.580909788608551 6
1761468078237 0.5876211524009705 7
1761468079002 0.5861297249794006 8
1761468079768 0.6025354266166687 9
1761468080408 0.5988068580627441 10
1761468081064 0.6241610646247864 11
1761468081726 0.6338553428649902 12
1761468082391 0.6420581936836243 13
1761468083159 0.6472781300544739 14
1761468083919 0.6480238437652588 15
1761468084682 0.6383296251296997 16
1761468085424 0.6614466905593872 17
1761468086082 0.654735267162323 18
1761468086743 0.6569724082946777 19
1761468087348 0.6636838316917419 20
1761468087938 0.6711409687995911 21
1761468088591 0.6517524123191833 22
1761468089247 0.6726323366165161 23
1761468089914 0.6793437600135803 24
1761468090703 0.6748694777488708 25
1761468091474 0.6584638357162476 26
1761468092287 0.6808351874351501 27
1761468092947 0.6882923245429993 28
1761468093727 0.6875466108322144 29
1761468094504 0.7046979665756226 30
1761468095329 0.7032065391540527 31
1761468096139 0.7046979665756226 32
1761468097008 0.6935123205184937 33
1761468097863 0.6979866027832031 34
1761468098714 0.7129008173942566 35
1761468099506 0.7136465311050415 36
1761468100171 0.7099179625511169 37
1761468100905 0.7151379585266113 38
1761468101421 0.7300521731376648 39
1761468102172 0.7084265351295471 40
1761468102839 0.7173750996589661 41
1761468103495 0.7270693778991699 42
1761468104112 0.7225950956344604 43
1761468104775 0.7129008173942566 44
1761468105371 0.7322893142700195 45
1761468105970 0.744966447353363 46
1761468106641 0.7352721691131592 47
1761468107404 0.7479493021965027 48
1761468107978 0.7352721691131592 49
1761468072568 0.49291571974754333 0
