1761468072568 1.0151273012161255 0
1761468073310 0.9623634815216064 1
1761468074199 0.9392704367637634 2
1761468075038 0.9405545592308044 3
1761468075867 0.918688178062439 4
1761468076641 0.9038897752761841 5
1761468077408 0.8965898752212524 6
1761468078237 0.8939862847328186 7
1761468079002 0.8934643864631653 8
1761468079768 0.8786427974700928 9
1761468080408 0.8667913675308228 10
1761468081064 0.8455345630645752 11
1761468081726 0.838747501373291 12
1761468082391 0.8334313035011292 13
1761468083159 0.8234452605247498 14
1761468083919 0.8127261400222778 15
1761468084682 0.8269529938697815 16
1761468085424 0.8173681497573853 17
1761468086082 0.8010203838348389 18
1761468086743 0.7949739694595337 19
1761468087348 0.7841749787330627 20
1761468087938 0.7575395107269287 21
1761468088591 0.7879502773284912 22
1761468089247 0.7657362222671509 23
1761468089914 0.7425174713134766 24
1761468090703 0.7485891580581665 25
1761468091474 0.7691301107406616 26
1761468092287 0.742900013923645 27
1761468092947 0.7270383834838867 28
1761468093727 0.7154021859169006 29
1761468094504 0.7080813646316528 30
1761468095329 0.7117892503738403 31
1761468096139 0.6868866682052612 32
1761468097008 0.7109493613243103 33
1761468097863 0.6969310641288757 34
1761468098714 0.6783521771430969 35
1761468099506 0.6829610466957092 36
1761468100171 0.6713947057723999 37
1761468100905 0.6664208173751831 38
1761468101421 0.6490014791488647 39
1761468102172 0.6790599226951599 40
1761468102839 0.6614124774932861 41
1761468103495 0.6456634402275085 42
1761468104112 0.6345568299293518 43
1761468104775 0.6792699694633484 44
1761468105371 0.6456791162490845 45
1761468105970 0.6324734687805176 46
1761468106641 0.6256511807441711 47
1761468107404 0.6101593375205994 48
1761468107978 0.6223470568656921 49
1761468072568 1.0151273012161255 0
