1761529664403 0.5209553837776184 0
1761529664651 0.5660207271575928 1
1761529664886 0.5651194453239441 2
1761529665156 0.559260904788971 3
1761529665397 0.563316822052002 4
1761529665633 0.5615141987800598 5
1761529665900 0.5691753029823303 6
1761529666125 0.5624154806137085 7
1761529666375 0.5579089522361755 8
1761529666612 0.5646687746047974 9
1761529666874 0.5583596229553223 10
1761529667131 0.5628661513328552 11
1761529667445 0.5709779262542725 12
1761529667702 0.5615141987800598 13
1761529667978 0.5624154806137085 14
1761529668227 0.5624154806137085 15
1761529668612 0.563316822052002 16
1761529668851 0.5687246322631836 17
1761529669117 0.569625973701477 18
1761529669493 0.5736818313598633 19
1761529669756 0.5606129169464111 20
1761529669990 0.5723298788070679 21
1761529670258 0.563316822052002 22
1761529670533 0.5687246322631836 23
1761529670802 0.5808922648429871 24
1761529671082 0.5669220089912415 25
1761529671308 0.5642181038856506 26
1761529671613 0.5745831727981567 27
1761529671865 0.5651194453239441 28
1761529672098 0.5682740211486816 29
1761529672449 0.5723298788070679 30
1761529672690 0.5768364071846008 31
1761529672935 0.5772870779037476 32
1761529673179 0.5772870779037476 33
1761529673481 0.570076584815979 34
1761529673722 0.5799909830093384 35
1761529673965 0.5777377486228943 36
1761529674209 0.589454710483551 37
1761529674444 0.5917080044746399 38
1761529674695 0.5831455588340759 39
1761529675000 0.578639030456543 40
1761529675289 0.5849481821060181 41
1761529675569 0.5867508053779602 42
1761529675874 0.5858494639396667 43
1761529676300 0.5912573337554932 44
1761529676619 0.5863001346588135 45
1761529676875 0.5849481821060181 46
1761529677162 0.5926092863082886 47
1761529677728 0.5890040397644043 48
1761529678258 0.5962145328521729 49
1761529664403 0.5209553837776184 0
