1761610937681 0.47069433331489563 0
1761610938078 0.49368801712989807 1
1761610938455 0.5117222666740417 2
1761610938829 0.5266005396842957 3
1761610939207 0.5464382171630859 4
1761610939637 0.5563570857048035 5
1761610940025 0.5599639415740967 6
1761610940399 0.5766456127166748 7
1761610940746 0.5852118730545044 8
1761610941101 0.5919747352600098 9
1761610941479 0.6122633218765259 10
1761610941852 0.6203787326812744 11
1761610942224 0.6248872876167297 12
1761610942596 0.6510369777679443 13
1761610942956 0.6514878273010254 14
1761610943307 0.6672677993774414 15
1761610943690 0.6668169498443604 16
1761610944112 0.6681694984436035 17
1761610944504 0.6740306615829468 18
1761610944838 0.6943191885948181 19
1761610945228 0.6821460723876953 20
1761610945599 0.6992786526679993 21
1761610945927 0.7272317409515381 22
1761610946294 0.7191163301467896 23
1761610946675 0.7312894463539124 24
1761610947043 0.7281334400177002 25
1761610947418 0.7376014590263367 26
1761610947788 0.7357980012893677 27
1761610948157 0.7529305815696716 28
1761610948521 0.7398557066917419 29
1761610948887 0.7651036977767944 30
1761610949255 0.7705139517784119 31
1761610949627 0.7718665599822998 32
1761610950002 0.7687105536460876 33
1761610950366 0.775022566318512 34
1761610950736 0.7822362780570984 35
1761610951112 0.7871956825256348 36
1761610951479 0.790802538394928 37
1761610951844 0.7993687987327576 38
1761610952214 0.8020739555358887 39
1761610952581 0.8061316609382629 40
1761610952946 0.8128945231437683 41
1761610953324 0.8174030780792236 42
1761610953686 0.8124436140060425 43
1761610954053 0.8201082348823547 44
1761610954418 0.8250676393508911 45
1761610954794 0.8304778933525085 46
1761610955159 0.8282236456871033 47
1761610955527 0.8232641816139221 48
1761610955897 0.8331830501556396 49
1761610937681 0.47069433331489563 0
