1761610937681 1.0244250297546387 0
1761610938078 1.0070748329162598 1
1761610938455 0.995612621307373 2
1761610938829 0.9802861213684082 3
1761610939207 0.963500440120697 4
1761610939637 0.9469650387763977 5
1761610940025 0.9414920210838318 6
1761610940399 0.9261864423751831 7
1761610940746 0.9071041941642761 8
1761610941101 0.8985936045646667 9
1761610941479 0.8726677298545837 10
1761610941852 0.861805260181427 11
1761610942224 0.8367205262184143 12
1761610942596 0.818248450756073 13
1761610942956 0.8047723174095154 14
1761610943307 0.7892639636993408 15
1761610943690 0.7740784287452698 16
1761610944112 0.7724307179450989 17
1761610944504 0.7451656460762024 18
1761610944838 0.7335506677627563 19
1761610945228 0.7249808311462402 20
1761610945599 0.6993720531463623 21
1761610945927 0.6727849841117859 22
1761610946294 0.6679957509040833 23
1761610946675 0.6413335204124451 24
1761610947043 0.6598202586174011 25
1761610947418 0.6357662677764893 26
1761610947788 0.6237619519233704 27
1761610948157 0.6103530526161194 28
1761610948521 0.6015334725379944 29
1761610948887 0.5666607618331909 30
1761610949255 0.575526237487793 31
1761610949627 0.5483694076538086 32
1761610950002 0.5589438676834106 33
1761610950366 0.5441352128982544 34
1761610950736 0.5310950875282288 35
1761610951112 0.5195980072021484 36
1761610951479 0.5113363265991211 37
1761610951844 0.496077299118042 38
1761610952214 0.4878966510295868 39
1761610952581 0.4676811993122101 40
1761610952946 0.47092685103416443 41
1761610953324 0.44505926966667175 42
1761610953686 0.45663413405418396 43
1761610954053 0.4598549008369446 44
1761610954418 0.45579931139945984 45
1761610954794 0.42572182416915894 46
1761610955159 0.43070295453071594 47
1761610955527 0.4258597493171692 48
1761610955897 0.4087982773780823 49
1761610937681 1.0244250297546387 0
