1761445486976 0.40919333696365356 0
1761445488616 0.4398377537727356 1
1761445489905 0.4511041045188904 2
1761445490986 0.4578638970851898 3
1761445492069 0.46597567200660706 4
1761445493339 0.4718341529369354 5
1761445494555 0.48760703206062317 6
1761445495812 0.4966200888156891 7
1761445497030 0.5178008079528809 8
1761445498450 0.5191527605056763 9
1761445499685 0.5335736870765686 10
1761445500846 0.5425867438316345 11
1761445502020 0.5565569996833801 12
1761445503122 0.5606129169464111 13
1761445504635 0.5574583411216736 14
1761445505762 0.5619648694992065 15
1761445506879 0.5808922648429871 16
1761445508160 0.57413250207901 17
1761445509316 0.5853988528251648 18
1761445510416 0.5917080044746399 19
1761445511598 0.5966651439666748 20
1761445512853 0.6151419281959534 21
1761445514323 0.6142406463623047 22
1761445515779 0.6119873523712158 23
1761445517238 0.6237043738365173 24
1761445518644 0.6304641962051392 25
1761445520016 0.6250563263893127 26
1761445521197 0.6399279236793518 27
1761445522563 0.6367733478546143 28
1761445524080 0.6273096203804016 29
1761445525460 0.6502929329872131 30
1761445526924 0.6430824398994446 31
1761445528252 0.6471383571624756 32
1761445529356 0.6412798762321472 33
1761445530099 0.6507436037063599 34
1761445531067 0.6629112362861633 35
1761445531891 0.6629112362861633 36
1761445532771 0.6656151413917542 37
1761445534363 0.6647138595581055 38
1761445535118 0.6737269163131714 39
1761445536121 0.6759801506996155 40
1761445537097 0.668319046497345 41
1761445537999 0.679134726524353 42
1761445538881 0.687697172164917 43
1761445539861 0.6701216697692871 44
1761445540487 0.6809373497962952 45
1761445541187 0.6809373497962952 46
1761445542027 0.7016674280166626 47
1761445542994 0.7007660865783691 48
1761445544002 0.7025687098503113 49
1761445486976 0.40919333696365356 0
