1761445486976 1.0854005813598633 0
1761445488616 1.055558443069458 1
1761445489905 1.0355169773101807 2
1761445490986 1.027741551399231 3
1761445492069 1.0221456289291382 4
1761445493339 1.0085939168930054 5
1761445494555 0.9944943189620972 6
1761445495812 0.9845766425132751 7
1761445497030 0.9749600291252136 8
1761445498450 0.9585540890693665 9
1761445499685 0.9566637873649597 10
1761445500846 0.9401662945747375 11
1761445502020 0.9256811141967773 12
1761445503122 0.918114185333252 13
1761445504635 0.9227450489997864 14
1761445505762 0.8960590362548828 15
1761445506879 0.8888984322547913 16
1761445508160 0.8898285627365112 17
1761445509316 0.8839579224586487 18
1761445510416 0.8587425947189331 19
1761445511598 0.8661057949066162 20
1761445512853 0.846398115158081 21
1761445514323 0.8438695073127747 22
1761445515779 0.8475991487503052 23
1761445517238 0.8182376623153687 24
1761445518644 0.8221638202667236 25
1761445520016 0.8317663073539734 26
1761445521197 0.8037765622138977 27
1761445522563 0.8086292147636414 28
1761445524080 0.8160302042961121 29
1761445525460 0.77564537525177 30
1761445526924 0.7907095551490784 31
1761445528252 0.774792492389679 32
1761445529356 0.781151294708252 33
1761445530099 0.7631865739822388 34
1761445531067 0.7606124877929688 35
1761445531891 0.7571389675140381 36
1761445532771 0.7434998154640198 37
1761445534363 0.7465431690216064 38
1761445535118 0.7201184630393982 39
1761445536121 0.7285979390144348 40
1761445537097 0.7537991404533386 41
1761445537999 0.7091490030288696 42
1761445538881 0.7113271355628967 43
1761445539861 0.725067138671875 44
1761445540487 0.7171635627746582 45
1761445541187 0.7051098942756653 46
1761445542027 0.6802882552146912 47
1761445542994 0.6850789785385132 48
1761445544002 0.6974656581878662 49
1761445486976 1.0854005813598633 0
