1761612937933 0.45671775937080383 0
1761612938170 0.48737600445747375 1
1761612938410 0.48827773332595825 2
1761612938622 0.4878268837928772 3
1761612938835 0.48737600445747375 4
1761612939045 0.4747520387172699 5
1761612939257 0.500450849533081 6
1761612939485 0.4963931441307068 7
1761612939695 0.4869251549243927 8
1761612939906 0.49368801712989807 9
1761612940115 0.4923354387283325 10
1761612940333 0.49368801712989807 11
1761612940550 0.49774572253227234 12
1761612940763 0.5063120126724243 13
1761612940978 0.5040577054023743 14
1761612941190 0.4941388666629791 15
1761612941399 0.5081154108047485 16
1761612941609 0.5121731162071228 17
1761612941825 0.5139765739440918 18
1761612942041 0.5058611631393433 19
1761612942251 0.5049594044685364 20
1761612942464 0.49504056572914124 21
1761612942675 0.5099188685417175 22
1761612942914 0.5067628622055054 23
1761612943162 0.5067628622055054 24
1761612943389 0.5180342793464661 25
1761612943592 0.5162308216094971 26
1761612943793 0.5256988406181335 27
1761612944001 0.5238953828811646 28
1761612944214 0.5202885270118713 29
1761612944422 0.5148782730102539 30
1761612944632 0.5135257244110107 31
1761612944845 0.5067628622055054 32
1761612945054 0.5238953828811646 33
1761612945264 0.5270513892173767 34
1761612945482 0.5234445333480835 35
1761612945693 0.517132580280304 36
1761612945909 0.5184851288795471 37
1761612946125 0.5302073955535889 38
1761612946347 0.5225428342819214 39
1761612946565 0.5238953828811646 40
1761612946776 0.5243462324142456 41
1761612946993 0.531109094619751 42
1761612947201 0.5266005396842957 43
1761612947409 0.5324617028236389 44
1761612947612 0.5288548469543457 45
1761612947824 0.5320107936859131 46
1761612948049 0.533363401889801 47
1761612948282 0.5256988406181335 48
1761612948502 0.5351668000221252 49
1761612937933 0.45671775937080383 0
