1761612937933 1.0252964496612549 0
1761612938170 0.9892409443855286 1
1761612938410 0.9862372279167175 2
1761612938622 0.9848995804786682 3
1761612938835 0.9828090071678162 4
1761612939045 0.9846500754356384 5
1761612939257 0.9817296266555786 6
1761612939485 0.9815373420715332 7
1761612939695 0.981585681438446 8
1761612939906 0.9796876907348633 9
1761612940115 0.9811757206916809 10
1761612940333 0.9762040972709656 11
1761612940550 0.9771150350570679 12
1761612940763 0.9799728989601135 13
1761612940978 0.9753516912460327 14
1761612941190 0.979203462600708 15
1761612941399 0.9748016595840454 16
1761612941609 0.9720640778541565 17
1761612941825 0.9709593653678894 18
1761612942041 0.972658097743988 19
1761612942251 0.972669780254364 20
1761612942464 0.9708400368690491 21
1761612942675 0.9681673645973206 22
1761612942914 0.9727109670639038 23
1761612943162 0.9698574542999268 24
1761612943389 0.9665058255195618 25
1761612943592 0.9669199585914612 26
1761612943793 0.9654533267021179 27
1761612944001 0.964080810546875 28
1761612944214 0.9666169881820679 29
1761612944422 0.9648577570915222 30
1761612944632 0.96486896276474 31
1761612944845 0.9645565748214722 32
1761612945054 0.9642566442489624 33
1761612945264 0.9611909985542297 34
1761612945482 0.9608132243156433 35
1761612945693 0.963043749332428 36
1761612945909 0.9618741273880005 37
1761612946125 0.9620149731636047 38
1761612946347 0.9589771032333374 39
1761612946565 0.9597277045249939 40
1761612946776 0.9603880047798157 41
1761612946993 0.9592408537864685 42
1761612947201 0.9573046565055847 43
1761612947409 0.9562170505523682 44
1761612947612 0.9570567607879639 45
1761612947824 0.9570711255073547 46
1761612948049 0.9547896385192871 47
1761612948282 0.9570099115371704 48
1761612948502 0.9547142386436462 49
1761612937933 1.0252964496612549 0
