1761526055073 0.7304582595825195 0
1761526056010 0.5532690286636353 1
1761526056756 0.5428641438484192 2
1761526057482 0.5322540402412415 3
1761526058401 0.5242719650268555 4
1761526059349 0.5176058411598206 5
1761526060235 0.5119060277938843 6
1761526061016 0.5028241276741028 7
1761526061926 0.49753057956695557 8
1761526062828 0.49233922362327576 9
1761526063453 0.48526936769485474 10
1761526064150 0.4807310402393341 11
1761526064978 0.4732840359210968 12
1761526065643 0.4679403305053711 13
1761526066539 0.46374356746673584 14
1761526067156 0.45695632696151733 15
1761526067933 0.4515146315097809 16
1761526068634 0.4452151656150818 17
1761526069343 0.439016729593277 18
1761526070044 0.43660545349121094 19
1761526070802 0.4316271245479584 20
1761526071759 0.4278673231601715 21
1761526072551 0.4239991009235382 22
1761526073209 0.42008230090141296 23
1761526074052 0.41489535570144653 24
1761526074930 0.4062473773956299 25
1761526075585 0.40096092224121094 26
1761526076418 0.3999210596084595 27
1761526077181 0.39529111981391907 28
1761526078052 0.39448443055152893 29
1761526078840 0.3827943503856659 30
1761526079525 0.3836592435836792 31
1761526080430 0.37088316679000854 32
1761526081261 0.3745415210723877 33
1761526082086 0.3672502934932709 34
1761526082735 0.36509376764297485 35
1761526083423 0.366809219121933 36
1761526084273 0.3594287037849426 37
1761526084933 0.3485487699508667 38
1761526085594 0.351816862821579 39
1761526086242 0.3453212380409241 40
1761526086899 0.34108760952949524 41
1761526087705 0.33859771490097046 42
1761526088592 0.3362342417240143 43
1761526089362 0.33446836471557617 44
1761526090285 0.3313104212284088 45
1761526091153 0.3257322609424591 46
1761526091992 0.32809215784072876 47
1761526092743 0.32432878017425537 48
1761526093567 0.31474146246910095 49
1761526055073 0.7304582595825195 0
