1761462732964 1.0924996137619019 0
1761462733505 1.0762478113174438 1
1761462733998 1.06889808177948 2
1761462734493 1.0578618049621582 3
1761462734962 1.054036021232605 4
1761462735452 1.0506031513214111 5
1761462735911 1.0451096296310425 6
1761462736392 1.0406426191329956 7
1761462736871 1.0321190357208252 8
1761462737358 1.0266053676605225 9
1761462737846 1.0185256004333496 10
1761462738340 1.0138814449310303 11
1761462738794 1.0053753852844238 12
1761462739260 1.0041728019714355 13
1761462739716 0.9940032958984375 14
1761462740188 0.9922565817832947 15
1761462740655 0.976589560508728 16
1761462741130 0.97880619764328 17
1761462741603 0.978384792804718 18
1761462742058 0.9741331934928894 19
1761462742549 0.9711665511131287 20
1761462743021 0.963037371635437 21
1761462743507 0.9480654001235962 22
1761462743984 0.9577466249465942 23
1761462744546 0.9480372071266174 24
1761462745006 0.9467667937278748 25
1761462745493 0.9355507493019104 26
1761462745960 0.9272035956382751 27
1761462746437 0.9192541837692261 28
1761462746892 0.9172344207763672 29
1761462747383 0.9072579145431519 30
1761462747856 0.8979810476303101 31
1761462748336 0.9011659622192383 32
1761462748825 0.8924778699874878 33
1761462749294 0.8834015727043152 34
1761462749765 0.8795402646064758 35
1761462750222 0.9052585959434509 36
1761462750700 0.8830119371414185 37
1761462751157 0.8653035163879395 38
1761462751641 0.8506491184234619 39
1761462752090 0.862434446811676 40
1761462752561 0.8622081875801086 41
1761462753021 0.8561637997627258 42
1761462753487 0.8510584235191345 43
1761462753941 0.8548187613487244 44
1761462754411 0.831055223941803 45
1761462754871 0.8360691666603088 46
1761462755332 0.820850670337677 47
1761462755817 0.8131366968154907 48
1761462756293 0.8283762335777283 49
1761462732964 1.0924996137619019 0
