1761603751444 0.6041478514671326 0
1761603751904 0.6082056164741516 1
1761603752303 0.6077547073364258 2
1761603752680 0.6109107136726379 3
1761603753067 0.6154192686080933 4
1761603753451 0.6194770336151123 5
1761603753837 0.6181244254112244 6
1761603754253 0.626690685749054 7
1761603754675 0.628494143486023 8
1761603755057 0.6388638615608215 9
1761603755607 0.6348061561584473 10
1761603756043 0.646077573299408 11
1761603756448 0.6541929841041565 12
1761603756840 0.6614066958427429 13
1761603757291 0.662308394908905 14
1761603757743 0.6681694984436035 15
1761603758178 0.6708746552467346 16
1761603758594 0.6771866679191589 17
1761603759008 0.6844003796577454 18
1761603759414 0.6844003796577454 19
1761603759832 0.6943191885948181 20
1761603760246 0.709197461605072 21
1761603760641 0.7073940634727478 22
1761603761037 0.711000919342041 23
1761603761409 0.7191163301467896 24
1761603761780 0.7339946031570435 25
1761603762165 0.7204688787460327 26
1761603762545 0.7362488508224487 27
1761603762963 0.7457168698310852 28
1761603763341 0.7430117130279541 29
1761603763750 0.7619476914405823 30
1761603764148 0.755635678768158 31
1761603764541 0.7660053968429565 32
1761603764923 0.7696122527122498 33
1761603765309 0.7822362780570984 34
1761603765712 0.7921550869941711 35
1761603766112 0.7871956825256348 36
1761603766524 0.7971144914627075 37
1761603766893 0.7975654006004333 38
1761603767270 0.8038773536682129 39
1761603767605 0.8187556266784668 40
1761603767968 0.8205590844154358 41
1761603768329 0.824165940284729 42
1761603768690 0.8165013790130615 43
1761603769046 0.8155996203422546 44
1761603769427 0.8327322006225586 45
1761603769776 0.8318305015563965 46
1761603770151 0.8412984609603882 47
1761603770499 0.8349864482879639 48
1761603770878 0.8408476114273071 49
1761603751444 0.6041478514671326 0
