1761603751444 0.9348113536834717 0
1761603751904 0.9140520691871643 1
1761603752303 0.8979416489601135 2
1761603752680 0.8917416930198669 3
1761603753067 0.8864669799804688 4
1761603753451 0.8694249391555786 5
1761603753837 0.8634624481201172 6
1761603754253 0.8491508960723877 7
1761603754675 0.8393241763114929 8
1761603755057 0.8398873209953308 9
1761603755607 0.8224419951438904 10
1761603756043 0.8135300874710083 11
1761603756448 0.7929132580757141 12
1761603756840 0.79173743724823 13
1761603757291 0.7780093550682068 14
1761603757743 0.7624090909957886 15
1761603758178 0.7449110150337219 16
1761603758594 0.7340236306190491 17
1761603759008 0.71696537733078 18
1761603759414 0.7183862924575806 19
1761603759832 0.6979847550392151 20
1761603760246 0.6805366277694702 21
1761603760641 0.669879674911499 22
1761603761037 0.6607353687286377 23
1761603761409 0.6473730206489563 24
1761603761780 0.6212484836578369 25
1761603762165 0.6337460279464722 26
1761603762545 0.620110034942627 27
1761603762963 0.5970880389213562 28
1761603763341 0.5829872488975525 29
1761603763750 0.5693888068199158 30
1761603764148 0.5631645917892456 31
1761603764541 0.5568282604217529 32
1761603764923 0.5416001081466675 33
1761603765309 0.5207732915878296 34
1761603765712 0.5130646228790283 35
1761603766112 0.5123986601829529 36
1761603766524 0.48726335167884827 37
1761603766893 0.48583534359931946 38
1761603767270 0.47784188389778137 39
1761603767605 0.45830535888671875 40
1761603767968 0.4385998249053955 41
1761603768329 0.43923285603523254 42
1761603768690 0.4325135350227356 43
1761603769046 0.4379839599132538 44
1761603769427 0.411043643951416 45
1761603769776 0.4041244685649872 46
1761603770151 0.3989282548427582 47
1761603770499 0.3959216773509979 48
1761603770878 0.3910220265388489 49
1761603751444 0.9348113536834717 0
