1761607723870 0.9440237879753113 0
1761607724114 0.9266180396080017 1
1761607724369 0.9214569926261902 2
1761607724590 0.9137275218963623 3
1761607724833 0.9042309522628784 4
1761607725065 0.8981260061264038 5
1761607725287 0.8895263075828552 6
1761607725504 0.8822793960571289 7
1761607725781 0.8782157897949219 8
1761607726001 0.866335391998291 9
1761607726218 0.8625656962394714 10
1761607726438 0.8523157238960266 11
1761607726647 0.8467505574226379 12
1761607726867 0.8415300846099854 13
1761607727094 0.8344601988792419 14
1761607727317 0.8240579962730408 15
1761607727540 0.8177852630615234 16
1761607727769 0.820827305316925 17
1761607727998 0.8076528310775757 18
1761607728226 0.7999027371406555 19
1761607728450 0.8035032749176025 20
1761607728680 0.7894285917282104 21
1761607728917 0.7810495495796204 22
1761607729156 0.7747260332107544 23
1761607729375 0.7746453285217285 24
1761607729606 0.7615199089050293 25
1761607729826 0.757750391960144 26
1761607730041 0.7602582573890686 27
1761607730265 0.7517385482788086 28
1761607730491 0.7488263249397278 29
1761607730718 0.7425013184547424 30
1761607730943 0.7374479174613953 31
1761607731215 0.7347092032432556 32
1761607731506 0.7325903177261353 33
1761607731786 0.7252094745635986 34
1761607732018 0.7151613831520081 35
1761607732254 0.7186574339866638 36
1761607732472 0.7102415561676025 37
1761607732734 0.7032972574234009 38
1761607732977 0.6990596652030945 39
1761607733285 0.7032177448272705 40
1761607733522 0.7018977999687195 41
1761607733744 0.6914461255073547 42
1761607733983 0.6845216751098633 43
1761607734216 0.6886463761329651 44
1761607734458 0.6790332794189453 45
1761607734672 0.6785945296287537 46
1761607734914 0.6660513281822205 47
1761607735136 0.6732874512672424 48
1761607735366 0.6660986542701721 49
1761607723870 0.9440237879753113 0
