1761534246754 0.49977466464042664 0
1761534247698 0.5178008079528809 1
1761534248586 0.5299684405326843 2
1761534249481 0.5362775921821594 3
1761534250356 0.5511491894721985 4
1761534251226 0.5601622462272644 5
1761534252104 0.5736818313598633 6
1761534252992 0.5678233504295349 7
1761534253977 0.5872014164924622 8
1761534254850 0.5948625802993774 9
1761534255746 0.5926092863082886 10
1761534256680 0.5980170965194702 11
1761534257590 0.6011716723442078 12
1761534258481 0.602523684501648 13
1761534259362 0.6191978454589844 14
1761534260277 0.6169445514678955 15
1761534261176 0.6241550445556641 16
1761534262131 0.6191978454589844 17
1761534263018 0.6381253004074097 18
1761534263936 0.6489409804344177 19
1761534264854 0.6498422622680664 20
1761534265785 0.6602072715759277 21
1761534266685 0.6669670939445496 22
1761534267589 0.6719242930412292 23
1761534268463 0.683190643787384 24
1761534269354 0.6890491247177124 25
1761534270253 0.6949076056480408 26
1761534271152 0.6904010772705078 27
1761534272046 0.7070752382278442 28
1761534272938 0.7016674280166626 29
1761534273827 0.7039206624031067 30
1761534274847 0.7296079397201538 31
1761534275992 0.7165389657020569 32
1761534276972 0.7264533638954163 33
1761534278028 0.7417755722999573 34
1761534279139 0.7431275248527527 35
1761534280182 0.7593510746955872 36
1761534281409 0.7561964988708496 37
1761534282598 0.7602523565292358 38
1761534283680 0.7719693779945374 39
1761534284660 0.7733213305473328 40
1761534285715 0.7656602263450623 41
1761534286693 0.7796304821968079 42
1761534287822 0.7913474440574646 43
1761534288848 0.7823343873023987 44
1761534289839 0.7990085482597351 45
1761534290945 0.7936007380485535 46
1761534291897 0.8170347213745117 47
1761534292987 0.8093736171722412 48
1761534294388 0.8224425315856934 49
1761534296332 0.8292023539543152 50
1761534297569 0.8314555883407593 51
1761534298823 0.8382154107093811 52
1761534300229 0.8283010125160217 53
1761534301966 0.8449752330780029 54
1761534303331 0.8539882898330688 55
1761534304272 0.8553402423858643 56
1761534305209 0.8584948182106018 57
1761534306115 0.8580441474914551 58
1761534307035 0.8589454889297485 59
1761534307931 0.8751689791679382 60
1761534308836 0.8679585456848145 61
1761534309773 0.8769716024398804 62
1761534310798 0.8733663558959961 63
1761534311712 0.8805768489837646 64
1761534312625 0.8918431997299194 65
1761534313543 0.894997775554657 66
1761534314458 0.9161784648895264 67
1761534315389 0.8936457633972168 68
1761534316301 0.8868860006332397 69
1761534317250 0.8904911875724792 70
1761534318169 0.9116719365119934 71
1761534319131 0.910319983959198 72
1761534320101 0.9022082090377808 73
1761534321082 0.9094186425209045 74
1761534321977 0.910319983959198 75
1761534322876 0.9139251708984375 76
1761534323805 0.914826512336731 77
1761534324768 0.9287967681884766 78
1761534326060 0.9265434741973877 79
1761534327439 0.9206849932670593 80
1761534328446 0.9224876165390015 81
1761534329404 0.9071654081344604 82
1761534330364 0.9351059198379517 83
1761534331326 0.94096440076828 84
1761534332585 0.9328526258468628 85
1761534333761 0.9486255049705505 86
1761534334780 0.9400631189346313 87
1761534335895 0.9400631189346313 88
1761534336978 0.9418656826019287 89
1761534337974 0.9197837114334106 90
1761534338902 0.9346552491188049 91
1761534339930 0.9495267868041992 92
1761534340899 0.9558359384536743 93
1761534341960 0.9544839859008789 94
1761534342916 0.9531320333480835 95
1761534343896 0.925642192363739 96
1761534344850 0.9283460974693298 97
1761534345758 0.9220369458198547 98
1761534346686 0.9571879506111145 99
1761534246754 0.49977466464042664 0
