1761534246754 0.8903079628944397 0
1761534247698 0.8799259662628174 1
1761534248586 0.8683002591133118 2
1761534249481 0.872428297996521 3
1761534250356 0.8599494695663452 4
1761534251226 0.8551800847053528 5
1761534252104 0.8496474027633667 6
1761534252992 0.849223792552948 7
1761534253977 0.8380882143974304 8
1761534254850 0.8326306343078613 9
1761534255746 0.8266699910163879 10
1761534256680 0.8292152881622314 11
1761534257590 0.8107613921165466 12
1761534258481 0.8069322109222412 13
1761534259362 0.797819197177887 14
1761534260277 0.7913889288902283 15
1761534261176 0.7813151478767395 16
1761534262131 0.7782735228538513 17
1761534263018 0.7567424178123474 18
1761534263936 0.7482064366340637 19
1761534264854 0.7413066029548645 20
1761534265785 0.7386624217033386 21
1761534266685 0.7180019617080688 22
1761534267589 0.7129242420196533 23
1761534268463 0.6922389268875122 24
1761534269354 0.683110237121582 25
1761534270253 0.6872119307518005 26
1761534271152 0.6739485859870911 27
1761534272046 0.6556902527809143 28
1761534272938 0.6392754316329956 29
1761534273827 0.6402441263198853 30
1761534274847 0.6112409830093384 31
1761534275992 0.6096692085266113 32
1761534276972 0.5985143780708313 33
1761534278028 0.5854431986808777 34
1761534279139 0.5789112448692322 35
1761534280182 0.5545322299003601 36
1761534281409 0.5467910170555115 37
1761534282598 0.5296974778175354 38
1761534283680 0.5202124118804932 39
1761534284660 0.5127580165863037 40
1761534285715 0.5373975038528442 41
1761534286693 0.4852246940135956 42
1761534287822 0.4756639003753662 43
1761534288848 0.48596736788749695 44
1761534289839 0.4554173946380615 45
1761534290945 0.45267364382743835 46
1761534291897 0.4278006851673126 47
1761534292987 0.44050952792167664 48
1761534294388 0.39945274591445923 49
1761534296332 0.3935803472995758 50
1761534297569 0.3871400058269501 51
1761534298823 0.36523258686065674 52
1761534300229 0.36893609166145325 53
1761534301966 0.3611229360103607 54
1761534303331 0.33810532093048096 55
1761534304272 0.33379682898521423 56
1761534305209 0.3370697498321533 57
1761534306115 0.31900617480278015 58
1761534307035 0.3204489052295685 59
1761534307931 0.2998029291629791 60
1761534308836 0.31330782175064087 61
1761534309773 0.28740906715393066 62
1761534310798 0.2716490924358368 63
1761534311712 0.2810952663421631 64
1761534312625 0.26363876461982727 65
1761534313543 0.24227841198444366 66
1761534314458 0.2090393602848053 67
1761534315389 0.2351081371307373 68
1761534316301 0.2596684694290161 69
1761534317250 0.2599007189273834 70
1761534318169 0.21288681030273438 71
1761534319131 0.22576236724853516 72
1761534320101 0.23322488367557526 73
1761534321082 0.22285394370555878 74
1761534321977 0.20308524370193481 75
1761534322876 0.1978980451822281 76
1761534323805 0.19896315038204193 77
1761534324768 0.17770756781101227 78
1761534326060 0.17106235027313232 79
1761534327439 0.18715639412403107 80
1761534328446 0.2006031721830368 81
1761534329404 0.22294513881206512 82
1761534330364 0.1664857715368271 83
1761534331326 0.1379776895046234 84
1761534332585 0.1685306876897812 85
1761534333761 0.13480156660079956 86
1761534334780 0.15057402849197388 87
1761534335895 0.1348685622215271 88
1761534336978 0.14796261489391327 89
1761534337974 0.20013807713985443 90
1761534338902 0.17793315649032593 91
1761534339930 0.12587375938892365 92
1761534340899 0.11499236524105072 93
1761534341960 0.12026793509721756 94
1761534342916 0.14448624849319458 95
1761534343896 0.1882079839706421 96
1761534344850 0.2000187337398529 97
1761534345758 0.1831185519695282 98
1761534346686 0.11383437365293503 99
1761534246754 0.8903079628944397 0
