1761595223471 0.3895401358604431 0
1761595223720 0.4170423746109009 1
1761595223960 0.4337240755558014 2
1761595224210 0.43688008189201355 3
1761595224461 0.4337240755558014 4
1761595224707 0.4670874774456024 5
1761595224949 0.45942291617393494 6
1761595225213 0.475653737783432 7
1761595225429 0.4824165999889374 8
1761595225643 0.4923354387283325 9
1761595225870 0.5040577054023743 10
1761595226122 0.5081154108047485 11
1761595226391 0.5117222666740417 12
1761595226626 0.5162308216094971 13
1761595226855 0.517583429813385 14
1761595227206 0.5270513892173767 15
1761595227444 0.5360685586929321 16
1761595227665 0.5419296622276306 17
1761595227897 0.5432822108268738 18
1761595228204 0.5568079352378845 19
1761595228444 0.5550045371055603 20
1761595228737 0.5477908253669739 21
1761595228986 0.5604147911071777 22
1761595229232 0.5712353587150574 23
1761595229526 0.5635707974433899 24
1761595229778 0.5761947631835938 25
1761595230014 0.5743913650512695 26
1761595230235 0.5834084749221802 27
1761595230457 0.582055926322937 28
1761595230757 0.5937781929969788 29
1761595231032 0.596032440662384 30
1761595231279 0.5942290425300598 31
1761595231536 0.595581591129303 32
1761595231822 0.6018936038017273 33
1761595232097 0.6050496101379395 34
1761595232340 0.6041478514671326 35
1761595232563 0.613165020942688 36
1761595232794 0.6212804317474365 37
1761595233020 0.6226329803466797 38
1761595233250 0.6095581650733948 39
1761595233468 0.6167718768119812 40
1761595233694 0.6239855885505676 41
1761595233912 0.6194770336151123 42
1761595234141 0.630748450756073 43
1761595234370 0.6321009993553162 44
1761595234601 0.6375112533569336 45
1761595234846 0.626690685749054 46
1761595235131 0.6501352787017822 47
1761595235370 0.6411181092262268 48
1761595235593 0.6505861282348633 49
1761595235824 0.6433724164962769 50
1761595236077 0.6609557867050171 51
1761595236329 0.6429215669631958 52
1761595236602 0.6424707174301147 53
1761595236831 0.6496844291687012 54
1761595237069 0.6672677993774414 55
1761595237293 0.6514878273010254 56
1761595237520 0.6659152507781982 57
1761595237748 0.6650135517120361 58
1761595237972 0.6614066958427429 59
1761595238195 0.6659152507781982 60
1761595238419 0.6672677993774414 61
1761595238632 0.6591523885726929 62
1761595238848 0.6677186489105225 63
1761595239068 0.6713255047798157 64
1761595239287 0.6753832101821899 65
1761595239503 0.6731289625167847 66
1761595239732 0.6848512291908264 67
1761595239942 0.6866546273231506 68
1761595240154 0.6857529282569885 69
1761595240367 0.6807935237884521 70
1761595240594 0.6812443733215332 71
1761595240846 0.6902614831924438 72
1761595241087 0.6853020787239075 73
1761595241329 0.6871054768562317 74
1761595241683 0.6834986209869385 75
1761595241981 0.6821460723876953 76
1761595242279 0.6889089345932007 77
1761595242523 0.6735798120498657 78
1761595242772 0.6898106336593628 79
1761595242997 0.692966639995575 80
1761595243236 0.6898106336593628 81
1761595243469 0.6898106336593628 82
1761595243690 0.6943191885948181 83
1761595243914 0.6983768939971924 84
1761595244139 0.6965734958648682 85
1761595244369 0.693417489528656 86
1761595244700 0.7051397562026978 87
1761595244925 0.7064923644065857 88
1761595245160 0.6997295022010803 89
1761595245413 0.6974751949310303 90
1761595245655 0.6916140913963318 91
1761595245889 0.7037872076034546 92
1761595246153 0.7055906057357788 93
1761595246394 0.7019837498664856 94
1761595246644 0.7051397562026978 95
1761595246879 0.7073940634727478 96
1761595247111 0.7128043174743652 97
1761595247335 0.7119026184082031 98
1761595247558 0.71055006980896 99
1761595223471 0.3895401358604431 0
