1761605736720 0.3904418349266052 0
1761605737051 0.4102795422077179 1
1761605737342 0.4215509593486786 2
1761605737634 0.4224526584148407 3
1761605737920 0.4147880971431732 4
1761605738207 0.4215509593486786 5
1761605738496 0.4418394863605499 6
1761605738785 0.44138863682746887 7
1761605739072 0.4449954926967621 8
1761605739357 0.4458971917629242 9
1761605739643 0.451307475566864 10
1761605739940 0.46032461524009705 11
1761605740235 0.45761948823928833 12
1761605740540 0.4729486107826233 13
1761605740835 0.4851217269897461 14
1761605741132 0.48557257652282715 15
1761605741433 0.47159603238105774 16
1761605741718 0.49188458919525146 17
1761605742023 0.49504056572914124 18
1761605742309 0.5049594044685364 19
1761605742604 0.5103697180747986 20
1761605742921 0.5013525485992432 21
1761605743233 0.5090171098709106 22
1761605743558 0.5085662603378296 23
1761605743848 0.5207393765449524 24
1761605744146 0.5266005396842957 25
1761605744433 0.5225428342819214 26
1761605744738 0.5189359784126282 27
1761605745034 0.5256988406181335 28
1761605745333 0.5360685586929321 29
1761605745628 0.5378719568252563 30
1761605745919 0.5509467720985413 31
1761605746208 0.5554553866386414 32
1761605746495 0.5482416749000549 33
1761605746779 0.5541027784347534 34
1761605747071 0.564021646976471 35
1761605747359 0.5766456127166748 36
1761605747648 0.5757439136505127 37
1761605747936 0.5897204875946045 38
1761605748221 0.5987375974655151 39
1761605748507 0.5852118730545044 40
1761605748792 0.5987375974655151 41
1761605749087 0.5915238857269287 42
1761605749392 0.6064021587371826 43
1761605749686 0.6023444533348083 44
1761605749985 0.6230838298797607 45
1761605750270 0.6100090146064758 46
1761605750563 0.626690685749054 47
1761605750847 0.6384130120277405 48
1761605751135 0.631199300289154 49
1761605736720 0.3904418349266052 0
