1761607653382 0.5063120126724243 0
1761607653802 0.5365194082260132 1
1761607654185 0.5495942234992981 2
1761607654580 0.5716862082481384 3
1761607654924 0.5919747352600098 4
1761607655291 0.6050496101379395 5
1761607655666 0.6064021587371826 6
1761607656036 0.6199278831481934 7
1761607656426 0.6406672596931458 8
1761607656775 0.6474301218986511 9
1761607657146 0.646528422832489 10
1761607657520 0.6686204075813293 11
1761607657890 0.6839495301246643 12
1761607658257 0.6807935237884521 13
1761607658626 0.6771866679191589 14
1761607659007 0.6898106336593628 15
1761607659392 0.7173128724098206 16
1761607659771 0.7141569256782532 17
1761607660155 0.7258791923522949 18
1761607660527 0.7407574653625488 19
1761607660899 0.7353471517562866 20
1761607661275 0.7412083148956299 21
1761607661651 0.7461677193641663 22
1761607662026 0.757889986038208 23
1761607662402 0.7723174095153809 24
1761607662774 0.7790802717208862 25
1761607663149 0.7687105536460876 26
1761607663526 0.775473415851593 27
1761607663900 0.7768259644508362 28
1761607664269 0.7880973815917969 29
1761607664641 0.7804328203201294 30
1761607665017 0.7993687987327576 31
1761607665383 0.7835888266563416 32
1761607665734 0.7980162501335144 33
1761607666105 0.7948602437973022 34
1761607666482 0.8133453726768494 35
1761607666853 0.806582510471344 36
1761607667225 0.8250676393508911 37
1761607667597 0.8083859086036682 38
1761607667966 0.8318305015563965 39
1761607668338 0.8304778933525085 40
1761607668710 0.8192064762115479 41
1761607669081 0.8322813510894775 42
1761607669453 0.8264201879501343 43
1761607669818 0.8286744952201843 44
1761607670190 0.8453561663627625 45
1761607670582 0.8363390564918518 46
1761607670960 0.8237150311470032 47
1761607671330 0.8385933041572571 48
1761607671723 0.8566275835037231 49
1761607653382 0.5063120126724243 0
