1761617299678 0.49008116126060486 0
1761617301086 0.517583429813385 1
1761617302541 0.5320107936859131 2
1761617304044 0.5441839694976807 3
1761617305661 0.5631199479103088 4
1761617307276 0.5852118730545044 5
1761617308763 0.596032440662384 6
1761617310071 0.6154192686080933 7
1761617310858 0.6361587047576904 8
1761617312461 0.6456266641616821 9
1761617313957 0.6582506895065308 10
1761617315178 0.6672677993774414 11
1761617316518 0.6722272038459778 12
1761617318021 0.6825969219207764 13
1761617319583 0.6871054768562317 14
1761617321127 0.7037872076034546 15
1761617322348 0.708746612071991 16
1761617323707 0.7285842895507812 17
1761617325110 0.7398557066917419 18
1761617326628 0.757889986038208 19
1761617328198 0.7493237257003784 20
1761617329541 0.7533814311027527 21
1761617331147 0.7696122527122498 22
1761617332712 0.7601442933082581 23
1761617334329 0.788999080657959 24
1761617335964 0.7768259644508362 25
1761617337504 0.7948602437973022 26
1761617339034 0.7957619428634644 27
1761617340602 0.8034265041351318 28
1761617341916 0.7962127923965454 29
1761617343272 0.8106402158737183 30
1761617344444 0.8061316609382629 31
1761617345193 0.8210099339485168 32
1761617346547 0.8205590844154358 33
1761617347882 0.8160504698753357 34
1761617349458 0.8322813510894775 35
1761617350895 0.839945912361145 36
1761617352248 0.8327322006225586 37
1761617353740 0.8403967618942261 38
1761617355329 0.8385933041572571 39
1761617356808 0.8440036177635193 40
1761617358294 0.8548241853713989 41
1761617359792 0.8543733358383179 42
1761617361308 0.8579801917076111 43
1761617362855 0.8512173295021057 44
1761617364333 0.8742110133171082 45
1761617365778 0.8778178691864014 46
1761617366918 0.8570784330368042 47
1761617368380 0.8669973015785217 48
1761617369980 0.8787195682525635 49
1761617299678 0.49008116126060486 0
