1761617299678 0.983115017414093 0
1761617301086 0.9653220176696777 1
1761617302541 0.9561913013458252 2
1761617304044 0.9426248669624329 3
1761617305661 0.9240697622299194 4
1761617307276 0.9144006371498108 5
1761617308763 0.893193244934082 6
1761617310071 0.8773707151412964 7
1761617310858 0.8442997932434082 8
1761617312461 0.8300463557243347 9
1761617313957 0.8115561008453369 10
1761617315178 0.7854456305503845 11
1761617316518 0.7608164548873901 12
1761617318021 0.7518903017044067 13
1761617319583 0.7288770079612732 14
1761617321127 0.7075213193893433 15
1761617322348 0.6857349872589111 16
1761617323707 0.6549012064933777 17
1761617325110 0.6425555348396301 18
1761617326628 0.6100554466247559 19
1761617328198 0.6036233901977539 20
1761617329541 0.5830952525138855 21
1761617331147 0.5694636702537537 22
1761617332712 0.5687874555587769 23
1761617334329 0.5311535596847534 24
1761617335964 0.5485386252403259 25
1761617337504 0.5132544636726379 26
1761617339034 0.5057571530342102 27
1761617340602 0.4788358807563782 28
1761617341916 0.4934535026550293 29
1761617343272 0.4659712314605713 30
1761617344444 0.46015405654907227 31
1761617345193 0.4323751628398895 32
1761617346547 0.45319700241088867 33
1761617347882 0.4387761056423187 34
1761617349458 0.405446857213974 35
1761617350895 0.3900430202484131 36
1761617352248 0.4133644700050354 37
1761617353740 0.39085090160369873 38
1761617355329 0.37794166803359985 39
1761617356808 0.377600759267807 40
1761617358294 0.3547336161136627 41
1761617359792 0.3423191010951996 42
1761617361308 0.35432034730911255 43
1761617362855 0.3335249423980713 44
1761617364333 0.3079647719860077 45
1761617365778 0.3113948404788971 46
1761617366918 0.3430688977241516 47
1761617368380 0.3180590569972992 48
1761617369980 0.30683669447898865 49
1761617299678 0.983115017414093 0
