1761610220708 0.466636598110199 0
1761610220946 0.47880974411964417 1
1761610221158 0.47069433331489563 2
1761610221391 0.4815148711204529 3
1761610221602 0.4783588945865631 4
1761610221826 0.4792605936527252 5
1761610222042 0.48196572065353394 6
1761610222254 0.475653737783432 7
1761610222466 0.4792605936527252 8
1761610222689 0.4810640215873718 9
1761610222908 0.4765554666519165 10
1761610223123 0.49323713779449463 11
1761610223337 0.4878268837928772 12
1761610223545 0.4878268837928772 13
1761610223756 0.4887285828590393 14
1761610223968 0.4941388666629791 15
1761610224178 0.4887285828590393 16
1761610224389 0.500450849533081 17
1761610224608 0.48467087745666504 18
1761610224818 0.500450849533081 19
1761610225034 0.5018033981323242 20
1761610225237 0.50225430727005 21
1761610225438 0.5036068558692932 22
1761610225640 0.5067628622055054 23
1761610225840 0.4954914450645447 24
1761610226038 0.5009016990661621 25
1761610226253 0.49954915046691895 26
1761610226461 0.5058611631393433 27
1761610226675 0.5121731162071228 28
1761610226885 0.5072137117385864 29
1761610227100 0.5067628622055054 30
1761610227321 0.5031560063362122 31
1761610227542 0.5054102540016174 32
1761610227755 0.5139765739440918 33
1761610227963 0.5144274234771729 34
1761610228170 0.500450849533081 35
1761610228379 0.5027051568031311 36
1761610228598 0.5099188685417175 37
1761610228797 0.5072137117385864 38
1761610229045 0.5225428342819214 39
1761610229247 0.5072137117385864 40
1761610229468 0.5135257244110107 41
1761610229685 0.517583429813385 42
1761610229900 0.5076645612716675 43
1761610230128 0.5216411352157593 44
1761610230339 0.5135257244110107 45
1761610230552 0.5139765739440918 46
1761610230764 0.5180342793464661 47
1761610230977 0.515329122543335 48
1761610231184 0.5238953828811646 49
1761610220708 0.466636598110199 0
