1761610220708 1.027924656867981 0
1761610220946 1.014109492301941 1
1761610221158 1.0120662450790405 2
1761610221391 1.0095064640045166 3
1761610221602 1.0079549551010132 4
1761610221826 1.0081336498260498 5
1761610222042 1.0059294700622559 6
1761610222254 1.0071083307266235 7
1761610222466 1.0039703845977783 8
1761610222689 1.001214861869812 9
1761610222908 1.0014833211898804 10
1761610223123 0.9988781213760376 11
1761610223337 0.9983209371566772 12
1761610223545 0.9984017610549927 13
1761610223756 0.9956948757171631 14
1761610223968 0.9952250719070435 15
1761610224178 0.9960702061653137 16
1761610224389 0.9929295182228088 17
1761610224608 0.9927050471305847 18
1761610224818 0.9909266233444214 19
1761610225034 0.9924177527427673 20
1761610225237 0.9906217455863953 21
1761610225438 0.9893724918365479 22
1761610225640 0.9894213676452637 23
1761610225840 0.9903147220611572 24
1761610226038 0.9920699596405029 25
1761610226253 0.9893808960914612 26
1761610226461 0.9849602580070496 27
1761610226675 0.9859727025032043 28
1761610226885 0.9844616055488586 29
1761610227100 0.9861828088760376 30
1761610227321 0.9866153001785278 31
1761610227542 0.9864314794540405 32
1761610227755 0.9832028150558472 33
1761610227963 0.9813094735145569 34
1761610228170 0.9810832738876343 35
1761610228379 0.9824559688568115 36
1761610228598 0.9803868532180786 37
1761610228797 0.9808253645896912 38
1761610229045 0.9776511192321777 39
1761610229247 0.9800100922584534 40
1761610229468 0.9785465598106384 41
1761610229685 0.9767665863037109 42
1761610229900 0.9806715250015259 43
1761610230128 0.9740862250328064 44
1761610230339 0.9819368124008179 45
1761610230552 0.975913405418396 46
1761610230764 0.9751572012901306 47
1761610230977 0.975598156452179 48
1761610231184 0.9743282794952393 49
1761610220708 1.027924656867981 0
