1761606099023 1.0642653703689575 0
1761606099546 1.0361031293869019 1
1761606099784 1.012356162071228 2
1761606100031 0.9871909022331238 3
1761606100248 0.9548929929733276 4
1761606100474 0.9255648255348206 5
1761606100691 0.8933945298194885 6
1761606100920 0.8504849076271057 7
1761606101141 0.8246403336524963 8
1761606101361 0.7943460941314697 9
1761606101585 0.7827873229980469 10
1761606101809 0.7597416639328003 11
1761606102030 0.7407727241516113 12
1761606102254 0.7104438543319702 13
1761606102475 0.7030535340309143 14
1761606102696 0.6816309094429016 15
1761606102921 0.6525245308876038 16
1761606103141 0.6433472037315369 17
1761606103360 0.63423752784729 18
1761606103586 0.6361828446388245 19
1761606103809 0.6113828420639038 20
1761606104031 0.5994704365730286 21
1761606104257 0.5747078061103821 22
1761606104483 0.5675268173217773 23
1761606104705 0.5502116680145264 24
1761606104925 0.5534759759902954 25
1761606105146 0.5437473058700562 26
1761606105365 0.5384820699691772 27
1761606105587 0.5052201151847839 28
1761606105809 0.49983295798301697 29
1761606106033 0.4974516034126282 30
1761606106251 0.47601306438446045 31
1761606106470 0.4794630706310272 32
1761606106683 0.4717634618282318 33
1761606106906 0.44447648525238037 34
1761606107126 0.437775194644928 35
1761606107348 0.43580543994903564 36
1761606107579 0.4489152431488037 37
1761606107813 0.44451087713241577 38
1761606108035 0.4182269871234894 39
1761606108255 0.402396559715271 40
1761606108473 0.41166168451309204 41
1761606108696 0.43323957920074463 42
1761606108917 0.38104987144470215 43
1761606109137 0.3881928026676178 44
1761606109364 0.3898237645626068 45
1761606109585 0.3644200563430786 46
1761606109807 0.3626396656036377 47
1761606110032 0.3623843789100647 48
1761606110256 0.36343759298324585 49
1761606099023 1.0642653703689575 0
