1761497236567 0.42406490445137024 0
1761497238359 0.4524560570716858 1
1761497239068 0.4718341529369354 2
1761497240000 0.46597567200660706 3
1761497240730 0.5015772581100464 4
1761497241416 0.5060838460922241 5
1761497242352 0.5015772581100464 6
1761497243459 0.5187020897865295 7
1761497244679 0.519603431224823 8
1761497245670 0.5398828387260437 9
1761497246794 0.5439386963844299 10
1761497248010 0.5371789336204529 11
1761497249098 0.559260904788971 12
1761497249834 0.5669220089912415 13
1761497250947 0.5682740211486816 14
1761497251906 0.5628661513328552 15
1761497253080 0.5885534286499023 16
1761497254229 0.5732311606407166 17
1761497255338 0.604776918888092 18
1761497256450 0.5980170965194702 19
1761497257145 0.6011716723442078 20
1761497258073 0.6200991272926331 21
1761497258905 0.624605655670166 22
1761497259880 0.602523684501648 23
1761497260954 0.6309148073196411 24
1761497262092 0.6403785347938538 25
1761497262994 0.6304641962051392 26
1761497263635 0.6336187720298767 27
1761497264291 0.6466876864433289 28
1761497265128 0.657052755355835 29
1761497265825 0.648490309715271 30
1761497266658 0.6800360679626465 31
1761497267623 0.6890491247177124 32
1761497269171 0.6448850631713867 33
1761497270248 0.6457864046096802 34
1761497271300 0.6818386912345886 35
1761497272827 0.7012167572975159 36
1761497273886 0.683190643787384 37
1761497275037 0.6881478428840637 38
1761497275979 0.7021180987358093 39
1761497277031 0.69220370054245 40
1761497278081 0.7061739563941956 41
1761497279126 0.7039206624031067 42
1761497280190 0.694456934928894 43
1761497281290 0.7093285322189331 44
1761497282111 0.7169896364212036 45
1761497282877 0.7165389657020569 46
1761497283491 0.7291572690010071 47
1761497284061 0.7341144680976868 48
1761497284728 0.7242000699043274 49
1761497236567 0.42406490445137024 0
