1761497236567 1.077438235282898 0
1761497238359 1.0525166988372803 1
1761497239068 1.0384265184402466 2
1761497240000 1.0322099924087524 3
1761497240730 1.0261510610580444 4
1761497241416 1.0156666040420532 5
1761497242352 1.0082290172576904 6
1761497243459 0.9941129088401794 7
1761497244679 0.9937537908554077 8
1761497245670 0.9782454371452332 9
1761497246794 0.9712606072425842 10
1761497248010 0.974492073059082 11
1761497249098 0.9505882859230042 12
1761497249834 0.9429926872253418 13
1761497250947 0.9217309951782227 14
1761497251906 0.936244547367096 15
1761497253080 0.9171107411384583 16
1761497254229 0.9246109127998352 17
1761497255338 0.8962486982345581 18
1761497256450 0.8884137272834778 19
1761497257145 0.8897677659988403 20
1761497258073 0.8588408827781677 21
1761497258905 0.8519368767738342 22
1761497259880 0.8824097514152527 23
1761497260954 0.8463574647903442 24
1761497262092 0.8305318355560303 25
1761497262994 0.8367770910263062 26
1761497263635 0.8328191041946411 27
1761497264291 0.80293208360672 28
1761497265128 0.8071346879005432 29
1761497265825 0.79639732837677 30
1761497266658 0.7650963068008423 31
1761497267623 0.7507911324501038 32
1761497269171 0.7919697761535645 33
1761497270248 0.7903929948806763 34
1761497271300 0.745702862739563 35
1761497272827 0.7181798219680786 36
1761497273886 0.7494736313819885 37
1761497275037 0.7339165806770325 38
1761497275979 0.7012730836868286 39
1761497277031 0.7207306027412415 40
1761497278081 0.7102786898612976 41
1761497279126 0.6979413032531738 42
1761497280190 0.7224964499473572 43
1761497281290 0.6845322251319885 44
1761497282111 0.6681573987007141 45
1761497282877 0.6708661317825317 46
1761497283491 0.6448017954826355 47
1761497284061 0.6517724394798279 48
1761497284728 0.6512909531593323 49
1761497236567 1.077438235282898 0
