1761467947782 0.5130499601364136 0
1761467948759 0.5219985246658325 1
1761467949679 0.526472806930542 2
1761467950577 0.526472806930542 3
1761467951516 0.526472806930542 4
1761467952282 0.526472806930542 5
1761467953109 0.526472806930542 6
1761467953904 0.5041013956069946 7
1761467954560 0.526472806930542 8
1761467955267 0.526472806930542 9
1761467956183 0.526472806930542 10
1761467956902 0.526472806930542 11
1761467957617 0.526472806930542 12
1761467958328 0.526472806930542 13
1761467959226 0.526472806930542 14
1761467960070 0.526472806930542 15
1761467960574 0.526472806930542 16
1761467961429 0.526472806930542 17
1761467962143 0.526472806930542 18
1761467962912 0.526472806930542 19
1761467963656 0.526472806930542 20
1761467964499 0.526472806930542 21
1761467965402 0.526472806930542 22
1761467966256 0.526472806930542 23
1761467967125 0.526472806930542 24
1761467967973 0.526472806930542 25
1761467968805 0.526472806930542 26
1761467969537 0.526472806930542 27
1761467970230 0.526472806930542 28
1761467970943 0.526472806930542 29
1761467971692 0.526472806930542 30
1761467972456 0.526472806930542 31
1761467973154 0.526472806930542 32
1761467973867 0.526472806930542 33
1761467975299 0.526472806930542 34
1761467975924 0.526472806930542 35
1761467976700 0.526472806930542 36
1761467977607 0.526472806930542 37
1761467978316 0.526472806930542 38
1761467979138 0.526472806930542 39
1761467979853 0.526472806930542 40
1761467980692 0.526472806930542 41
1761467981497 0.526472806930542 42
1761467982211 0.526472806930542 43
1761467982918 0.526472806930542 44
1761467983626 0.526472806930542 45
1761467984347 0.526472806930542 46
1761467985235 0.526472806930542 47
1761467986038 0.5272185206413269 48
1761467986805 0.536912739276886 49
1761467947782 0.5130499601364136 0
