1761467947782 1.0413042306900024 0
1761467948759 1.0042449235916138 1
1761467949679 1.0016001462936401 2
1761467950577 1.0019174814224243 3
1761467951516 1.003334641456604 4
1761467952282 1.0002316236495972 5
1761467953109 1.0005818605422974 6
1761467953904 1.002148151397705 7
1761467954560 1.0009490251541138 8
1761467955267 1.0006706714630127 9
1761467956183 1.0019376277923584 10
1761467956902 1.0026122331619263 11
1761467957617 1.0044505596160889 12
1761467958328 0.9973728060722351 13
1761467959226 1.005884051322937 14
1761467960070 0.9954198598861694 15
1761467960574 0.9970051646232605 16
1761467961429 0.9966789484024048 17
1761467962143 0.9978379607200623 18
1761467962912 0.9996460676193237 19
1761467963656 0.9979764223098755 20
1761467964499 0.9992393851280212 21
1761467965402 0.9982087016105652 22
1761467966256 0.997856616973877 23
1761467967125 0.99863600730896 24
1761467967973 0.9952542781829834 25
1761467968805 0.9974222183227539 26
1761467969537 0.9973211884498596 27
1761467970230 0.9966818690299988 28
1761467970943 0.9992949962615967 29
1761467971692 0.9999656677246094 30
1761467972456 0.9974502921104431 31
1761467973154 0.9979011416435242 32
1761467973867 0.9941955804824829 33
1761467975299 0.9985207915306091 34
1761467975924 0.998916506767273 35
1761467976700 0.9974063634872437 36
1761467977607 0.9967120885848999 37
1761467978316 0.9947622418403625 38
1761467979138 0.9942562580108643 39
1761467979853 0.993198037147522 40
1761467980692 0.9986149668693542 41
1761467981497 0.9987711906433105 42
1761467982211 0.9974537491798401 43
1761467982918 0.9956831932067871 44
1761467983626 0.990334153175354 45
1761467984347 0.9892129302024841 46
1761467985235 0.9856250286102295 47
1761467986038 0.9873115420341492 48
1761467986805 0.9844561815261841 49
1761467947782 1.0413042306900024 0
