1761603723007 0.5919747352600098 0
1761603723415 0.6073038578033447 1
1761603723756 0.6073038578033447 2
1761603724101 0.6073038578033447 3
1761603724522 0.6073038578033447 4
1761603724850 0.6073038578033447 5
1761603725170 0.6073038578033447 6
1761603725494 0.6073038578033447 7
1761603725832 0.6073038578033447 8
1761603726171 0.6073038578033447 9
1761603726510 0.6073038578033447 10
1761603726847 0.6073038578033447 11
1761603727178 0.6073038578033447 12
1761603727540 0.6073038578033447 13
1761603727879 0.6073038578033447 14
1761603728213 0.6073038578033447 15
1761603728584 0.6073038578033447 16
1761603728921 0.6073038578033447 17
1761603729259 0.6073038578033447 18
1761603729593 0.6073038578033447 19
1761603729929 0.6068530082702637 20
1761603730271 0.6073038578033447 21
1761603730610 0.6073038578033447 22
1761603730946 0.6068530082702637 23
1761603731283 0.6073038578033447 24
1761603731620 0.6073038578033447 25
1761603731954 0.6073038578033447 26
1761603732293 0.6073038578033447 27
1761603732627 0.6073038578033447 28
1761603732994 0.6073038578033447 29
1761603733328 0.6077547073364258 30
1761603733690 0.6073038578033447 31
1761603734012 0.6104598641395569 32
1761603734349 0.6086564660072327 33
1761603734690 0.6086564660072327 34
1761603735028 0.6122633218765259 35
1761603735359 0.6100090146064758 36
1761603735698 0.6091073155403137 37
1761603736035 0.613615870475769 38
1761603736373 0.6127141714096069 39
1761603736709 0.613615870475769 40
1761603737043 0.613615870475769 41
1761603737383 0.6109107136726379 42
1761603737723 0.6158701777458191 43
1761603738055 0.6109107136726379 44
1761603738391 0.6190261244773865 45
1761603738732 0.6181244254112244 46
1761603739067 0.6104598641395569 47
1761603739401 0.6104598641395569 48
1761603739744 0.6239855885505676 49
1761603723007 0.5919747352600098 0
