1761603723007 0.95561683177948 0
1761603723415 0.9415256977081299 1
1761603723756 0.9404484033584595 2
1761603724101 0.9347251653671265 3
1761603724522 0.9362359046936035 4
1761603724850 0.9359201192855835 5
1761603725170 0.9338154196739197 6
1761603725494 0.9318027496337891 7
1761603725832 0.9309842586517334 8
1761603726171 0.9290279746055603 9
1761603726510 0.9290523529052734 10
1761603726847 0.9309976100921631 11
1761603727178 0.9269563555717468 12
1761603727540 0.9258800745010376 13
1761603727879 0.9243563413619995 14
1761603728213 0.9265134334564209 15
1761603728584 0.9244526624679565 16
1761603728921 0.9225419163703918 17
1761603729259 0.9235921502113342 18
1761603729593 0.9232608675956726 19
1761603729929 0.9224891066551208 20
1761603730271 0.9217135906219482 21
1761603730610 0.9231182932853699 22
1761603730946 0.9242191910743713 23
1761603731283 0.9208295345306396 24
1761603731620 0.9200579524040222 25
1761603731954 0.9170475602149963 26
1761603732293 0.9189448952674866 27
1761603732627 0.9185644388198853 28
1761603732994 0.9143586754798889 29
1761603733328 0.9143614172935486 30
1761603733690 0.9115626811981201 31
1761603734012 0.9106774926185608 32
1761603734349 0.9070158004760742 33
1761603734690 0.9085134267807007 34
1761603735028 0.9059810042381287 35
1761603735359 0.905052125453949 36
1761603735698 0.9046630859375 37
1761603736035 0.8998937010765076 38
1761603736373 0.9004842638969421 39
1761603736709 0.8986159563064575 40
1761603737043 0.8991291522979736 41
1761603737383 0.8962726593017578 42
1761603737723 0.8938878178596497 43
1761603738055 0.891320526599884 44
1761603738391 0.8888612389564514 45
1761603738732 0.8866950869560242 46
1761603739067 0.8851675987243652 47
1761603739401 0.8839781284332275 48
1761603739744 0.8828151226043701 49
1761603723007 0.95561683177948 0
