1761519934780 0.40919333696365356 0
1761519935091 0.41009464859962463 1
1761519935314 0.3956737220287323 2
1761519935527 0.41144660115242004 3
1761519935755 0.40288418531417847 4
1761519935993 0.41775575280189514 5
1761519936240 0.41775575280189514 6
1761519936444 0.4173050820827484 7
1761519936653 0.4146011769771576 8
1761519936853 0.42676880955696106 9
1761519937064 0.4326273202896118 10
1761519937276 0.4285714328289032 11
1761519937487 0.42541685700416565 12
1761519937698 0.42136096954345703 13
1761519937907 0.43037405610084534 14
1761519938112 0.4222622811794281 15
1761519938321 0.43037405610084534 16
1761519938538 0.42136096954345703 17
1761519938752 0.410545289516449 18
1761519938956 0.41910770535469055 19
1761519939157 0.42676880955696106 20
1761519939358 0.42767012119293213 21
1761519939561 0.42812076210975647 22
1761519939773 0.4321766495704651 23
1761519939982 0.44164037704467773 24
1761519940184 0.4272194802761078 25
1761519940390 0.4326273202896118 26
1761519940607 0.42902207374572754 27
1761519940816 0.42902207374572754 28
1761519941025 0.4263181686401367 29
1761519941234 0.42812076210975647 30
1761519941446 0.4362325370311737 31
1761519941654 0.42586749792099 32
1761519941861 0.4308246970176697 33
1761519942069 0.4173050820827484 34
1761519942277 0.4375844895839691 35
1761519942479 0.4398377537727356 36
1761519942686 0.4245155453681946 37
1761519942896 0.4308246970176697 38
1761519943105 0.4384858012199402 39
1761519943315 0.4285714328289032 40
1761519943527 0.43668317794799805 41
1761519943744 0.44073906540870667 42
1761519943956 0.4339792728424072 43
1761519944166 0.4371338486671448 44
1761519944378 0.43533122539520264 45
1761519944589 0.4389364719390869 46
1761519944790 0.44794952869415283 47
1761519945001 0.43803516030311584 48
1761519945210 0.44073906540870667 49
1761519934780 0.40919333696365356 0
