1761595670117 0.4747520387172699 0
1761595671078 0.5040577054023743 1
1761595672009 0.5252479910850525 2
1761595673025 0.5293056964874268 3
1761595674006 0.5392245054244995 4
1761595674953 0.5401262640953064 5
1761595675927 0.5581604838371277 6
1761595676889 0.5518485307693481 7
1761595677853 0.5595130920410156 8
1761595678776 0.5807033181190491 9
1761595679696 0.5716862082481384 10
1761595680658 0.5910730361938477 11
1761595681563 0.6068530082702637 12
1761595682496 0.6027953028678894 13
1761595683426 0.6055004596710205 14
1761595684386 0.6055004596710205 15
1761595685333 0.6149684190750122 16
1761595686258 0.6280432939529419 17
1761595687163 0.6348061561584473 18
1761595688080 0.6343552470207214 19
1761595688999 0.6496844291687012 20
1761595689959 0.6424707174301147 21
1761595690866 0.6546438336372375 22
1761595691790 0.646077573299408 23
1761595692798 0.662308394908905 24
1761595694029 0.6753832101821899 25
1761595695303 0.6704238057136536 26
1761595696599 0.6821460723876953 27
1761595697611 0.6762849688529968 28
1761595698761 0.6965734958648682 29
1761595700084 0.6898106336593628 30
1761595701089 0.6893597841262817 31
1761595702088 0.7006312012672424 32
1761595703171 0.6848512291908264 33
1761595704136 0.7132551670074463 34
1761595705174 0.7010820508003235 35
1761595706148 0.724977433681488 36
1761595707095 0.7330929040908813 37
1761595708062 0.7344454526901245 38
1761595709065 0.7348963022232056 39
1761595710049 0.726330041885376 40
1761595710997 0.7254283428192139 41
1761595711968 0.7353471517562866 42
1761595713002 0.7416591644287109 43
1761595713964 0.7524797320365906 44
1761595714995 0.7466185688972473 45
1761595715999 0.7493237257003784 46
1761595716961 0.7705139517784119 47
1761595718014 0.7669070959091187 48
1761595719176 0.7551848292350769 49
1761595670117 0.4747520387172699 0
