1761595670117 0.9883965849876404 0
1761595671078 0.9661017656326294 1
1761595672009 0.9584227800369263 2
1761595673025 0.9512540102005005 3
1761595674006 0.9487249851226807 4
1761595674953 0.9363553524017334 5
1761595675927 0.9264147281646729 6
1761595676889 0.9155582189559937 7
1761595677853 0.9123508334159851 8
1761595678776 0.8992366790771484 9
1761595679696 0.8912739157676697 10
1761595680658 0.8797850608825684 11
1761595681563 0.8618124723434448 12
1761595682496 0.863440990447998 13
1761595683426 0.8457223773002625 14
1761595684386 0.8515064716339111 15
1761595685333 0.834884524345398 16
1761595686258 0.8193345665931702 17
1761595687163 0.807671308517456 18
1761595688080 0.8035590648651123 19
1761595688999 0.7914371490478516 20
1761595689959 0.7950226068496704 21
1761595690866 0.7744061946868896 22
1761595691790 0.7928962707519531 23
1761595692798 0.7533273100852966 24
1761595694029 0.737379789352417 25
1761595695303 0.7513952851295471 26
1761595696599 0.740414023399353 27
1761595697611 0.724128246307373 28
1761595698761 0.7045388221740723 29
1761595700084 0.7102304697036743 30
1761595701089 0.7040974497795105 31
1761595702088 0.6781277656555176 32
1761595703171 0.7004570364952087 33
1761595704136 0.6672947406768799 34
1761595705174 0.6974489092826843 35
1761595706148 0.6398192048072815 36
1761595707095 0.6469134092330933 37
1761595708062 0.6274202466011047 38
1761595709065 0.6281867623329163 39
1761595710049 0.6258805394172668 40
1761595710997 0.6183649301528931 41
1761595711968 0.6167340874671936 42
1761595713002 0.5935087203979492 43
1761595713964 0.5876237750053406 44
1761595714995 0.5863979458808899 45
1761595715999 0.5836097002029419 46
1761595716961 0.5676001310348511 47
1761595718014 0.5580216646194458 48
1761595719176 0.5626365542411804 49
1761595670117 0.9883965849876404 0
