1761607250996 1.0913997888565063 0
1761607251232 1.0700680017471313 1
1761607251443 1.0625427961349487 2
1761607251651 1.0567033290863037 3
1761607251864 1.0507760047912598 4
1761607252075 1.0476940870285034 5
1761607252285 1.0453869104385376 6
1761607252495 1.043843150138855 7
1761607252706 1.0438740253448486 8
1761607252922 1.0400354862213135 9
1761607253137 1.0395163297653198 10
1761607253348 1.0379748344421387 11
1761607253558 1.037792682647705 12
1761607253767 1.0390533208847046 13
1761607253976 1.0376595258712769 14
1761607254187 1.037887692451477 15
1761607254403 1.0386031866073608 16
1761607254613 1.038833498954773 17
1761607254825 1.0347776412963867 18
1761607255036 1.0364124774932861 19
1761607255249 1.0367577075958252 20
1761607255461 1.035266637802124 21
1761607255677 1.0353121757507324 22
1761607255889 1.0365729331970215 23
1761607256100 1.0343968868255615 24
1761607256315 1.03201162815094 25
1761607256537 1.035061001777649 26
1761607256768 1.0345019102096558 27
1761607256980 1.033323049545288 28
1761607257211 1.0322457551956177 29
1761607257431 1.0344120264053345 30
1761607257646 1.0318892002105713 31
1761607257875 1.0340999364852905 32
1761607258086 1.0328683853149414 33
1761607258300 1.0301066637039185 34
1761607258531 1.0303410291671753 35
1761607258743 1.029437780380249 36
1761607258960 1.0298930406570435 37
1761607259172 1.0283775329589844 38
1761607259399 1.026877999305725 39
1761607259618 1.0316680669784546 40
1761607259828 1.026702880859375 41
1761607260037 1.0305570363998413 42
1761607260251 1.0275981426239014 43
1761607260477 1.0245189666748047 44
1761607260691 1.0290215015411377 45
1761607260903 1.026249885559082 46
1761607261117 1.0250672101974487 47
1761607261329 1.0251914262771606 48
1761607261540 1.0238826274871826 49
1761607250996 1.0913997888565063 0
