1761513469100 0.4335286021232605 0
1761513469532 0.4438936412334442 1
1761513469965 0.44569626450538635 2
1761513470397 0.455159991979599 3
1761513470786 0.465074360370636 4
1761513471174 0.45065343379974365 5
1761513471556 0.465074360370636 6
1761513471972 0.4420910179615021 7
1761513472365 0.44930148124694824 8
1761513472765 0.44975215196609497 9
1761513473161 0.44704821705818176 10
1761513473565 0.46101847290992737 11
1761513473971 0.4502027928829193 12
1761513474376 0.4438936412334442 13
1761513474764 0.4574132561683655 14
1761513475162 0.4465975761413574 15
1761513475574 0.4637224078178406 16
1761513475980 0.4438936412334442 17
1761513476387 0.4511041045188904 18
1761513476791 0.455159991979599 19
1761513477194 0.4465975761413574 20
1761513477590 0.455159991979599 21
1761513477991 0.4411897361278534 22
1761513478393 0.4511041045188904 23
1761513478800 0.45200541615486145 24
1761513479213 0.4538080096244812 25
1761513479607 0.44930148124694824 26
1761513480011 0.45696258544921875 27
1761513480402 0.455159991979599 28
1761513480839 0.4434430003166199 29
1761513481234 0.44975215196609497 30
1761513481670 0.4565119445323944 31
1761513482071 0.4655250012874603 32
1761513482458 0.4740874171257019 33
1761513482831 0.4623704254627228 34
1761513483235 0.46732762455940247 35
1761513483641 0.4844524562358856 36
1761513484025 0.4817485213279724 37
1761513484427 0.4641730487346649 38
1761513484842 0.4867057204246521 39
1761513485238 0.490310937166214 40
1761513485627 0.4979720711708069 41
1761513486044 0.49481749534606934 42
1761513486441 0.5083370804786682 43
1761513486856 0.5105903744697571 44
1761513487264 0.5056331753730774 45
1761513487667 0.5272645354270935 46
1761513488071 0.5313203930854797 47
1761513488473 0.5250112414360046 48
1761513488882 0.5344749689102173 49
1761513469100 0.4335286021232605 0
