1761513469100 1.0102262496948242 0
1761513469532 0.9667772054672241 1
1761513469965 0.9668809175491333 2
1761513470397 0.9627630114555359 3
1761513470786 0.9610670804977417 4
1761513471174 0.9671244025230408 5
1761513471556 0.9623145461082458 6
1761513471972 0.9641507267951965 7
1761513472365 0.9631298184394836 8
1761513472765 0.9647840261459351 9
1761513473161 0.9673054218292236 10
1761513473565 0.9639302492141724 11
1761513473971 0.9625889658927917 12
1761513474376 0.9625838994979858 13
1761513474764 0.9617738723754883 14
1761513475162 0.9635032415390015 15
1761513475574 0.9602689743041992 16
1761513475980 0.9631466269493103 17
1761513476387 0.960054337978363 18
1761513476791 0.9609984755516052 19
1761513477194 0.9632600545883179 20
1761513477590 0.9605059623718262 21
1761513477991 0.9625030159950256 22
1761513478393 0.9603187441825867 23
1761513478800 0.9624469876289368 24
1761513479213 0.960481584072113 25
1761513479607 0.9592308402061462 26
1761513480011 0.9605480432510376 27
1761513480402 0.9600986838340759 28
1761513480839 0.9617565274238586 29
1761513481234 0.9607175588607788 30
1761513481670 0.9592170715332031 31
1761513482071 0.9582691192626953 32
1761513482458 0.9565631151199341 33
1761513482831 0.9577008485794067 34
1761513483235 0.9561112523078918 35
1761513483641 0.9527748227119446 36
1761513484025 0.9525723457336426 37
1761513484427 0.952609121799469 38
1761513484842 0.9498100280761719 39
1761513485238 0.9462442994117737 40
1761513485627 0.9431983232498169 41
1761513486044 0.9460995197296143 42
1761513486441 0.9408887028694153 43
1761513486856 0.937506377696991 44
1761513487264 0.9384399056434631 45
1761513487667 0.936511754989624 46
1761513488071 0.9306544065475464 47
1761513488473 0.9312320947647095 48
1761513488882 0.9268976449966431 49
1761513469100 1.0102262496948242 0
