1761444613316 0.41279855370521545 0
1761444614564 0.4339792728424072 1
1761444615741 0.4420910179615021 2
1761444616940 0.4511041045188904 3
1761444618120 0.46191978454589844 4
1761444619454 0.48580440878868103 5
1761444620625 0.4767913520336151 6
1761444621782 0.4970707595348358 7
1761444623044 0.5047318339347839 8
1761444624243 0.5155475735664368 9
1761444625443 0.5227580070495605 10
1761444626589 0.5443893671035767 11
1761444627893 0.554754376411438 12
1761444629238 0.5534024238586426 13
1761444630498 0.5556557178497314 14
1761444631904 0.5669220089912415 15
1761444633280 0.5610635280609131 16
1761444634640 0.5876520872116089 17
1761444635986 0.5921586155891418 18
1761444637135 0.5777377486228943 19
1761444638607 0.6110860705375671 20
1761444641290 0.613789975643158 21
1761444642925 0.6146913170814514 22
1761444644295 0.6146913170814514 23
1761444645537 0.6295628547668457 24
1761444646777 0.6336187720298767 25
1761444648232 0.6412798762321472 26
1761444649547 0.6475890278816223 27
1761444650917 0.6498422622680664 28
1761444652308 0.657052755355835 29
1761444653504 0.6656151413917542 30
1761444654822 0.6584047079086304 31
1761444655990 0.6575033664703369 32
1761444657219 0.6692203879356384 33
1761444658559 0.6962595582008362 34
1761444659825 0.6737269163131714 35
1761444661066 0.6940063238143921 36
1761444662297 0.6696709990501404 37
1761444663571 0.6809373497962952 38
1761444664748 0.6967102289199829 39
1761444665990 0.6940063238143921 40
1761444667275 0.694456934928894 41
1761444668507 0.7115817666053772 42
1761444669761 0.7039206624031067 43
1761444671059 0.7097792029380798 44
1761444672255 0.726904034614563 45
1761444673467 0.7192429304122925 46
1761444674899 0.7079765796661377 47
1761444676238 0.7287065982818604 48
1761444677451 0.7359170913696289 49
1761444613316 0.41279855370521545 0
