1761444613316 1.0839325189590454 0
1761444614564 1.0587732791900635 1
1761444615741 1.042070984840393 2
1761444616940 1.0210946798324585 3
1761444618120 1.0198725461959839 4
1761444619454 0.9985285401344299 5
1761444620625 0.9969022274017334 6
1761444621782 0.9876427054405212 7
1761444623044 0.9705187082290649 8
1761444624243 0.9534392356872559 9
1761444625443 0.9584107995033264 10
1761444626589 0.933865487575531 11
1761444627893 0.9282199144363403 12
1761444629238 0.9185702800750732 13
1761444630498 0.9058469533920288 14
1761444631904 0.8884741067886353 15
1761444633280 0.8958296775817871 16
1761444634640 0.8905901312828064 17
1761444635986 0.8692179322242737 18
1761444637135 0.8774632215499878 19
1761444638607 0.853986382484436 20
1761444641290 0.8378827571868896 21
1761444642925 0.8334258794784546 22
1761444644295 0.830300509929657 23
1761444645537 0.8158274292945862 24
1761444646777 0.7970013618469238 25
1761444648232 0.7887399196624756 26
1761444649547 0.7919395565986633 27
1761444650917 0.7779812216758728 28
1761444652308 0.7615817189216614 29
1761444653504 0.7589700222015381 30
1761444654822 0.7389434576034546 31
1761444655990 0.7407457232475281 32
1761444657219 0.7305243015289307 33
1761444658559 0.7038187384605408 34
1761444659825 0.7256693840026855 35
1761444661066 0.7063742280006409 36
1761444662297 0.731969952583313 37
1761444663571 0.7083443999290466 38
1761444664748 0.6889190077781677 39
1761444665990 0.6910423636436462 40
1761444667275 0.6931778192520142 41
1761444668507 0.6442939043045044 42
1761444669761 0.6577320694923401 43
1761444671059 0.6565644145011902 44
1761444672255 0.6477029919624329 45
1761444673467 0.6351961493492126 46
1761444674899 0.6429312825202942 47
1761444676238 0.6242182850837708 48
1761444677451 0.6043172478675842 49
1761444613316 1.0839325189590454 0
