1761513553495 0.4952681362628937 0
1761513553959 0.5452906489372253 1
1761513554431 0.554303765296936 2
1761513554814 0.5835962295532227 3
1761513555213 0.5799909830093384 4
1761513555598 0.5971158146858215 5
1761513555979 0.5948625802993774 6
1761513556377 0.6011716723442078 7
1761513556769 0.6043262481689453 8
1761513557160 0.6110860705375671 9
1761513557568 0.624605655670166 10
1761513557975 0.6164939403533936 11
1761513558386 0.6304641962051392 12
1761513558790 0.6327174305915833 13
1761513559156 0.6381253004074097 14
1761513559546 0.648490309715271 15
1761513559983 0.6566020846366882 16
1761513560387 0.6516448855400085 17
1761513560836 0.6511942148208618 18
1761513561307 0.6845425963401794 19
1761513561744 0.6430824398994446 20
1761513562158 0.6822893023490906 21
1761513562609 0.6597566604614258 22
1761513563035 0.6971608996391296 23
1761513563531 0.6998648047447205 24
1761513563973 0.7079765796661377 25
1761513564379 0.7147363424301147 26
1761513564809 0.7093285322189331 27
1761513565232 0.7124831080436707 28
1761513565668 0.7133843898773193 29
1761513566060 0.7260026931762695 30
1761513566492 0.7350157499313354 31
1761513566908 0.7332131862640381 32
1761513567343 0.7323118448257446 33
1761513567758 0.7480847239494324 34
1761513568171 0.7476340532302856 35
1761513568586 0.746732771396637 36
1761513569029 0.748986005783081 37
1761513569425 0.7579991221427917 38
1761513569939 0.7598016858100891 39
1761513570358 0.7570977807044983 40
1761513570790 0.7692654132843018 41
1761513571210 0.7674628496170044 42
1761513571611 0.7665615081787109 43
1761513572050 0.7760252356529236 44
1761513572518 0.7800810933113098 45
1761513572947 0.7719693779945374 46
1761513573357 0.7890942096710205 47
1761513573778 0.7755745649337769 48
1761513574184 0.79269939661026 49
1761513553495 0.4952681362628937 0
