1761513553495 0.9611778855323792 0
1761513553959 0.9339326024055481 1
1761513554431 0.9133585691452026 2
1761513554814 0.9017689824104309 3
1761513555213 0.8959653377532959 4
1761513555598 0.8836560249328613 5
1761513555979 0.8782120943069458 6
1761513556377 0.8660899996757507 7
1761513556769 0.8689647912979126 8
1761513557160 0.8533824682235718 9
1761513557568 0.8476169109344482 10
1761513557975 0.8363679051399231 11
1761513558386 0.831900954246521 12
1761513558790 0.8198687434196472 13
1761513559156 0.8123652338981628 14
1761513559546 0.7989030480384827 15
1761513559983 0.788382887840271 16
1761513560387 0.7765272855758667 17
1761513560836 0.7923110723495483 18
1761513561307 0.7531477212905884 19
1761513561744 0.7936654090881348 20
1761513562158 0.7353882789611816 21
1761513562609 0.773814857006073 22
1761513563035 0.722866415977478 23
1761513563531 0.7166661620140076 24
1761513563973 0.7102620005607605 25
1761513564379 0.6919735074043274 26
1761513564809 0.6822461485862732 27
1761513565232 0.6883724927902222 28
1761513565668 0.6977264881134033 29
1761513566060 0.6716833114624023 30
1761513566492 0.651649534702301 31
1761513566908 0.6502209901809692 32
1761513567343 0.6579622626304626 33
1761513567758 0.6287041902542114 34
1761513568171 0.6281934380531311 35
1761513568586 0.6258348822593689 36
1761513569029 0.6131688952445984 37
1761513569425 0.5919002890586853 38
1761513569939 0.5926086902618408 39
1761513570358 0.5987094044685364 40
1761513570790 0.5827669501304626 41
1761513571210 0.5719267129898071 42
1761513571611 0.5704509019851685 43
1761513572050 0.5509172677993774 44
1761513572518 0.5472697615623474 45
1761513572947 0.5598930716514587 46
1761513573357 0.5289962887763977 47
1761513573778 0.5384196043014526 48
1761513574184 0.519317090511322 49
1761513553495 0.9611778855323792 0
