1761512805370 0.519603431224823 0
1761512805636 0.5732311606407166 1
1761512805854 0.5863001346588135 2
1761512806079 0.604776918888092 3
1761512806281 0.6070302128791809 4
1761512806498 0.6241550445556641 5
1761512806715 0.6277602314949036 6
1761512806931 0.6313654780387878 7
1761512807165 0.6435331106185913 8
1761512807381 0.6584047079086304 9
1761512807591 0.6557007431983948 10
1761512807804 0.672374963760376 11
1761512808013 0.6849932670593262 12
1761512808229 0.6827399730682373 13
1761512808444 0.6633618474006653 14
1761512808662 0.687697172164917 15
1761512808910 0.6998648047447205 16
1761512809147 0.7016674280166626 17
1761512809405 0.7129337787628174 18
1761512809618 0.7156376838684082 19
1761512809826 0.7192429304122925 20
1761512810048 0.7232987880706787 21
1761512810261 0.726904034614563 22
1761512810487 0.7201442122459412 23
1761512810694 0.7318611741065979 24
1761512810916 0.7480847239494324 25
1761512811126 0.7404236197471619 26
1761512811358 0.7395222783088684 27
1761512811572 0.7458314299583435 28
1761512811783 0.7557458281517029 29
1761512812064 0.746732771396637 30
1761512812284 0.7543938755989075 31
1761512812506 0.7602523565292358 32
1761512812724 0.7602523565292358 33
1761512812936 0.777377188205719 34
1761512813145 0.7719693779945374 35
1761512813359 0.7598016858100891 36
1761512813576 0.7706173658370972 37
1761512813789 0.7701667547225952 38
1761512814014 0.7719693779945374 39
1761512814245 0.777377188205719 40
1761512814462 0.777377188205719 41
1761512814684 0.7922487854957581 42
1761512814899 0.7877421975135803 43
1761512815113 0.7868409156799316 44
1761512815338 0.7805317640304565 45
1761512815560 0.7985579371452332 46
1761512815805 0.7917981147766113 47
1761512816024 0.7841370105743408 48
1761512816233 0.8048670291900635 49
1761512805370 0.519603431224823 0
