1761589362218 0.4066726863384247 0
1761589362475 0.41433724761009216 1
1761589362738 0.4156897962093353 2
1761589363000 0.4346257746219635 3
1761589363234 0.44454464316368103 4
1761589363477 0.45852118730545044 5
1761589363741 0.45942291617393494 6
1761589364003 0.4693417549133301 7
1761589364245 0.4747520387172699 8
1761589364526 0.4905320107936859 9
1761589364831 0.4896303117275238 10
1761589365099 0.5018033981323242 11
1761589365357 0.5063120126724243 12
1761589365605 0.5076645612716675 13
1761589365964 0.5139765739440918 14
1761589366204 0.5243462324142456 15
1761589366472 0.5302073955535889 16
1761589366736 0.5225428342819214 17
1761589367006 0.5365194082260132 18
1761589367289 0.5410279631614685 19
1761589367567 0.5504959225654602 20
1761589367796 0.5441839694976807 21
1761589368032 0.5532010793685913 22
1761589368332 0.5572587847709656 23
1761589368563 0.564021646976471 24
1761589368780 0.5757439136505127 25
1761589368999 0.5707845091819763 26
1761589369248 0.582055926322937 27
1761589369505 0.5716862082481384 28
1761589369741 0.581605076789856 29
1761589369988 0.5946798920631409 30
1761589370227 0.5865644812583923 31
1761589370507 0.596032440662384 32
1761589370743 0.6041478514671326 33
1761589370985 0.5933273434638977 34
1761589371223 0.613165020942688 35
1761589371449 0.6221821308135986 36
1761589371694 0.6073038578033447 37
1761589371942 0.613615870475769 38
1761589372179 0.6163210272789001 39
1761589372408 0.6271415948867798 40
1761589372643 0.6253381371498108 41
1761589372884 0.6248872876167297 42
1761589373120 0.6357078552246094 43
1761589373357 0.6239855885505676 44
1761589373597 0.631199300289154 45
1761589373829 0.6352570056915283 46
1761589374079 0.6348061561584473 47
1761589374315 0.6393147110939026 48
1761589374553 0.6352570056915283 49
1761589374787 0.6415689587593079 50
1761589375023 0.6469792723655701 51
1761589375272 0.6559963822364807 52
1761589375504 0.6541929841041565 53
1761589375737 0.6514878273010254 54
1761589375967 0.6587015390396118 55
1761589376196 0.6627592444419861 56
1761589376433 0.6582506895065308 57
1761589376677 0.6577998399734497 58
1761589376929 0.6582506895065308 59
1761589377173 0.6744815111160278 60
1761589377411 0.6726781129837036 61
1761589377640 0.660504937171936 62
1761589377865 0.6686204075813293 63
1761589378115 0.6686204075813293 64
1761589378360 0.6704238057136536 65
1761589378602 0.6722272038459778 66
1761589378838 0.6641117930412292 67
1761589379078 0.6762849688529968 68
1761589379325 0.6708746552467346 69
1761589379566 0.6713255047798157 70
1761589379807 0.67763751745224 71
1761589380055 0.6794409155845642 72
1761589380289 0.6731289625167847 73
1761589380520 0.67763751745224 74
1761589380763 0.675834059715271 75
1761589381001 0.6866546273231506 76
1761589381232 0.6848512291908264 77
1761589381468 0.6866546273231506 78
1761589381711 0.6875563859939575 79
1761589381952 0.6844003796577454 80
1761589382197 0.6961226463317871 81
1761589382448 0.6880072355270386 82
1761589382687 0.6920649409294128 83
1761589382921 0.6862037777900696 84
1761589383161 0.691163182258606 85
1761589383518 0.7006312012672424 86
1761589383816 0.6970243453979492 87
1761589384032 0.7033363580703735 88
1761589384245 0.7037872076034546 89
1761589384464 0.7082957625389099 90
1761589384726 0.7037872076034546 91
1761589384944 0.7001803517341614 92
1761589385304 0.7123534679412842 93
1761589385553 0.7128043174743652 94
1761589385808 0.7096483111381531 95
1761589386067 0.7037872076034546 96
1761589386298 0.7123534679412842 97
1761589386540 0.7019837498664856 98
1761589386775 0.7042380571365356 99
1761589362218 0.4066726863384247 0
