1761589362218 1.0845245122909546 0
1761589362475 1.0706392526626587 1
1761589362738 1.0639832019805908 2
1761589363000 1.056540846824646 3
1761589363234 1.0485739707946777 4
1761589363477 1.043676733970642 5
1761589363741 1.0359488725662231 6
1761589364003 1.0302491188049316 7
1761589364245 1.0245678424835205 8
1761589364526 1.0166218280792236 9
1761589364831 1.0131678581237793 10
1761589365099 1.0022308826446533 11
1761589365357 0.9966710805892944 12
1761589365605 0.9935024380683899 13
1761589365964 0.9876616597175598 14
1761589366204 0.9817569255828857 15
1761589366472 0.975902259349823 16
1761589366736 0.9724663496017456 17
1761589367006 0.9644533395767212 18
1761589367289 0.9612684845924377 19
1761589367567 0.9594008922576904 20
1761589367796 0.9514427781105042 21
1761589368032 0.9428605437278748 22
1761589368332 0.9409953355789185 23
1761589368563 0.9355692267417908 24
1761589368780 0.9277888536453247 25
1761589368999 0.921822190284729 26
1761589369248 0.9147506356239319 27
1761589369505 0.9094735383987427 28
1761589369741 0.9073652029037476 29
1761589369988 0.89914870262146 30
1761589370227 0.8961129188537598 31
1761589370507 0.8834829330444336 32
1761589370743 0.8835635781288147 33
1761589370985 0.8789442181587219 34
1761589371223 0.8735768795013428 35
1761589371449 0.8633708953857422 36
1761589371694 0.864642322063446 37
1761589371942 0.855823814868927 38
1761589372179 0.8596814870834351 39
1761589372408 0.8472674489021301 40
1761589372643 0.8433001637458801 41
1761589372884 0.8421654105186462 42
1761589373120 0.8351292610168457 43
1761589373357 0.8350450992584229 44
1761589373597 0.8296682834625244 45
1761589373829 0.8233721256256104 46
1761589374079 0.8192977905273438 47
1761589374315 0.8224093317985535 48
1761589374553 0.8166826367378235 49
1761589374787 0.8059422373771667 50
1761589375023 0.8041098117828369 51
1761589375272 0.7954564690589905 52
1761589375504 0.791959822177887 53
1761589375737 0.7934106588363647 54
1761589375967 0.7872352600097656 55
1761589376196 0.785213053226471 56
1761589376433 0.7824695110321045 57
1761589376677 0.781701385974884 58
1761589376929 0.7775450348854065 59
1761589377173 0.7693443298339844 60
1761589377411 0.7611028552055359 61
1761589377640 0.7680122256278992 62
1761589377865 0.7678455114364624 63
1761589378115 0.7538512945175171 64
1761589378360 0.7507781386375427 65
1761589378602 0.7561055421829224 66
1761589378838 0.7463240027427673 67
1761589379078 0.7497133016586304 68
1761589379325 0.7440665364265442 69
1761589379566 0.7394505143165588 70
1761589379807 0.7383080124855042 71
1761589380055 0.73375004529953 72
1761589380289 0.743945837020874 73
1761589380520 0.7281792163848877 74
1761589380763 0.7247677445411682 75
1761589381001 0.7243249416351318 76
1761589381232 0.720068097114563 77
1761589381468 0.7189874649047852 78
1761589381711 0.7138044834136963 79
1761589381952 0.7163681387901306 80
1761589382197 0.7087163925170898 81
1761589382448 0.7183951735496521 82
1761589382687 0.7085734009742737 83
1761589382921 0.7063393592834473 84
1761589383161 0.6981189250946045 85
1761589383518 0.707183837890625 86
1761589383816 0.6948674321174622 87
1761589384032 0.6969867944717407 88
1761589384245 0.6840870380401611 89
1761589384464 0.6850273609161377 90
1761589384726 0.6966346502304077 91
1761589384944 0.6825016736984253 92
1761589385304 0.676487386226654 93
1761589385553 0.6815078854560852 94
1761589385808 0.6808575987815857 95
1761589386067 0.6766160130500793 96
1761589386298 0.6773988008499146 97
1761589386540 0.6729786396026611 98
1761589386775 0.6767668128013611 99
1761589362218 1.0845245122909546 0
