1761587682799 0.4156897962093353 0
1761587683139 0.4242560863494873 1
1761587683434 0.4418394863605499 2
1761587683727 0.46483317017555237 3
1761587683994 0.47430115938186646 4
1761587684306 0.4792605936527252 5
1761587684630 0.49368801712989807 6
1761587684894 0.4990983009338379 7
1761587685197 0.5166816711425781 8
1761587685463 0.5261496901512146 9
1761587685727 0.517132580280304 10
1761587685985 0.5428313612937927 11
1761587686235 0.5437331199645996 12
1761587686469 0.5482416749000549 13
1761587686712 0.5581604838371277 14
1761587686937 0.5550045371055603 15
1761587687180 0.5676285028457642 16
1761587687413 0.5793507695198059 17
1761587687649 0.5838593244552612 18
1761587687877 0.5915238857269287 19
1761587688134 0.5874661803245544 20
1761587688391 0.5924255847930908 21
1761587688655 0.6032461524009705 22
1761587688918 0.6118124723434448 23
1761587689229 0.6045987606048584 24
1761587689475 0.6027953028678894 25
1761587689711 0.6176735758781433 26
1761587689946 0.5982867479324341 27
1761587690189 0.6140667200088501 28
1761587690433 0.6172227263450623 29
1761587690673 0.6226329803466797 30
1761587690903 0.6343552470207214 31
1761587691152 0.6212804317474365 32
1761587691398 0.6194770336151123 33
1761587691626 0.6271415948867798 34
1761587691856 0.6397655606269836 35
1761587692101 0.6456266641616821 36
1761587692335 0.6433724164962769 37
1761587692570 0.6402164101600647 38
1761587692835 0.6496844291687012 39
1761587693112 0.6438232660293579 40
1761587693371 0.6478809714317322 41
1761587693615 0.6514878273010254 42
1761587693882 0.6474301218986511 43
1761587694141 0.6609557867050171 44
1761587694405 0.6609557867050171 45
1761587694669 0.6650135517120361 46
1761587694922 0.6686204075813293 47
1761587695173 0.6663661003112793 48
1761587695446 0.6740306615829468 49
1761587695704 0.6681694984436035 50
1761587695949 0.6794409155845642 51
1761587696203 0.6713255047798157 52
1761587696429 0.6821460723876953 53
1761587696674 0.678088366985321 54
1761587696917 0.6722272038459778 55
1761587697177 0.6875563859939575 56
1761587697416 0.6839495301246643 57
1761587697640 0.6844003796577454 58
1761587697866 0.6825969219207764 59
1761587698098 0.6803426742553711 60
1761587698331 0.6974751949310303 61
1761587698562 0.6853020787239075 62
1761587698789 0.6979260444641113 63
1761587699014 0.695671796798706 64
1761587699246 0.7060414552688599 65
1761587699471 0.7015329003334045 66
1761587699699 0.6970243453979492 67
1761587699928 0.6938683390617371 68
1761587700183 0.7064923644065857 69
1761587700425 0.7046889066696167 70
1761587700660 0.7051397562026978 71
1761587700904 0.7051397562026978 72
1761587701146 0.7006312012672424 73
1761587701374 0.7078449130058289 74
1761587701609 0.7100991606712341 75
1761587701833 0.7168620228767395 76
1761587702064 0.7114517688751221 77
1761587702300 0.709197461605072 78
1761587702525 0.7186654806137085 79
1761587702751 0.7064923644065857 80
1761587702972 0.7276825904846191 81
1761587703212 0.726780891418457 82
1761587703436 0.7159603238105774 83
1761587703676 0.7159603238105774 84
1761587703918 0.7276825904846191 85
1761587704145 0.726330041885376 86
1761587704374 0.7137060165405273 87
1761587704597 0.7240757346153259 88
1761587704822 0.7285842895507812 89
1761587705080 0.7222723364830017 90
1761587705348 0.7213705778121948 91
1761587705626 0.7290351390838623 92
1761587705873 0.7394048571586609 93
1761587706156 0.7326419949531555 94
1761587706413 0.7357980012893677 95
1761587706648 0.7380523085594177 96
1761587706887 0.7434625625610352 97
1761587707131 0.7258791923522949 98
1761587707371 0.7294860482215881 99
1761587682799 0.4156897962093353 0
