1761587682799 1.0741009712219238 0
1761587683139 1.0541160106658936 1
1761587683434 1.0432921648025513 2
1761587683727 1.0335657596588135 3
1761587683994 1.0218210220336914 4
1761587684306 1.0130478143692017 5
1761587684630 1.0012575387954712 6
1761587684894 0.9949385523796082 7
1761587685197 0.9869332909584045 8
1761587685463 0.9808617234230042 9
1761587685727 0.970298707485199 10
1761587685985 0.9631335735321045 11
1761587686235 0.9566303491592407 12
1761587686469 0.9465680718421936 13
1761587686712 0.9382376074790955 14
1761587686937 0.9317895770072937 15
1761587687180 0.9247669577598572 16
1761587687413 0.9108895063400269 17
1761587687649 0.9066394567489624 18
1761587687877 0.8985082507133484 19
1761587688134 0.8899094462394714 20
1761587688391 0.8921653628349304 21
1761587688655 0.8775635957717896 22
1761587688918 0.8685156106948853 23
1761587689229 0.8645871877670288 24
1761587689475 0.8645625710487366 25
1761587689711 0.8465909957885742 26
1761587689946 0.8517701625823975 27
1761587690189 0.8440830707550049 28
1761587690433 0.8414707779884338 29
1761587690673 0.8249077200889587 30
1761587690903 0.8196552395820618 31
1761587691152 0.8226946592330933 32
1761587691398 0.8153145909309387 33
1761587691626 0.810195803642273 34
1761587691856 0.8034420609474182 35
1761587692101 0.8028507232666016 36
1761587692335 0.7908055782318115 37
1761587692570 0.788777768611908 38
1761587692835 0.7837803363800049 39
1761587693112 0.7851342558860779 40
1761587693371 0.7798783779144287 41
1761587693615 0.7712921500205994 42
1761587693882 0.7707589268684387 43
1761587694141 0.7597824931144714 44
1761587694405 0.7583844065666199 45
1761587694669 0.750889778137207 46
1761587694922 0.7452358603477478 47
1761587695173 0.7445517778396606 48
1761587695446 0.7412050366401672 49
1761587695704 0.7370285987854004 50
1761587695949 0.7322887778282166 51
1761587696203 0.7321698665618896 52
1761587696429 0.722596287727356 53
1761587696674 0.7275278568267822 54
1761587696917 0.7221485376358032 55
1761587697177 0.7102851271629333 56
1761587697416 0.7065060138702393 57
1761587697640 0.7052622437477112 58
1761587697866 0.7067368030548096 59
1761587698098 0.7109124064445496 60
1761587698331 0.6945175528526306 61
1761587698562 0.6960023045539856 62
1761587698789 0.6924988031387329 63
1761587699014 0.6879798173904419 64
1761587699246 0.6753825545310974 65
1761587699471 0.6805267930030823 66
1761587699699 0.6778829097747803 67
1761587699928 0.6811519861221313 68
1761587700183 0.6783517599105835 69
1761587700425 0.6801338195800781 70
1761587700660 0.6695369482040405 71
1761587700904 0.6721654534339905 72
1761587701146 0.670048177242279 73
1761587701374 0.6553797721862793 74
1761587701609 0.6631832122802734 75
1761587701833 0.6569569110870361 76
1761587702064 0.657799243927002 77
1761587702300 0.6498199105262756 78
1761587702525 0.6548876166343689 79
1761587702751 0.6567192673683167 80
1761587702972 0.6410238742828369 81
1761587703212 0.6478039622306824 82
1761587703436 0.6474876403808594 83
1761587703676 0.6452242136001587 84
1761587703918 0.6351330876350403 85
1761587704145 0.6307558417320251 86
1761587704374 0.6386415362358093 87
1761587704597 0.6399087309837341 88
1761587704822 0.6224007606506348 89
1761587705080 0.63006591796875 90
1761587705348 0.6326798796653748 91
1761587705626 0.6235592365264893 92
1761587705873 0.6183184385299683 93
1761587706156 0.6202482581138611 94
1761587706413 0.6182048916816711 95
1761587706648 0.6096348166465759 96
1761587706887 0.6084899306297302 97
1761587707131 0.6112291216850281 98
1761587707371 0.613610565662384 99
1761587682799 1.0741009712219238 0
