1761602985943 0.7587916851043701 0
1761602986555 0.7587916851043701 1
1761602987157 0.7587916851043701 2
1761602987710 0.7587916851043701 3
1761602988242 0.7587916851043701 4
1761602988778 0.7587916851043701 5
1761602989300 0.7587916851043701 6
1761602989854 0.7587916851043701 7
1761602990391 0.7587916851043701 8
1761602990962 0.7587916851043701 9
1761602991543 0.7587916851043701 10
1761602992079 0.7587916851043701 11
1761602992631 0.7587916851043701 12
1761602993224 0.7587916851043701 13
1761602993774 0.7587916851043701 14
1761602994332 0.7587916851043701 15
1761602994906 0.7587916851043701 16
1761602995470 0.7587916851043701 17
1761602996023 0.7587916851043701 18
1761602996570 0.7587916851043701 19
1761602997086 0.7587916851043701 20
1761602997620 0.7587916851043701 21
1761602998158 0.7587916851043701 22
1761602998678 0.7587916851043701 23
1761602999234 0.7587916851043701 24
1761602999821 0.7583408355712891 25
1761603000368 0.7583408355712891 26
1761603000901 0.7583408355712891 27
1761603001426 0.7583408355712891 28
1761603001934 0.757889986038208 29
1761603002458 0.7583408355712891 30
1761603002966 0.7569882869720459 31
1761603003534 0.7565374374389648 32
1761603004057 0.757889986038208 33
1761603004581 0.757439136505127 34
1761603005131 0.7569882869720459 35
1761603005659 0.7592425346374512 36
1761603006223 0.7569882869720459 37
1761603006769 0.7592425346374512 38
1761603007314 0.7583408355712891 39
1761603007904 0.7583408355712891 40
1761603008471 0.757439136505127 41
1761603009023 0.7583408355712891 42
1761603009570 0.7587916851043701 43
1761603010132 0.7587916851043701 44
1761603010691 0.7583408355712891 45
1761603011263 0.7583408355712891 46
1761603011816 0.7583408355712891 47
1761603012355 0.7587916851043701 48
1761603012929 0.7587916851043701 49
1761602985943 0.7587916851043701 0
