1761469273936 0.4853537678718567 0
1761469275368 0.4952681362628937 1
1761469276641 0.49977466464042664 2
1761469277794 0.45470932126045227 3
1761469278593 0.490310937166214 4
1761469279660 0.49616944789886475 5
1761469280772 0.5011266469955444 6
1761469281698 0.5020279288291931 7
1761469283008 0.5069851279258728 8
1761469284130 0.5069851279258728 9
1761469284845 0.4943668246269226 10
1761469285576 0.5069851279258728 11
1761469286716 0.5069851279258728 12
1761469288058 0.5069851279258728 13
1761469289242 0.5069851279258728 14
1761469290105 0.5069851279258728 15
1761469291031 0.5069851279258728 16
1761469292364 0.5069851279258728 17
1761469293576 0.5069851279258728 18
1761469294859 0.5069851279258728 19
1761469295953 0.5069851279258728 20
1761469296764 0.5069851279258728 21
1761469297994 0.5069851279258728 22
1761469299242 0.5069851279258728 23
1761469300542 0.5069851279258728 24
1761469301415 0.5069851279258728 25
1761469302225 0.5069851279258728 26
1761469303217 0.5069851279258728 27
1761469304408 0.5069851279258728 28
1761469305210 0.5069851279258728 29
1761469306517 0.5069851279258728 30
1761469307746 0.5069851279258728 31
1761469308476 0.5069851279258728 32
1761469309789 0.5069851279258728 33
1761469311054 0.5069851279258728 34
1761469312183 0.5006759762763977 35
1761469313419 0.5069851279258728 36
1761469314232 0.5069851279258728 37
1761469315182 0.5069851279258728 38
1761469316398 0.5069851279258728 39
1761469317586 0.5069851279258728 40
1761469318830 0.5069851279258728 41
1761469320002 0.5069851279258728 42
1761469320702 0.5069851279258728 43
1761469321699 0.5069851279258728 44
1761469322932 0.5069851279258728 45
1761469324209 0.5069851279258728 46
1761469325445 0.5069851279258728 47
1761469326359 0.5069851279258728 48
1761469327600 0.5069851279258728 49
1761469273936 0.4853537678718567 0
