1761498707328 0.5051825046539307 0
1761498708260 0.5448400378227234 1
1761498709126 0.563316822052002 2
1761498710081 0.5768364071846008 3
1761498711037 0.578639030456543 4
1761498711951 0.5989184379577637 5
1761498712871 0.613789975643158 6
1761498713721 0.6146913170814514 7
1761498714661 0.6322667598724365 8
1761498715580 0.6273096203804016 9
1761498716456 0.6250563263893127 10
1761498717376 0.6336187720298767 11
1761498718299 0.6417304873466492 12
1761498719235 0.6417304873466492 13
1761498720166 0.6611086130142212 14
1761498721047 0.648490309715271 15
1761498721943 0.6795853972434998 16
1761498722887 0.6642631888389587 17
1761498724040 0.6719242930412292 18
1761498724957 0.6894997954368591 19
1761498725879 0.667868435382843 20
1761498726865 0.672374963760376 21
1761498727821 0.698512852191925 22
1761498728771 0.6962595582008362 23
1761498729643 0.7124831080436707 24
1761498730523 0.6976115107536316 25
1761498731527 0.6940063238143921 26
1761498732451 0.7021180987358093 27
1761498733391 0.7079765796661377 28
1761498734341 0.7196935415267944 29
1761498735286 0.7111311554908752 30
1761498736269 0.7273546457290649 31
1761498737149 0.7327625155448914 32
1761498738016 0.7223974466323853 33
1761498738956 0.7291572690010071 34
1761498740017 0.7440288662910461 35
1761498741035 0.7278053164482117 36
1761498742091 0.73366379737854 37
1761498743019 0.7246507406234741 38
1761498743948 0.7386209964752197 39
1761498744881 0.7480847239494324 40
1761498745754 0.7507886290550232 41
1761498746714 0.738170325756073 42
1761498747643 0.7507886290550232 43
1761498748637 0.7530419230461121 44
1761498749667 0.7570977807044983 45
1761498750783 0.7611536979675293 46
1761498751730 0.7715187072753906 47
1761498752687 0.7480847239494324 48
1761498753615 0.7552951574325562 49
1761498707328 0.5051825046539307 0
