1761587643119 0.4260595142841339 0
1761587643412 0.4391343593597412 1
1761587643714 0.46483317017555237 2
1761587644025 0.49188458919525146 3
1761587644401 0.4972948729991913 4
1761587644667 0.49323713779449463 5
1761587644932 0.5130748152732849 6
1761587645233 0.5117222666740417 7
1761587645475 0.5166816711425781 8
1761587645760 0.531109094619751 9
1761587646111 0.5324617028236389 10
1761587646456 0.5293056964874268 11
1761587646746 0.5477908253669739 12
1761587647118 0.5495942234992981 13
1761587647382 0.5527502298355103 14
1761587647678 0.5550045371055603 15
1761587647917 0.5626690983772278 16
1761587648157 0.5604147911071777 17
1761587648399 0.5685302019119263 18
1761587648662 0.5870153307914734 19
1761587648937 0.5852118730545044 20
1761587649184 0.5928764939308167 21
1761587649441 0.6073038578033447 22
1761587649688 0.6032461524009705 23
1761587649952 0.6158701777458191 24
1761587650204 0.6217312812805176 25
1761587650483 0.6262398362159729 26
1761587650733 0.6357078552246094 27
1761587650986 0.6194770336151123 28
1761587651267 0.6158701777458191 29
1761587651522 0.6424707174301147 30
1761587651761 0.6523895263671875 31
1761587652045 0.6474301218986511 32
1761587652298 0.6469792723655701 33
1761587652553 0.6546438336372375 34
1761587652868 0.6501352787017822 35
1761587653143 0.6550946831703186 36
1761587653386 0.6577998399734497 37
1761587653625 0.6663661003112793 38
1761587653862 0.6668169498443604 39
1761587654116 0.6654644012451172 40
1761587654355 0.67763751745224 41
1761587654623 0.662308394908905 42
1761587654890 0.6686204075813293 43
1761587655207 0.6681694984436035 44
1761587655457 0.67763751745224 45
1761587655723 0.678088366985321 46
1761587655953 0.6825969219207764 47
1761587656189 0.691163182258606 48
1761587656445 0.6821460723876953 49
1761587656672 0.6825969219207764 50
1761587656912 0.693417489528656 51
1761587657152 0.6997295022010803 52
1761587657392 0.6844003796577454 53
1761587657658 0.691163182258606 54
1761587657902 0.6965734958648682 55
1761587658143 0.695220947265625 56
1761587658386 0.7073940634727478 57
1761587658630 0.6988277435302734 58
1761587658893 0.7123534679412842 59
1761587659149 0.71055006980896 60
1761587659420 0.71055006980896 61
1761587659693 0.7204688787460327 62
1761587659986 0.7128043174743652 63
1761587660260 0.711000919342041 64
1761587660518 0.709197461605072 65
1761587660758 0.7114517688751221 66
1761587661036 0.7155094742774963 67
1761587661323 0.7272317409515381 68
1761587661577 0.7240757346153259 69
1761587661803 0.7276825904846191 70
1761587662021 0.7290351390838623 71
1761587662319 0.7236248850822449 72
1761587662591 0.726330041885376 73
1761587662845 0.7258791923522949 74
1761587663097 0.7254283428192139 75
1761587663391 0.7335437536239624 76
1761587663685 0.7321911454200745 77
1761587663944 0.7348963022232056 78
1761587664223 0.7344454526901245 79
1761587664463 0.7357980012893677 80
1761587664724 0.742560863494873 81
1761587664958 0.7452660202980042 82
1761587665215 0.744364321231842 83
1761587665595 0.7357980012893677 84
1761587665915 0.7466185688972473 85
1761587666158 0.7398557066917419 86
1761587666415 0.7502254247665405 87
1761587666661 0.7511271238327026 88
1761587666927 0.7515779733657837 89
1761587667196 0.7592425346374512 90
1761587667437 0.7484220266342163 91
1761587667674 0.7529305815696716 92
1761587667921 0.7524797320365906 93
1761587668204 0.7506762742996216 94
1761587668493 0.7502254247665405 95
1761587668793 0.7587916851043701 96
1761587669056 0.7601442933082581 97
1761587669329 0.7633002996444702 98
1761587669608 0.757889986038208 99
1761587643119 0.4260595142841339 0
