1761587643119 1.0745353698730469 0
1761587643412 1.0497055053710938 1
1761587643714 1.0374553203582764 2
1761587644025 1.0248879194259644 3
1761587644401 1.0127506256103516 4
1761587644667 1.0078312158584595 5
1761587644932 0.9979938268661499 6
1761587645233 0.9870951175689697 7
1761587645475 0.9789989590644836 8
1761587645760 0.9699318408966064 9
1761587646111 0.9625681042671204 10
1761587646456 0.9554001092910767 11
1761587646746 0.944562554359436 12
1761587647118 0.934601366519928 13
1761587647382 0.931422770023346 14
1761587647678 0.9256545305252075 15
1761587647917 0.9183130860328674 16
1761587648157 0.9161523580551147 17
1761587648399 0.9078474640846252 18
1761587648662 0.8945362567901611 19
1761587648937 0.888908863067627 20
1761587649184 0.8850417733192444 21
1761587649441 0.8729886412620544 22
1761587649688 0.8668756484985352 23
1761587649952 0.8614783883094788 24
1761587650204 0.8467428088188171 25
1761587650483 0.844210684299469 26
1761587650733 0.8349083662033081 27
1761587650986 0.8374074697494507 28
1761587651267 0.8328897953033447 29
1761587651522 0.8203150629997253 30
1761587651761 0.8099198937416077 31
1761587652045 0.8046461939811707 32
1761587652298 0.8008296489715576 33
1761587652553 0.7921263575553894 34
1761587652868 0.7931012511253357 35
1761587653143 0.7854232788085938 36
1761587653386 0.7756279706954956 37
1761587653625 0.770772397518158 38
1761587653862 0.7649597525596619 39
1761587654116 0.7607479691505432 40
1761587654355 0.7591820359230042 41
1761587654623 0.7522549629211426 42
1761587654890 0.7447316646575928 43
1761587655207 0.7430831789970398 44
1761587655457 0.7366207242012024 45
1761587655723 0.7400500178337097 46
1761587655953 0.7276655435562134 47
1761587656189 0.7270267009735107 48
1761587656445 0.7220152020454407 49
1761587656672 0.7188928723335266 50
1761587656912 0.7139272093772888 51
1761587657152 0.7108362913131714 52
1761587657392 0.7092016935348511 53
1761587657658 0.70150226354599 54
1761587657902 0.6947028636932373 55
1761587658143 0.6979078054428101 56
1761587658386 0.6917173862457275 57
1761587658630 0.6947169899940491 58
1761587658893 0.6803362965583801 59
1761587659149 0.6777549982070923 60
1761587659420 0.6755658984184265 61
1761587659693 0.6641318202018738 62
1761587659986 0.6640880703926086 63
1761587660260 0.6702791452407837 64
1761587660518 0.6627625823020935 65
1761587660758 0.6655600666999817 66
1761587661036 0.6636580228805542 67
1761587661323 0.6542565822601318 68
1761587661577 0.6512067914009094 69
1761587661803 0.6432763934135437 70
1761587662021 0.6473190188407898 71
1761587662319 0.6463323831558228 72
1761587662591 0.6417198777198792 73
1761587662845 0.6404935717582703 74
1761587663097 0.6396264433860779 75
1761587663391 0.6301946043968201 76
1761587663685 0.6284471154212952 77
1761587663944 0.626937985420227 78
1761587664223 0.6266865134239197 79
1761587664463 0.6305736303329468 80
1761587664724 0.6155977249145508 81
1761587664958 0.6114917397499084 82
1761587665215 0.6104957461357117 83
1761587665595 0.6186814308166504 84
1761587665915 0.6016813516616821 85
1761587666158 0.6054280400276184 86
1761587666415 0.6009396314620972 87
1761587666661 0.5959303379058838 88
1761587666927 0.594977617263794 89
1761587667196 0.588509738445282 90
1761587667437 0.595794141292572 91
1761587667674 0.5884376168251038 92
1761587667921 0.590726912021637 93
1761587668204 0.5943631529808044 94
1761587668493 0.5862454175949097 95
1761587668793 0.5833114981651306 96
1761587669056 0.5823302268981934 97
1761587669329 0.5746303200721741 98
1761587669608 0.5805584788322449 99
1761587643119 1.0745353698730469 0
