1761521130401 0.530419111251831 0
1761521132764 0.5615141987800598 1
1761521135114 0.5718792080879211 2
1761521137483 0.5718792080879211 3
1761521139689 0.5826948881149292 4
1761521141075 0.5944119095802307 5
1761521142271 0.6061288714408875 6
1761521143589 0.6219017505645752 7
1761521145186 0.6318161487579346 8
1761521147409 0.6354213356971741 9
1761521149441 0.6358720064163208 10
1761521151428 0.6394772529602051 11
1761521153324 0.6507436037063599 12
1761521155419 0.6651644706726074 13
1761521157651 0.6651644706726074 14
1761521159992 0.6800360679626465 15
1761521162009 0.6786841154098511 16
1761521164082 0.6881478428840637 17
1761521166224 0.6949076056480408 18
1761521168252 0.6827399730682373 19
1761521170317 0.7102298140525818 20
1761521172388 0.7070752382278442 21
1761521174620 0.7169896364212036 22
1761521176646 0.7255520224571228 23
1761521178653 0.707525908946991 24
1761521180680 0.7413249015808105 25
1761521182803 0.731410562992096 26
1761521184721 0.7449301481246948 27
1761521186683 0.7471834421157837 28
1761521188819 0.7476340532302856 29
1761521190934 0.7589004039764404 30
1761521193065 0.772870659828186 31
1761521195345 0.7656602263450623 32
1761521197469 0.7796304821968079 33
1761521199466 0.785939633846283 34
1761521201495 0.7845876812934875 35
1761521203478 0.7845876812934875 36
1761521206172 0.797205924987793 37
1761521208310 0.7999098896980286 38
1761521210542 0.8044164180755615 39
1761521212676 0.8026137948036194 40
1761521214960 0.808021605014801 41
1761521217315 0.8255971074104309 42
1761521219422 0.8188372850418091 43
1761521221432 0.8292023539543152 44
1761521223503 0.8255971074104309 45
1761521225687 0.8418206572532654 46
1761521227678 0.8305543065071106 47
1761521229723 0.8292023539543152 48
1761521231977 0.8562415242195129 49
1761521130401 0.530419111251831 0
