1761533622720 0.5254619121551514 0
1761533623327 0.5511491894721985 1
1761533623798 0.5443893671035767 2
1761533624219 0.5583596229553223 3
1761533624687 0.5565569996833801 4
1761533625095 0.5259125828742981 5
1761533625482 0.5475439429283142 6
1761533625863 0.5583596229553223 7
1761533626336 0.5583596229553223 8
1761533626713 0.5583596229553223 9
1761533627117 0.5583596229553223 10
1761533627552 0.5583596229553223 11
1761533627962 0.5583596229553223 12
1761533628349 0.5583596229553223 13
1761533628754 0.5583596229553223 14
1761533629206 0.5583596229553223 15
1761533629759 0.5583596229553223 16
1761533630217 0.5583596229553223 17
1761533630595 0.5583596229553223 18
1761533630980 0.5583596229553223 19
1761533631389 0.5583596229553223 20
1761533631797 0.5583596229553223 21
1761533632209 0.5583596229553223 22
1761533632644 0.5583596229553223 23
1761533633050 0.5583596229553223 24
1761533633437 0.5583596229553223 25
1761533633884 0.5583596229553223 26
1761533634286 0.5583596229553223 27
1761533634697 0.5583596229553223 28
1761533635105 0.5583596229553223 29
1761533635493 0.5583596229553223 30
1761533635884 0.5583596229553223 31
1761533636281 0.5583596229553223 32
1761533636704 0.5579089522361755 33
1761533637116 0.5579089522361755 34
1761533637524 0.5579089522361755 35
1761533637894 0.5574583411216736 36
1761533638303 0.5538530945777893 37
1761533638720 0.558810293674469 38
1761533639134 0.5624154806137085 39
1761533639555 0.5538530945777893 40
1761533639941 0.5565569996833801 41
1761533640323 0.5601622462272644 42
1761533640710 0.5579089522361755 43
1761533641077 0.563316822052002 44
1761533641450 0.5606129169464111 45
1761533641819 0.5682740211486816 46
1761533642197 0.5624154806137085 47
1761533642573 0.5682740211486816 48
1761533642964 0.5714285969734192 49
1761533643334 0.5682740211486816 50
1761533643707 0.5718792080879211 51
1761533644109 0.5687246322631836 52
1761533644504 0.5660207271575928 53
1761533644874 0.5745831727981567 54
1761533645270 0.5628661513328552 55
1761533645652 0.5727805495262146 56
1761533646037 0.5709779262542725 57
1761533646450 0.5682740211486816 58
1761533646830 0.5669220089912415 59
1761533647201 0.5736818313598633 60
1761533647578 0.5750337839126587 61
1761533647966 0.5673726797103882 62
1761533648352 0.558810293674469 63
1761533648754 0.5826948881149292 64
1761533649151 0.5790897011756897 65
1761533649544 0.5763857364654541 66
1761533649948 0.5714285969734192 67
1761533650333 0.5727805495262146 68
1761533650705 0.5853988528251648 69
1761533651118 0.5822442770004272 70
1761533651503 0.5763857364654541 71
1761533651877 0.5858494639396667 72
1761533652284 0.5763857364654541 73
1761533652666 0.5795403122901917 74
1761533653042 0.5727805495262146 75
1761533653430 0.5831455588340759 76
1761533653817 0.5813429355621338 77
1761533654188 0.5858494639396667 78
1761533654598 0.5808922648429871 79
1761533655002 0.5876520872116089 80
1761533655475 0.5926092863082886 81
1761533655903 0.578639030456543 82
1761533656413 0.5822442770004272 83
1761533656836 0.5777377486228943 84
1761533657260 0.5853988528251648 85
1761533657707 0.5804416537284851 86
1761533658085 0.5917080044746399 87
1761533658462 0.5917080044746399 88
1761533658853 0.5917080044746399 89
1761533659227 0.5989184379577637 90
1761533659650 0.5885534286499023 91
1761533660053 0.5867508053779602 92
1761533660453 0.6002703905105591 93
1761533660852 0.5948625802993774 94
1761533661235 0.6043262481689453 95
1761533661632 0.609283447265625 96
1761533662032 0.6034249663352966 97
1761533662427 0.6011716723442078 98
1761533662853 0.6101847887039185 99
1761533622720 0.5254619121551514 0
