1761533622720 0.8985262513160706 0
1761533623327 0.8469387888908386 1
1761533623798 0.8481763601303101 2
1761533624219 0.8492456674575806 3
1761533624687 0.848929226398468 4
1761533625095 0.8579607605934143 5
1761533625482 0.850707471370697 6
1761533625863 0.846381425857544 7
1761533626336 0.8450131416320801 8
1761533626713 0.8447287082672119 9
1761533627117 0.8456406593322754 10
1761533627552 0.8462509512901306 11
1761533627962 0.8455407023429871 12
1761533628349 0.8450796008110046 13
1761533628754 0.8440718054771423 14
1761533629206 0.8448585867881775 15
1761533629759 0.8446546196937561 16
1761533630217 0.8440244793891907 17
1761533630595 0.8450403809547424 18
1761533630980 0.8447165489196777 19
1761533631389 0.8442572951316833 20
1761533631797 0.8449631333351135 21
1761533632209 0.8435794711112976 22
1761533632644 0.8437520265579224 23
1761533633050 0.8440775871276855 24
1761533633437 0.8440998196601868 25
1761533633884 0.8441295623779297 26
1761533634286 0.8439646363258362 27
1761533634697 0.8429275155067444 28
1761533635105 0.8429923057556152 29
1761533635493 0.8429259061813354 30
1761533635884 0.8418196439743042 31
1761533636281 0.8415927886962891 32
1761533636704 0.8404228091239929 33
1761533637116 0.8395451903343201 34
1761533637524 0.8393672704696655 35
1761533637894 0.8382840156555176 36
1761533638303 0.8415210247039795 37
1761533638720 0.8378923535346985 38
1761533639134 0.8366839289665222 39
1761533639555 0.8372536897659302 40
1761533639941 0.8388502597808838 41
1761533640323 0.8347885012626648 42
1761533640710 0.8358900547027588 43
1761533641077 0.8334129452705383 44
1761533641450 0.8366574048995972 45
1761533641819 0.8330247402191162 46
1761533642197 0.833451509475708 47
1761533642573 0.8338000774383545 48
1761533642964 0.8344488143920898 49
1761533643334 0.8324014544487 50
1761533643707 0.8311449885368347 51
1761533644109 0.8324340581893921 52
1761533644504 0.8306805491447449 53
1761533644874 0.8320264220237732 54
1761533645270 0.8297430276870728 55
1761533645652 0.8292548656463623 56
1761533646037 0.8276522159576416 57
1761533646450 0.826392650604248 58
1761533646830 0.8271910548210144 59
1761533647201 0.825937807559967 60
1761533647578 0.8214527368545532 61
1761533647966 0.8186748027801514 62
1761533648352 0.8215484619140625 63
1761533648754 0.8151548504829407 64
1761533649151 0.8157607316970825 65
1761533649544 0.8105587363243103 66
1761533649948 0.8129176497459412 67
1761533650333 0.8091446757316589 68
1761533650705 0.8049889206886292 69
1761533651118 0.8090566992759705 70
1761533651503 0.807120144367218 71
1761533651877 0.8020509481430054 72
1761533652284 0.8064398765563965 73
1761533652666 0.8022019267082214 74
1761533653042 0.7989175915718079 75
1761533653430 0.7999124526977539 76
1761533653817 0.7944246530532837 77
1761533654188 0.7984641194343567 78
1761533654598 0.7992103695869446 79
1761533655002 0.7938913702964783 80
1761533655475 0.7916516661643982 81
1761533655903 0.7953148484230042 82
1761533656413 0.786698579788208 83
1761533656836 0.7901817560195923 84
1761533657260 0.7866876721382141 85
1761533657707 0.785641074180603 86
1761533658085 0.7885160446166992 87
1761533658462 0.78382408618927 88
1761533658853 0.781619668006897 89
1761533659227 0.7814875841140747 90
1761533659650 0.7804703116416931 91
1761533660053 0.7804481387138367 92
1761533660453 0.7737897038459778 93
1761533660852 0.7732571363449097 94
1761533661235 0.7803800702095032 95
1761533661632 0.7697452306747437 96
1761533662032 0.7743200659751892 97
1761533662427 0.7718555927276611 98
1761533662853 0.7671676874160767 99
1761533622720 0.8985262513160706 0
