1761601524111 1.0171053409576416 0
1761601524392 1.0036811828613281 1
1761601524632 0.9992057085037231 2
1761601525006 0.9968366026878357 3
1761601525288 0.9949974417686462 4
1761601525539 0.9965102672576904 5
1761601525879 0.9929929971694946 6
1761601526105 0.9954012036323547 7
1761601526356 1.000333309173584 8
1761601526588 0.9931661486625671 9
1761601526817 0.9945459961891174 10
1761601527079 0.9919953346252441 11
1761601527330 0.991217315196991 12
1761601527598 0.993864119052887 13
1761601527841 0.9930593967437744 14
1761601528058 0.9957239031791687 15
1761601528270 0.9969500303268433 16
1761601528542 0.990376353263855 17
1761601528760 0.9936373829841614 18
1761601528978 0.9941495656967163 19
1761601529194 0.9893808960914612 20
1761601529401 0.9909076690673828 21
1761601529609 0.9920824766159058 22
1761601529827 0.9897102117538452 23
1761601530038 0.9900292158126831 24
1761601530253 0.9892494678497314 25
1761601530514 0.988621711730957 26
1761601530732 0.9911543726921082 27
1761601530950 0.98699551820755 28
1761601531164 0.9914970397949219 29
1761601531389 0.9853760004043579 30
1761601531613 0.9845285415649414 31
1761601531830 0.9872425198554993 32
1761601532044 0.9834595322608948 33
1761601532260 0.9855127334594727 34
1761601532486 0.9830039143562317 35
1761601532709 0.9841780662536621 36
1761601532978 0.9846755266189575 37
1761601533227 0.9815833568572998 38
1761601533447 0.979941189289093 39
1761601533678 0.9808926582336426 40
1761601533919 0.9858955144882202 41
1761601534142 0.9786702990531921 42
1761601534378 0.9790070056915283 43
1761601534598 0.9780364632606506 44
1761601534814 0.9781677722930908 45
1761601535037 0.9802447557449341 46
1761601535249 0.9764354825019836 47
1761601535466 0.9747645854949951 48
1761601535678 0.9747743606567383 49
1761601524111 1.0171053409576416 0
