1761609681551 0.45761948823928833 0
1761609681891 0.48647430539131165 1
1761609682227 0.4954914450645447 2
1761609682528 0.5009016990661621 3
1761609682814 0.5139765739440918 4
1761609683104 0.4941388666629791 5
1761609683389 0.5031560063362122 6
1761609683708 0.5054102540016174 7
1761609684003 0.5229936838150024 8
1761609684307 0.5216411352157593 9
1761609684602 0.5126239657402039 10
1761609684899 0.5261496901512146 11
1761609685203 0.5284039378166199 12
1761609685529 0.5252479910850525 13
1761609685825 0.5293056964874268 14
1761609686112 0.517132580280304 15
1761609686432 0.5247971415519714 16
1761609686770 0.5347159504890442 17
1761609687070 0.5387736558914185 18
1761609687375 0.5423805117607117 19
1761609687663 0.5459873676300049 20
1761609687956 0.5437331199645996 21
1761609688278 0.5572587847709656 22
1761609688573 0.549143373966217 23
1761609688868 0.5613164901733398 24
1761609689150 0.547339916229248 25
1761609689445 0.5649233460426331 26
1761609689738 0.5779982209205627 27
1761609690043 0.5734896063804626 28
1761609690332 0.5838593244552612 29
1761609690619 0.5852118730545044 30
1761609690901 0.5928764939308167 31
1761609691216 0.6000901460647583 32
1761609691513 0.5987375974655151 33
1761609691871 0.6050496101379395 34
1761609692198 0.5996392965316772 35
1761609692553 0.6145175695419312 36
1761609692957 0.6100090146064758 37
1761609693252 0.6230838298797607 38
1761609693567 0.6478809714317322 39
1761609693861 0.6190261244773865 40
1761609694135 0.6469792723655701 41
1761609694417 0.6393147110939026 42
1761609694706 0.660504937171936 43
1761609694994 0.661857545375824 44
1761609695283 0.6686204075813293 45
1761609695584 0.6663661003112793 46
1761609695881 0.6627592444419861 47
1761609696175 0.6708746552467346 48
1761609696534 0.6668169498443604 49
1761609681551 0.45761948823928833 0
