1761609681551 1.0543593168258667 0
1761609681891 1.017243504524231 1
1761609682227 1.0046519041061401 2
1761609682528 1.0031988620758057 3
1761609682814 0.9974062442779541 4
1761609683104 1.0016083717346191 5
1761609683389 0.9940611720085144 6
1761609683708 0.9940340518951416 7
1761609684003 0.9897115230560303 8
1761609684307 0.9855443239212036 9
1761609684602 0.9933266639709473 10
1761609684899 0.9874293804168701 11
1761609685203 0.9808073043823242 12
1761609685529 0.9762992262840271 13
1761609685825 0.9776452779769897 14
1761609686112 0.979896605014801 15
1761609686432 0.9763709902763367 16
1761609686770 0.9639264345169067 17
1761609687070 0.9575908780097961 18
1761609687375 0.9586388468742371 19
1761609687663 0.9527988433837891 20
1761609687956 0.9513717889785767 21
1761609688278 0.9428421258926392 22
1761609688573 0.93960040807724 23
1761609688868 0.9451649188995361 24
1761609689150 0.9347652792930603 25
1761609689445 0.9294252991676331 26
1761609689738 0.9199378490447998 27
1761609690043 0.9192728400230408 28
1761609690332 0.9080196619033813 29
1761609690619 0.9010343551635742 30
1761609690901 0.89323890209198 31
1761609691216 0.8779661655426025 32
1761609691513 0.8803428411483765 33
1761609691871 0.8701009154319763 34
1761609692198 0.8757103681564331 35
1761609692553 0.8592860102653503 36
1761609692957 0.8596174716949463 37
1761609693252 0.8472765684127808 38
1761609693567 0.8169693350791931 39
1761609693861 0.8366618156433105 40
1761609694135 0.8117977976799011 41
1761609694417 0.8147346377372742 42
1761609694706 0.7913221120834351 43
1761609694994 0.7881906628608704 44
1761609695283 0.7857515811920166 45
1761609695584 0.7801740765571594 46
1761609695881 0.774916410446167 47
1761609696175 0.7716287970542908 48
1761609696534 0.7603158950805664 49
1761609681551 1.0543593168258667 0
