1761497441658 0.4236142337322235 0
1761497442398 0.41640380024909973 1
1761497443089 0.42045965790748596 2
1761497443787 0.4299233853816986 3
1761497444507 0.4186570644378662 4
1761497445188 0.4263181686401367 5
1761497445932 0.4245155453681946 6
1761497446997 0.42586749792099 7
1761497448014 0.4321766495704651 8
1761497449078 0.41910770535469055 9
1761497449884 0.4182063937187195 10
1761497450822 0.4182063937187195 11
1761497451195 0.42812076210975647 12
1761497451659 0.4236142337322235 13
1761497452105 0.42676880955696106 14
1761497452613 0.42271292209625244 15
1761497452949 0.4321766495704651 16
1761497453495 0.4195583462715149 17
1761497453928 0.43307796120643616 18
1761497454571 0.43578189611434937 19
1761497455264 0.43668317794799805 20
1761497455804 0.4438936412334442 21
1761497456298 0.43037405610084534 22
1761497456935 0.43938711285591125 23
1761497457324 0.4411897361278534 24
1761497457887 0.44299232959747314 25
1761497458540 0.44569626450538635 26
1761497459059 0.4348805844783783 27
1761497459376 0.43803516030311584 28
1761497459825 0.4447949528694153 29
1761497460401 0.4339792728424072 30
1761497460955 0.4389364719390869 31
1761497461538 0.4411897361278534 32
1761497462110 0.4461469054222107 33
1761497462655 0.4447949528694153 34
1761497463260 0.4438936412334442 35
1761497463859 0.45561063289642334 36
1761497464541 0.4465975761413574 37
1761497465172 0.44569626450538635 38
1761497465773 0.45425868034362793 39
1761497466316 0.4515547454357147 40
1761497466833 0.4524560570716858 41
1761497467224 0.45696258544921875 42
1761497467780 0.4637224078178406 43
1761497468262 0.44794952869415283 44
1761497468576 0.4614691436290741 45
1761497469088 0.4601171612739563 46
1761497469641 0.45831456780433655 47
1761497470221 0.45606130361557007 48
1761497470960 0.45966652035713196 49
1761497441658 0.4236142337322235 0
