1761497441658 1.0776580572128296 0
1761497442398 1.0739084482192993 1
1761497443089 1.0717638731002808 2
1761497443787 1.0655089616775513 3
1761497444507 1.0644581317901611 4
1761497445188 1.0657628774642944 5
1761497445932 1.0634794235229492 6
1761497446997 1.065001130104065 7
1761497448014 1.0639640092849731 8
1761497449078 1.0598026514053345 9
1761497449884 1.0663577318191528 10
1761497450822 1.060605525970459 11
1761497451195 1.0617250204086304 12
1761497451659 1.0633965730667114 13
1761497452105 1.0585390329360962 14
1761497452613 1.063240885734558 15
1761497452949 1.0556423664093018 16
1761497453495 1.0591332912445068 17
1761497453928 1.055774211883545 18
1761497454571 1.0542391538619995 19
1761497455264 1.0541269779205322 20
1761497455804 1.055323600769043 21
1761497456298 1.0554983615875244 22
1761497456935 1.052592396736145 23
1761497457324 1.050876498222351 24
1761497457887 1.0503188371658325 25
1761497458540 1.0508311986923218 26
1761497459059 1.0514779090881348 27
1761497459376 1.0522929430007935 28
1761497459825 1.0503950119018555 29
1761497460401 1.049272060394287 30
1761497460955 1.0457204580307007 31
1761497461538 1.047838568687439 32
1761497462110 1.0479965209960938 33
1761497462655 1.04497230052948 34
1761497463260 1.0470497608184814 35
1761497463859 1.0463885068893433 36
1761497464541 1.0478683710098267 37
1761497465172 1.0432034730911255 38
1761497465773 1.0475369691848755 39
1761497466316 1.0429632663726807 40
1761497466833 1.04335355758667 41
1761497467224 1.0432889461517334 42
1761497467780 1.0415362119674683 43
1761497468262 1.039579153060913 44
1761497468576 1.0421836376190186 45
1761497469088 1.0394322872161865 46
1761497469641 1.042636513710022 47
1761497470221 1.039683222770691 48
1761497470960 1.0387990474700928 49
1761497441658 1.0776580572128296 0
