1761603822934 0.6073038578033447 0
1761603823484 0.6073038578033447 1
1761603824066 0.6059513092041016 2
1761603824621 0.6077547073364258 3
1761603825272 0.611361563205719 4
1761603825875 0.6149684190750122 5
1761603826620 0.6253381371498108 6
1761603827252 0.6230838298797607 7
1761603827932 0.6293958425521851 8
1761603828470 0.6420198082923889 9
1761603828981 0.6519386768341064 10
1761603829520 0.6429215669631958 11
1761603830034 0.6541929841041565 12
1761603830556 0.6695221066474915 13
1761603831073 0.6659152507781982 14
1761603831610 0.6920649409294128 15
1761603832107 0.6889089345932007 16
1761603832633 0.6979260444641113 17
1761603833163 0.7042380571365356 18
1761603833683 0.7123534679412842 19
1761603834230 0.7258791923522949 20
1761603834761 0.7290351390838623 21
1761603835294 0.7389540076255798 22
1761603835888 0.7461677193641663 23
1761603836440 0.7488728761672974 24
1761603836993 0.7614968419075012 25
1761603837619 0.775022566318512 26
1761603838273 0.7777276635169983 27
1761603838817 0.7826871275901794 28
1761603839430 0.7903516888618469 29
1761603839979 0.7966636419296265 30
1761603840837 0.8110910654067993 31
1761603841456 0.8119927644729614 32
1761603842009 0.8155996203422546 33
1761603842550 0.8146979212760925 34
1761603843070 0.8327322006225586 35
1761603843806 0.8237150311470032 36
1761603844312 0.8507664799690247 37
1761603844852 0.8521190285682678 38
1761603845406 0.8530207276344299 39
1761603845963 0.8480613231658936 40
1761603846467 0.8678990006446838 41
1761603847118 0.8755635619163513 42
1761603847683 0.8728584051132202 43
1761603848257 0.8755635619163513 44
1761603848807 0.8881875276565552 45
1761603849367 0.8854824304580688 46
1761603850038 0.8890892863273621 47
1761603850569 0.8972046971321106 48
1761603851077 0.8890892863273621 49
1761603822934 0.6073038578033447 0
