1761603822934 0.935442328453064 0
1761603823484 0.9221086502075195 1
1761603824066 0.9077084064483643 2
1761603824621 0.8979469537734985 3
1761603825272 0.8871999979019165 4
1761603825875 0.8787963390350342 5
1761603826620 0.8636993169784546 6
1761603827252 0.855943500995636 7
1761603827932 0.8401554226875305 8
1761603828470 0.8266581892967224 9
1761603828981 0.8092990517616272 10
1761603829520 0.8023216724395752 11
1761603830034 0.781749963760376 12
1761603830556 0.7579213380813599 13
1761603831073 0.7442640066146851 14
1761603831610 0.7213022708892822 15
1761603832107 0.706754744052887 16
1761603832633 0.6965041756629944 17
1761603833163 0.6744266152381897 18
1761603833683 0.6593819856643677 19
1761603834230 0.6311149597167969 20
1761603834761 0.6221473813056946 21
1761603835294 0.6087000966072083 22
1761603835888 0.5833033919334412 23
1761603836440 0.5752490758895874 24
1761603836993 0.5523854494094849 25
1761603837619 0.5327258706092834 26
1761603838273 0.5218415260314941 27
1761603838817 0.5141656994819641 28
1761603839430 0.4874795973300934 29
1761603839979 0.4849367141723633 30
1761603840837 0.46387967467308044 31
1761603841456 0.4381159842014313 32
1761603842009 0.441107839345932 33
1761603842550 0.43222013115882874 34
1761603843070 0.4117293953895569 35
1761603843806 0.40631237626075745 36
1761603844312 0.37177345156669617 37
1761603844852 0.3598548471927643 38
1761603845406 0.3656370937824249 39
1761603845963 0.3599255681037903 40
1761603846467 0.3250267505645752 41
1761603847118 0.30244138836860657 42
1761603847683 0.303399920463562 43
1761603848257 0.29892367124557495 44
1761603848807 0.27351075410842896 45
1761603849367 0.2895723283290863 46
1761603850038 0.2612886130809784 47
1761603850569 0.2588425874710083 48
1761603851077 0.26603105664253235 49
1761603822934 0.935442328453064 0
