1761443567711 0.5534024238586426 0
1761443569064 0.570076584815979 1
1761443570317 0.5709779262542725 2
1761443571463 0.5646687746047974 3
1761443572480 0.5808922648429871 4
1761443573370 0.5804416537284851 5
1761443574314 0.5759351253509521 6
1761443575244 0.5858494639396667 7
1761443576239 0.5966651439666748 8
1761443577281 0.5948625802993774 9
1761443578244 0.5989184379577637 10
1761443579035 0.6097341179847717 11
1761443580147 0.609283447265625 12
1761443581215 0.6228030920028687 13
1761443581904 0.6187471747398376 14
1761443582725 0.6327174305915833 15
1761443583507 0.6430824398994446 16
1761443584742 0.6417304873466492 17
1761443585344 0.6462370157241821 18
1761443585964 0.6372239589691162 19
1761443586680 0.6516448855400085 20
1761443587464 0.6584047079086304 21
1761443588427 0.6579540371894836 22
1761443589574 0.6755295395851135 23
1761443590852 0.6584047079086304 24
1761443592006 0.6737269163131714 25
1761443593357 0.6759801506996155 26
1761443594630 0.6958089470863342 27
1761443595821 0.6949076056480408 28
1761443596961 0.6804866790771484 29
1761443598104 0.6894997954368591 30
1761443599235 0.6962595582008362 31
1761443600382 0.7097792029380798 32
1761443601831 0.6867958307266235 33
1761443603091 0.7043713331222534 34
1761443604469 0.7138350605964661 35
1761443605796 0.7115817666053772 36
1761443607038 0.7251014113426208 37
1761443608224 0.7205948829650879 38
1761443609467 0.7133843898773193 39
1761443610643 0.7156376838684082 40
1761443611852 0.7399729490280151 41
1761443613085 0.7264533638954163 42
1761443614370 0.7417755722999573 43
1761443615516 0.7327625155448914 44
1761443616795 0.742226243019104 45
1761443617982 0.7471834421157837 46
1761443619169 0.7395222783088684 47
1761443620290 0.7521405816078186 48
1761443621422 0.7561964988708496 49
1761443567711 0.5534024238586426 0
