1761443567711 0.9874346256256104 0
1761443569064 0.9516044855117798 1
1761443570317 0.9336181879043579 2
1761443571463 0.929391622543335 3
1761443572480 0.9088243246078491 4
1761443573370 0.9019699692726135 5
1761443574314 0.9019181728363037 6
1761443575244 0.8847135901451111 7
1761443576239 0.8787770867347717 8
1761443577281 0.8679043054580688 9
1761443578244 0.8621848225593567 10
1761443579035 0.853550910949707 11
1761443580147 0.8432427048683167 12
1761443581215 0.8209396004676819 13
1761443581904 0.8207792043685913 14
1761443582725 0.8055979609489441 15
1761443583507 0.8028506636619568 16
1761443584742 0.7917952537536621 17
1761443585344 0.7865951657295227 18
1761443585964 0.7851589918136597 19
1761443586680 0.7650234699249268 20
1761443587464 0.7611492872238159 21
1761443588427 0.7615125179290771 22
1761443589574 0.7462232708930969 23
1761443590852 0.7576277852058411 24
1761443592006 0.7339915633201599 25
1761443593357 0.7324537038803101 26
1761443594630 0.710743248462677 27
1761443595821 0.7011058330535889 28
1761443596961 0.7428004145622253 29
1761443598104 0.7024049758911133 30
1761443599235 0.701309323310852 31
1761443600382 0.6797242164611816 32
1761443601831 0.702403724193573 33
1761443603091 0.6712905168533325 34
1761443604469 0.6847889423370361 35
1761443605796 0.6760281324386597 36
1761443607038 0.6700326204299927 37
1761443608224 0.6501550078392029 38
1761443609467 0.6736716032028198 39
1761443610643 0.6604176163673401 40
1761443611852 0.6275858283042908 41
1761443613085 0.6379681825637817 42
1761443614370 0.6242969036102295 43
1761443615516 0.6337723135948181 44
1761443616795 0.610177755355835 45
1761443617982 0.6024121642112732 46
1761443619169 0.6143267750740051 47
1761443620290 0.5782359838485718 48
1761443621422 0.5901540517807007 49
1761443567711 0.9874346256256104 0
