1761502426697 0.7977995872497559 0
1761502428219 0.779044508934021 1
1761502429508 0.749181866645813 2
1761502430730 0.744631826877594 3
1761502432095 0.7284695506095886 4
1761502433489 0.7157023549079895 5
1761502434721 0.7160585522651672 6
1761502436372 0.6938023567199707 7
1761502438173 0.6954354047775269 8
1761502439964 0.6758958697319031 9
1761502441524 0.6628468632698059 10
1761502442796 0.6650272607803345 11
1761502444142 0.6410671472549438 12
1761502445474 0.6337796449661255 13
1761502446759 0.6267862915992737 14
1761502448488 0.613116443157196 15
1761502449992 0.597039520740509 16
1761502451787 0.5683526992797852 17
1761502453102 0.576967716217041 18
1761502454650 0.5641565322875977 19
1761502456141 0.546159029006958 20
1761502457403 0.5325543880462646 21
1761502458787 0.5214138031005859 22
1761502460384 0.49628183245658875 23
1761502461760 0.504039466381073 24
1761502462901 0.48681244254112244 25
1761502464171 0.45450401306152344 26
1761502465378 0.4504685401916504 27
1761502466630 0.43924784660339355 28
1761502467794 0.4379245638847351 29
1761502469016 0.399870902299881 30
1761502470186 0.3880954086780548 31
1761502471421 0.3725273609161377 32
1761502472572 0.38017183542251587 33
1761502473713 0.36554327607154846 34
1761502474850 0.3468186557292938 35
1761502476170 0.3426273465156555 36
1761502477351 0.31908899545669556 37
1761502478802 0.3025375306606293 38
1761502480213 0.29198965430259705 39
1761502481412 0.2821090519428253 40
1761502482630 0.2672071158885956 41
1761502483828 0.2728399932384491 42
1761502485121 0.25684985518455505 43
1761502486299 0.24177582561969757 44
1761502487464 0.2160954475402832 45
1761502488854 0.22822165489196777 46
1761502490279 0.22654025256633759 47
1761502491379 0.22248834371566772 48
1761502492487 0.20740409195423126 49
1761502426697 0.7977995872497559 0
