1761522942751 0.5322217345237732 0
1761522944005 0.5430374145507812 1
1761522944843 0.5430374145507812 2
1761522945660 0.5250112414360046 3
1761522946706 0.5430374145507812 4
1761522947751 0.5430374145507812 5
1761522948476 0.5430374145507812 6
1761522949636 0.5430374145507812 7
1761522950884 0.5272645354270935 8
1761522952102 0.5430374145507812 9
1761522953253 0.5430374145507812 10
1761522954183 0.5430374145507812 11
1761522955428 0.5430374145507812 12
1761522956639 0.534925639629364 13
1761522957843 0.5430374145507812 14
1761522959059 0.5430374145507812 15
1761522960282 0.5430374145507812 16
1761522961548 0.5430374145507812 17
1761522962626 0.5430374145507812 18
1761522963649 0.5380802154541016 19
1761522964786 0.5425867438316345 20
1761522966089 0.5439386963844299 21
1761522967002 0.5421360731124878 22
1761522967677 0.5475439429283142 23
1761522968684 0.5412347912788391 24
1761522969717 0.5457413196563721 25
1761522970754 0.5493465662002563 26
1761522971810 0.543488085269928 27
1761522972402 0.5461919903755188 28
1761522973144 0.5416854619979858 29
1761522973985 0.550247848033905 30
1761522974778 0.539432168006897 31
1761522976059 0.5538530945777893 32
1761522977238 0.5511491894721985 33
1761522978332 0.5511491894721985 34
1761522979385 0.554754376411438 35
1761522980488 0.5534024238586426 36
1761522981560 0.554303765296936 37
1761522982184 0.5511491894721985 38
1761522983241 0.554303765296936 39
1761522984219 0.5619648694992065 40
1761522985263 0.5574583411216736 41
1761522986308 0.558810293674469 42
1761522987482 0.5534024238586426 43
1761522988637 0.5497971773147583 44
1761522989756 0.5561063289642334 45
1761522990997 0.5525011420249939 46
1761522992187 0.5520504713058472 47
1761522993348 0.5682740211486816 48
1761522994383 0.554303765296936 49
1761522942751 0.5322217345237732 0
