1761522942751 0.93381667137146 0
1761522944005 0.9029543399810791 1
1761522944843 0.9067567586898804 2
1761522945660 0.9071562886238098 3
1761522946706 0.9045369029045105 4
1761522947751 0.9086775779724121 5
1761522948476 0.9026044607162476 6
1761522949636 0.903920590877533 7
1761522950884 0.9079105854034424 8
1761522952102 0.9009115099906921 9
1761522953253 0.9008271098136902 10
1761522954183 0.9043928980827332 11
1761522955428 0.9003922343254089 12
1761522956639 0.9023797512054443 13
1761522957843 0.9019345045089722 14
1761522959059 0.9012671709060669 15
1761522960282 0.9008965492248535 16
1761522961548 0.901046872138977 17
1761522962626 0.8980104327201843 18
1761522963649 0.9016591906547546 19
1761522964786 0.8992373943328857 20
1761522966089 0.8970967531204224 21
1761522967002 0.8943967223167419 22
1761522967677 0.894931435585022 23
1761522968684 0.8944264650344849 24
1761522969717 0.8930613398551941 25
1761522970754 0.8933181762695312 26
1761522971810 0.8911699056625366 27
1761522972402 0.8939757943153381 28
1761522973144 0.8944224119186401 29
1761522973985 0.8909491300582886 30
1761522974778 0.8924955129623413 31
1761522976059 0.8938087224960327 32
1761522977238 0.890228271484375 33
1761522978332 0.8924756050109863 34
1761522979385 0.8899659514427185 35
1761522980488 0.8916934132575989 36
1761522981560 0.8879864811897278 37
1761522982184 0.891905665397644 38
1761522983241 0.8893683552742004 39
1761522984219 0.8873616456985474 40
1761522985263 0.887231707572937 41
1761522986308 0.8887807726860046 42
1761522987482 0.8868337273597717 43
1761522988637 0.8861815333366394 44
1761522989756 0.8876550197601318 45
1761522990997 0.8876855373382568 46
1761522992187 0.8853848576545715 47
1761522993348 0.8854812383651733 48
1761522994383 0.8872816562652588 49
1761522942751 0.93381667137146 0
