1761499334487 0.465074360370636 0
1761499334789 0.5236592888832092 1
1761499335038 0.5385308861732483 2
1761499335260 0.5515998005867004 3
1761499335505 0.565570056438446 4
1761499335718 0.550247848033905 5
1761499335936 0.5615141987800598 6
1761499336207 0.5606129169464111 7
1761499336433 0.569625973701477 8
1761499336635 0.5772870779037476 9
1761499336847 0.5723298788070679 10
1761499337061 0.5822442770004272 11
1761499337281 0.5881027579307556 12
1761499337498 0.5980170965194702 13
1761499337705 0.6016223430633545 14
1761499337917 0.5935105681419373 15
1761499338139 0.5975664854049683 16
1761499338351 0.6160432696342468 17
1761499338572 0.6151419281959534 18
1761499338784 0.6101847887039185 19
1761499339009 0.6164939403533936 20
1761499339241 0.6187471747398376 21
1761499339563 0.6237043738365173 22
1761499339800 0.6322667598724365 23
1761499340012 0.628661572933197 24
1761499340227 0.6336187720298767 25
1761499340440 0.6385759115219116 26
1761499340654 0.6444344520568848 27
1761499340859 0.6493915915489197 28
1761499341068 0.657052755355835 29
1761499341272 0.6493915915489197 30
1761499341487 0.659305989742279 31
1761499341706 0.6552501320838928 32
1761499341911 0.648490309715271 33
1761499342128 0.6620098948478699 34
1761499342336 0.6552501320838928 35
1761499342550 0.6687697172164917 36
1761499342774 0.6656151413917542 37
1761499342987 0.6719242930412292 38
1761499343201 0.6773321032524109 39
1761499343410 0.6863452196121216 40
1761499343634 0.6800360679626465 41
1761499343849 0.6773321032524109 42
1761499344064 0.6962595582008362 43
1761499344276 0.683641254901886 44
1761499344490 0.6818386912345886 45
1761499344723 0.6989635229110718 46
1761499344941 0.6881478428840637 47
1761499345153 0.679134726524353 48
1761499345365 0.6899504065513611 49
1761499334487 0.465074360370636 0
