1761499334487 0.9700738787651062 0
1761499334789 0.9291859865188599 1
1761499335038 0.9178670048713684 2
1761499335260 0.9085507988929749 3
1761499335505 0.8997541666030884 4
1761499335718 0.8991037607192993 5
1761499335936 0.891609787940979 6
1761499336207 0.8900057673454285 7
1761499336433 0.8785901665687561 8
1761499336635 0.8796189427375793 9
1761499336847 0.8776110410690308 10
1761499337061 0.862876296043396 11
1761499337281 0.8627179265022278 12
1761499337498 0.8576797246932983 13
1761499337705 0.8510230779647827 14
1761499337917 0.849010705947876 15
1761499338139 0.8420321345329285 16
1761499338351 0.836765468120575 17
1761499338572 0.8280667066574097 18
1761499338784 0.8256818056106567 19
1761499339009 0.8251689672470093 20
1761499339241 0.8189211487770081 21
1761499339563 0.8115071654319763 22
1761499339800 0.8014865517616272 23
1761499340012 0.7988356351852417 24
1761499340227 0.7957666516304016 25
1761499340440 0.7939364314079285 26
1761499340654 0.782982349395752 27
1761499340859 0.7790273427963257 28
1761499341068 0.7705313563346863 29
1761499341272 0.7736733555793762 30
1761499341487 0.7651440501213074 31
1761499341706 0.7616438269615173 32
1761499341911 0.7589953541755676 33
1761499342128 0.7562275528907776 34
1761499342336 0.756645679473877 35
1761499342550 0.7392643094062805 36
1761499342774 0.7440766096115112 37
1761499342987 0.7316735982894897 38
1761499343201 0.734542727470398 39
1761499343410 0.7279551029205322 40
1761499343634 0.7225894331932068 41
1761499343849 0.7230954170227051 42
1761499344064 0.7142658233642578 43
1761499344276 0.7179590463638306 44
1761499344490 0.7144472002983093 45
1761499344723 0.7041588425636292 46
1761499344941 0.7020916938781738 47
1761499345153 0.7166810631752014 48
1761499345365 0.7044937610626221 49
1761499334487 0.9700738787651062 0
