1761595185790 0.40126240253448486 0
1761595186079 0.41749322414398193 1
1761595186430 0.43688008189201355 2
1761595186751 0.4495040476322174 3
1761595187009 0.459873765707016 4
1761595187232 0.47790801525115967 5
1761595187466 0.4887285828590393 6
1761595187766 0.49323713779449463 7
1761595188050 0.4851217269897461 8
1761595188308 0.491433709859848 9
1761595188546 0.49368801712989807 10
1761595188765 0.5081154108047485 11
1761595189015 0.5121731162071228 12
1761595189232 0.5202885270118713 13
1761595189446 0.5211902856826782 14
1761595189719 0.5279530882835388 15
1761595190039 0.5518485307693481 16
1761595190389 0.5414788126945496 17
1761595190649 0.548692524433136 18
1761595190897 0.5545536279678345 19
1761595191138 0.5581604838371277 20
1761595191353 0.564472496509552 21
1761595191563 0.5703336596488953 22
1761595191807 0.5649233460426331 23
1761595192019 0.5689810514450073 24
1761595192233 0.5807033181190491 25
1761595192442 0.5843101739883423 26
1761595192690 0.5897204875946045 27
1761595192937 0.5937781929969788 28
1761595193191 0.6005410552024841 29
1761595193434 0.5937781929969788 30
1761595193664 0.6023444533348083 31
1761595193934 0.6118124723434448 32
1761595194182 0.6104598641395569 33
1761595194408 0.6199278831481934 34
1761595194642 0.6253381371498108 35
1761595194889 0.6181244254112244 36
1761595195135 0.6095581650733948 37
1761595195352 0.6118124723434448 38
1761595195603 0.6208295822143555 39
1761595195835 0.6262398362159729 40
1761595196085 0.6375112533569336 41
1761595196360 0.628494143486023 42
1761595196594 0.6366095542907715 43
1761595196861 0.6456266641616821 44
1761595197093 0.6424707174301147 45
1761595197329 0.644274115562439 46
1761595197570 0.6483318209648132 47
1761595197788 0.6474301218986511 48
1761595198016 0.6587015390396118 49
1761595198259 0.6528403759002686 50
1761595198463 0.6546438336372375 51
1761595198693 0.6532912254333496 52
1761595198901 0.6636609435081482 53
1761595199114 0.6726781129837036 54
1761595199327 0.6546438336372375 55
1761595199539 0.6753832101821899 56
1761595199762 0.6812443733215332 57
1761595199975 0.675834059715271 58
1761595200263 0.6699729561805725 59
1761595200493 0.6690712571144104 60
1761595200701 0.6731289625167847 61
1761595200917 0.6898106336593628 62
1761595201168 0.6735798120498657 63
1761595201382 0.6893597841262817 64
1761595201642 0.6920649409294128 65
1761595201900 0.695220947265625 66
1761595202173 0.6848512291908264 67
1761595202407 0.6916140913963318 68
1761595202647 0.6875563859939575 69
1761595202884 0.6853020787239075 70
1761595203101 0.6916140913963318 71
1761595203353 0.6983768939971924 72
1761595203579 0.7051397562026978 73
1761595203891 0.6871054768562317 74
1761595204158 0.7042380571365356 75
1761595204471 0.6961226463317871 76
1761595204718 0.7073940634727478 77
1761595205039 0.7028855085372925 78
1761595205290 0.7128043174743652 79
1761595205520 0.709197461605072 80
1761595205737 0.7051397562026978 81
1761595205959 0.7096483111381531 82
1761595206191 0.7132551670074463 83
1761595206410 0.7069432139396667 84
1761595206655 0.7073940634727478 85
1761595206878 0.7078449130058289 86
1761595207108 0.7209197282791138 87
1761595207335 0.7227231860160828 88
1761595207568 0.7231740355491638 89
1761595207848 0.7150586247444153 90
1761595208198 0.7177637219429016 91
1761595208463 0.7321911454200745 92
1761595208705 0.7159603238105774 93
1761595208981 0.724526584148407 94
1761595209298 0.726780891418457 95
1761595209527 0.7177637219429016 96
1761595209744 0.7317402958869934 97
1761595209988 0.7227231860160828 98
1761595210230 0.7258791923522949 99
1761595185790 0.40126240253448486 0
