1761595185790 1.0856142044067383 0
1761595186079 1.0686761140823364 1
1761595186430 1.0580195188522339 2
1761595186751 1.0471453666687012 3
1761595187009 1.0373244285583496 4
1761595187232 1.0320618152618408 5
1761595187466 1.0223785638809204 6
1761595187766 1.0214213132858276 7
1761595188050 1.0148067474365234 8
1761595188308 1.0080469846725464 9
1761595188546 1.0061181783676147 10
1761595188765 0.9961063265800476 11
1761595189015 0.9891213178634644 12
1761595189232 0.9915720820426941 13
1761595189446 0.9863620400428772 14
1761595189719 0.9720843434333801 15
1761595190039 0.96291184425354 16
1761595190389 0.9616668224334717 17
1761595190649 0.9512268304824829 18
1761595190897 0.9503983855247498 19
1761595191138 0.9416422247886658 20
1761595191353 0.9374070763587952 21
1761595191563 0.9289568662643433 22
1761595191807 0.9271411895751953 23
1761595192019 0.9193616509437561 24
1761595192233 0.9073708653450012 25
1761595192442 0.9059113264083862 26
1761595192690 0.8973825573921204 27
1761595192937 0.8936086297035217 28
1761595193191 0.8856695294380188 29
1761595193434 0.8786649107933044 30
1761595193664 0.8837648034095764 31
1761595193934 0.8680228590965271 32
1761595194182 0.866870641708374 33
1761595194408 0.8550118207931519 34
1761595194642 0.8508356809616089 35
1761595194889 0.8453403115272522 36
1761595195135 0.8482682704925537 37
1761595195352 0.8451862335205078 38
1761595195603 0.8391218185424805 39
1761595195835 0.8277673125267029 40
1761595196085 0.8228638768196106 41
1761595196360 0.8257514238357544 42
1761595196594 0.8223344683647156 43
1761595196861 0.8114740252494812 44
1761595197093 0.80343097448349 45
1761595197329 0.7977637648582458 46
1761595197570 0.7979761958122253 47
1761595197788 0.7948217391967773 48
1761595198016 0.7882630228996277 49
1761595198259 0.7874318361282349 50
1761595198463 0.7835492491722107 51
1761595198693 0.7823081612586975 52
1761595198901 0.7836594581604004 53
1761595199114 0.7664310932159424 54
1761595199327 0.7750130295753479 55
1761595199539 0.7638876438140869 56
1761595199762 0.7565129399299622 57
1761595199975 0.7556110620498657 58
1761595200263 0.754298746585846 59
1761595200493 0.7528554797172546 60
1761595200701 0.7528796195983887 61
1761595200917 0.7354220747947693 62
1761595201168 0.7453097105026245 63
1761595201382 0.7404027581214905 64
1761595201642 0.7301660776138306 65
1761595201900 0.7248443961143494 66
1761595202173 0.7266250848770142 67
1761595202407 0.7292974591255188 68
1761595202647 0.7259683609008789 69
1761595202884 0.7234269976615906 70
1761595203101 0.7152261137962341 71
1761595203353 0.7128896117210388 72
1761595203579 0.7039812803268433 73
1761595203891 0.7118091583251953 74
1761595204158 0.6954911947250366 75
1761595204471 0.7007901668548584 76
1761595204718 0.7012306451797485 77
1761595205039 0.696392297744751 78
1761595205290 0.6889586448669434 79
1761595205520 0.6925927400588989 80
1761595205737 0.6873935461044312 81
1761595205959 0.6860277652740479 82
1761595206191 0.6793591976165771 83
1761595206410 0.6820893883705139 84
1761595206655 0.6928470134735107 85
1761595206878 0.6718086004257202 86
1761595207108 0.6698449850082397 87
1761595207335 0.6628032326698303 88
1761595207568 0.6618311405181885 89
1761595207848 0.6672290563583374 90
1761595208198 0.6594364643096924 91
1761595208463 0.6526166796684265 92
1761595208705 0.6605586409568787 93
1761595208981 0.6545343995094299 94
1761595209298 0.6493061780929565 95
1761595209527 0.6510368585586548 96
1761595209744 0.6495658159255981 97
1761595209988 0.6483016014099121 98
1761595210230 0.6460527777671814 99
1761595185790 1.0856142044067383 0
