1761607194262 0.3787195682525635 0
1761607194841 0.3674481511116028 1
1761607195407 0.38007214665412903 2
1761607195959 0.3719567060470581 3
1761607196485 0.39945897459983826 4
1761607197007 0.3963029682636261 5
1761607197546 0.37917041778564453 6
1761607198073 0.39945897459983826 7
1761607198643 0.3999098241329193 8
1761607199153 0.40532010793685913 9
1761607199679 0.39404869079589844 10
1761607200233 0.4035166800022125 11
1761607200792 0.3963029682636261 12
1761607201304 0.40622180700302124 13
1761607201840 0.4084761142730713 14
1761607202369 0.4102795422077179 15
1761607202892 0.40036067366600037 16
1761607203442 0.4138863980770111 17
1761607203976 0.4066726863384247 18
1761607204503 0.4147880971431732 19
1761607205015 0.42290350794792175 20
1761607205528 0.41073039174079895 21
1761607206049 0.39224526286125183 22
1761607206606 0.4129846692085266 23
1761607207143 0.41343551874160767 24
1761607207689 0.4075743854045868 25
1761607208222 0.40306583046913147 26
1761607208772 0.4066726863384247 27
1761607209304 0.419747531414032 28
1761607209820 0.4170423746109009 29
1761607210383 0.40982866287231445 30
1761607210901 0.4152389466762543 31
1761607211441 0.40532010793685913 32
1761607211964 0.40802523493766785 33
1761607212496 0.42651036381721497 34
1761607213010 0.40892696380615234 35
1761607213569 0.41749322414398193 36
1761607214114 0.40802523493766785 37
1761607214637 0.4147880971431732 38
1761607215149 0.4310189485549927 39
1761607215672 0.4251577854156494 40
1761607216189 0.4382326304912567 41
1761607216733 0.44634807109832764 42
1761607217277 0.44364291429519653 43
1761607217785 0.4427412152290344 44
1761607218315 0.44544634222984314 45
1761607218830 0.4477006196975708 46
1761607219371 0.4801623225212097 47
1761607219907 0.47880974411964417 48
1761607220461 0.47610458731651306 49
1761607194262 0.3787195682525635 0
