1761605226942 0.4188458025455475 0
1761605227627 0.404418408870697 1
1761605228244 0.4084761142730713 2
1761605228783 0.40712353587150574 3
1761605229353 0.426961213350296 4
1761605229873 0.4156897962093353 5
1761605230419 0.4260595142841339 6
1761605230949 0.4242560863494873 7
1761605231481 0.41839495301246643 8
1761605232009 0.4382326304912567 9
1761605232542 0.43237149715423584 10
1761605233066 0.4337240755558014 11
1761605233607 0.44454464316368103 12
1761605234142 0.4467989206314087 13
1761605234684 0.4400360584259033 14
1761605235221 0.4418394863605499 15
1761605235790 0.4373309314250946 16
1761605236396 0.4440937638282776 17
1761605236965 0.44454464316368103 18
1761605237489 0.4418394863605499 19
1761605238018 0.44634807109832764 20
1761605238571 0.4418394863605499 21
1761605239127 0.4427412152290344 22
1761605239690 0.4427412152290344 23
1761605240258 0.4467989206314087 24
1761605240836 0.44229036569595337 25
1761605241422 0.4562669098377228 26
1761605241955 0.44454464316368103 27
1761605242477 0.4477006196975708 28
1761605243020 0.44995492696762085 29
1761605243574 0.4522092044353485 30
1761605244121 0.44048693776130676 31
1761605244667 0.4495040476322174 32
1761605245219 0.4549143314361572 33
1761605245770 0.44634807109832764 34
1761605246301 0.4449954926967621 35
1761605246819 0.4431920647621155 36
1761605247336 0.4540126323699951 37
1761605247898 0.4535617530345917 38
1761605248474 0.43688008189201355 39
1761605249057 0.4427412152290344 40
1761605249586 0.4467989206314087 41
1761605250167 0.44815149903297424 42
1761605250708 0.4449954926967621 43
1761605251274 0.4467989206314087 44
1761605251817 0.45085662603378296 45
1761605252380 0.44724977016448975 46
1761605252940 0.4400360584259033 47
1761605253500 0.4486023485660553 48
1761605254052 0.4495040476322174 49
1761605226942 0.4188458025455475 0
