1761607626087 0.983399510383606 0
1761607626454 0.9458082914352417 1
1761607626797 0.9432231187820435 2
1761607627163 0.9499607682228088 3
1761607627507 0.9493158459663391 4
1761607627883 0.9466811418533325 5
1761607628226 0.9447041153907776 6
1761607628567 0.9469010829925537 7
1761607628938 0.9442251920700073 8
1761607629275 0.9434072375297546 9
1761607629611 0.9429144859313965 10
1761607629984 0.9407795071601868 11
1761607630329 0.9466362595558167 12
1761607630666 0.9422639608383179 13
1761607631007 0.9388720393180847 14
1761607631379 0.9393488764762878 15
1761607631704 0.9363200068473816 16
1761607632046 0.9365032911300659 17
1761607632385 0.9385821223258972 18
1761607632722 0.9362560510635376 19
1761607633114 0.937833845615387 20
1761607633456 0.9371455907821655 21
1761607633795 0.9352024793624878 22
1761607634161 0.9357872605323792 23
1761607634503 0.9325653314590454 24
1761607634844 0.9331589937210083 25
1761607635216 0.9330120086669922 26
1761607635561 0.9312564730644226 27
1761607635904 0.9309089779853821 28
1761607636242 0.932168185710907 29
1761607636579 0.9300143122673035 30
1761607636919 0.9319061040878296 31
1761607637256 0.9298579096794128 32
1761607637594 0.9284865260124207 33
1761607637933 0.9237592220306396 34
1761607638274 0.9257069230079651 35
1761607638608 0.9234205484390259 36
1761607638945 0.9193796515464783 37
1761607639284 0.9187448620796204 38
1761607639633 0.9149797558784485 39
1761607639978 0.915790319442749 40
1761607640322 0.9123575687408447 41
1761607640660 0.9095512628555298 42
1761607640996 0.9097580313682556 43
1761607641336 0.908045768737793 44
1761607641673 0.9074654579162598 45
1761607642009 0.9070844650268555 46
1761607642350 0.9073551297187805 47
1761607642688 0.9061971306800842 48
1761607643026 0.9017602801322937 49
1761607626087 0.983399510383606 0
