1761598766294 0.9737597107887268 0
1761598767304 0.9432581067085266 1
1761598768198 0.9443657398223877 2
1761598769091 0.9482116103172302 3
1761598770019 0.9392738342285156 4
1761598770958 0.9288663864135742 5
1761598771842 0.9304131269454956 6
1761598772730 0.9231940507888794 7
1761598773610 0.9134991765022278 8
1761598774472 0.9080129861831665 9
1761598775337 0.9074345231056213 10
1761598776219 0.8966589570045471 11
1761598777081 0.8929908871650696 12
1761598777957 0.9017815589904785 13
1761598778825 0.8848026990890503 14
1761598779701 0.8751873970031738 15
1761598780571 0.8698606491088867 16
1761598781557 0.8640755414962769 17
1761598782506 0.8621394634246826 18
1761598783673 0.8424596190452576 19
1761598785117 0.8493165373802185 20
1761598786128 0.8264843821525574 21
1761598787209 0.8319177031517029 22
1761598788145 0.8071472644805908 23
1761598789093 0.8073593378067017 24
1761598789998 0.7910991311073303 25
1761598790923 0.7684515118598938 26
1761598791826 0.7690708041191101 27
1761598792695 0.7571617960929871 28
1761598793573 0.7443666458129883 29
1761598794457 0.7260628342628479 30
1761598795384 0.7201098203659058 31
1761598796305 0.7171280384063721 32
1761598797234 0.7072118520736694 33
1761598798203 0.6832476258277893 34
1761598799144 0.6799534559249878 35
1761598800053 0.6501069068908691 36
1761598800972 0.6420478224754333 37
1761598801970 0.6170006394386292 38
1761598802986 0.6051335334777832 39
1761598804124 0.5980267524719238 40
1761598805155 0.5947568416595459 41
1761598806155 0.5827198028564453 42
1761598807066 0.5618997812271118 43
1761598807972 0.5485134720802307 44
1761598808946 0.5343772172927856 45
1761598809877 0.5088076591491699 46
1761598810816 0.5120057463645935 47
1761598811834 0.5054161548614502 48
1761598813007 0.47952181100845337 49
1761598766294 0.9737597107887268 0
