1761464155999 0.45606130361557007 0
1761464156472 0.44794952869415283 1
1761464156897 0.46191978454589844 2
1761464157353 0.43533122539520264 3
1761464157770 0.4668769836425781 4
1761464158194 0.460567831993103 5
1761464158637 0.4538080096244812 6
1761464159120 0.4447949528694153 7
1761464159569 0.4461469054222107 8
1761464160000 0.4668769836425781 9
1761464160434 0.4461469054222107 10
1761464160900 0.4425416886806488 11
1761464161339 0.4465975761413574 12
1761464161783 0.45200541615486145 13
1761464162235 0.4628210961818695 14
1761464162675 0.4488508403301239 15
1761464163124 0.45470932126045227 16
1761464163556 0.4484001696109772 17
1761464163997 0.4411897361278534 18
1761464164444 0.4484001696109772 19
1761464164851 0.45335736870765686 20
1761464165323 0.4574132561683655 21
1761464165772 0.4515547454357147 22
1761464166210 0.4524560570716858 23
1761464166689 0.4362325370311737 24
1761464167082 0.4601171612739563 25
1761464167527 0.455159991979599 26
1761464167982 0.4628210961818695 27
1761464168406 0.4529067277908325 28
1761464168834 0.45335736870765686 29
1761464169271 0.46732762455940247 30
1761464169709 0.465074360370636 31
1761464170164 0.4484001696109772 32
1761464170615 0.45696258544921875 33
1761464171046 0.45831456780433655 34
1761464171484 0.47048220038414 35
1761464171888 0.4790446162223816 36
1761464172303 0.47048220038414 37
1761464172737 0.45470932126045227 38
1761464173172 0.47318610548973083 39
1761464173625 0.47363677620887756 40
1761464174019 0.4740874171257019 41
1761464174448 0.4713835120201111 42
1761464174850 0.47724199295043945 43
1761464175272 0.480396568775177 44
1761464175693 0.4686795771121979 45
1761464176132 0.4790446162223816 46
1761464176554 0.48084723949432373 47
1761464176960 0.4776926636695862 48
1761464177380 0.48760703206062317 49
1761464155999 0.45606130361557007 0
