1761464155999 0.9640404582023621 0
1761464156472 0.9656047821044922 1
1761464156897 0.9561055302619934 2
1761464157353 0.9574612379074097 3
1761464157770 0.956074595451355 4
1761464158194 0.958134651184082 5
1761464158637 0.9571809768676758 6
1761464159120 0.9556808471679688 7
1761464159569 0.9596400260925293 8
1761464160000 0.9596720337867737 9
1761464160434 0.955308735370636 10
1761464160900 0.9550796747207642 11
1761464161339 0.960040271282196 12
1761464161783 0.9546781778335571 13
1761464162235 0.9550017714500427 14
1761464162675 0.954835057258606 15
1761464163124 0.9547011852264404 16
1761464163556 0.9540855288505554 17
1761464163997 0.9585396647453308 18
1761464164444 0.9543173313140869 19
1761464164851 0.9556654095649719 20
1761464165323 0.9553684592247009 21
1761464165772 0.9525020718574524 22
1761464166210 0.9541575908660889 23
1761464166689 0.9532022476196289 24
1761464167082 0.9520096778869629 25
1761464167527 0.9524478316307068 26
1761464167982 0.9512153267860413 27
1761464168406 0.9508206844329834 28
1761464168834 0.9518280625343323 29
1761464169271 0.9496543407440186 30
1761464169709 0.9505404829978943 31
1761464170164 0.95478755235672 32
1761464170615 0.9505839943885803 33
1761464171046 0.9510718584060669 34
1761464171484 0.9506106376647949 35
1761464171888 0.948975145816803 36
1761464172303 0.9512081742286682 37
1761464172737 0.9525269269943237 38
1761464173172 0.9486665725708008 39
1761464173625 0.9482405185699463 40
1761464174019 0.9478548169136047 41
1761464174448 0.9472886323928833 42
1761464174850 0.9476791024208069 43
1761464175272 0.9473227262496948 44
1761464175693 0.9502079486846924 45
1761464176132 0.9486985802650452 46
1761464176554 0.9469678997993469 47
1761464176960 0.945304274559021 48
1761464177380 0.9443416595458984 49
1761464155999 0.9640404582023621 0
