1761608750314 0.45266005396842957 0
1761608750556 0.4851217269897461 1
1761608750775 0.5211902856826782 2
1761608750989 0.5432822108268738 3
1761608751227 0.5432822108268738 4
1761608751462 0.5522993803024292 5
1761608751694 0.5577096343040466 6
1761608751906 0.5617673397064209 7
1761608752127 0.580252468585968 8
1761608752356 0.5770964622497559 9
1761608752579 0.5852118730545044 10
1761608752807 0.6036970019340515 11
1761608753029 0.6036970019340515 12
1761608753240 0.6100090146064758 13
1761608753451 0.613165020942688 14
1761608753671 0.6185752749443054 15
1761608753886 0.6050496101379395 16
1761608754095 0.6253381371498108 17
1761608754306 0.6316501498222351 18
1761608754519 0.6262398362159729 19
1761608754730 0.6406672596931458 20
1761608754967 0.6393147110939026 21
1761608755203 0.6528403759002686 22
1761608755410 0.6483318209648132 23
1761608755629 0.6496844291687012 24
1761608755852 0.6496844291687012 25
1761608756066 0.6614066958427429 26
1761608756278 0.6559963822364807 27
1761608756486 0.6632100939750671 28
1761608756692 0.6681694984436035 29
1761608756920 0.6717763543128967 30
1761608757144 0.6713255047798157 31
1761608757372 0.6735798120498657 32
1761608757595 0.6726781129837036 33
1761608757809 0.6821460723876953 34
1761608758018 0.6803426742553711 35
1761608758229 0.6938683390617371 36
1761608758445 0.6875563859939575 37
1761608758671 0.6889089345932007 38
1761608758910 0.691163182258606 39
1761608759128 0.691163182258606 40
1761608759337 0.6947700381278992 41
1761608759546 0.7069432139396667 42
1761608759772 0.7006312012672424 43
1761608759994 0.7024345993995667 44
1761608760222 0.7096483111381531 45
1761608760446 0.6961226463317871 46
1761608760681 0.7064923644065857 47
1761608760908 0.7123534679412842 48
1761608761130 0.6988277435302734 49
1761608750314 0.45266005396842957 0
