1761602056146 0.4815148711204529 0
1761602057127 0.4774571657180786 1
1761602058091 0.4887285828590393 2
1761602059046 0.49323713779449463 3
1761602059966 0.49864742159843445 4
1761602060928 0.5018033981323242 5
1761602061853 0.5049594044685364 6
1761602062816 0.5099188685417175 7
1761602063724 0.53291255235672 8
1761602064676 0.5419296622276306 9
1761602065618 0.5450856685638428 10
1761602066552 0.5527502298355103 11
1761602067512 0.5617673397064209 12
1761602068458 0.5586113333702087 13
1761602069402 0.5788999199867249 14
1761602070334 0.5888187289237976 15
1761602071293 0.5834084749221802 16
1761602072243 0.6109107136726379 17
1761602073170 0.6005410552024841 18
1761602074101 0.6208295822143555 19
1761602075068 0.6086564660072327 20
1761602076059 0.6366095542907715 21
1761602077034 0.6302975416183472 22
1761602078013 0.644274115562439 23
1761602078972 0.6339043974876404 24
1761602079913 0.6546438336372375 25
1761602080881 0.646528422832489 26
1761602081810 0.6708746552467346 27
1761602082721 0.661857545375824 28
1761602083682 0.6753832101821899 29
1761602084617 0.67763751745224 30
1761602085551 0.6871054768562317 31
1761602086460 0.6893597841262817 32
1761602087458 0.695220947265625 33
1761602088524 0.7096483111381531 34
1761602089549 0.724526584148407 35
1761602090558 0.726330041885376 36
1761602091564 0.7200180292129517 37
1761602092554 0.7389540076255798 38
1761602093584 0.7466185688972473 39
1761602094609 0.7389540076255798 40
1761602095626 0.757889986038208 41
1761602096548 0.7642019987106323 42
1761602097544 0.7682597041130066 43
1761602098590 0.7660053968429565 44
1761602099777 0.7790802717208862 45
1761602100755 0.7957619428634644 46
1761602101678 0.7831379771232605 47
1761602102597 0.8002704977989197 48
1761602103521 0.790802538394928 49
1761602056146 0.4815148711204529 0
