1761602056146 1.0272246599197388 0
1761602057127 1.0125600099563599 1
1761602058091 1.0084388256072998 2
1761602059046 1.0068519115447998 3
1761602059966 0.9957033395767212 4
1761602060928 0.9944424629211426 5
1761602061853 0.9852524995803833 6
1761602062816 0.9877958297729492 7
1761602063724 0.9739306569099426 8
1761602064676 0.9637212157249451 9
1761602065618 0.95610111951828 10
1761602066552 0.9467688798904419 11
1761602067512 0.9311048984527588 12
1761602068458 0.9245861768722534 13
1761602069402 0.9141067266464233 14
1761602070334 0.9106400012969971 15
1761602071293 0.8946395516395569 16
1761602072243 0.8665661215782166 17
1761602073170 0.8800962567329407 18
1761602074101 0.8505618572235107 19
1761602075068 0.8544109463691711 20
1761602076059 0.8280126452445984 21
1761602077034 0.8237112164497375 22
1761602078013 0.7965267896652222 23
1761602078972 0.7935611605644226 24
1761602079913 0.7727088928222656 25
1761602080881 0.7803271412849426 26
1761602081810 0.7540806531906128 27
1761602082721 0.7547338008880615 28
1761602083682 0.7287680506706238 29
1761602084617 0.7137944102287292 30
1761602085551 0.7045873403549194 31
1761602086460 0.7086345553398132 32
1761602087458 0.6774367094039917 33
1761602088524 0.6572661995887756 34
1761602089549 0.6257670521736145 35
1761602090558 0.6270079612731934 36
1761602091564 0.6323882937431335 37
1761602092554 0.6040414571762085 38
1761602093584 0.5824787616729736 39
1761602094609 0.5810773968696594 40
1761602095626 0.5646728873252869 41
1761602096548 0.5342448353767395 42
1761602097544 0.5429437756538391 43
1761602098590 0.5281907320022583 44
1761602099777 0.5091362595558167 45
1761602100755 0.47470468282699585 46
1761602101678 0.4793195426464081 47
1761602102597 0.4643413722515106 48
1761602103521 0.47315824031829834 49
1761602056146 1.0272246599197388 0
