1761617397907 0.4431920647621155 0
1761617399631 0.466636598110199 1
1761617401300 0.46573489904403687 2
1761617402846 0.47880974411964417 3
1761617404455 0.468890905380249 4
1761617407218 0.4945897161960602 5
1761617408751 0.47339946031570435 6
1761617410376 0.4810640215873718 7
1761617411945 0.4815148711204529 8
1761617413560 0.4945897161960602 9
1761617414476 0.4801623225212097 10
1761617416131 0.4711451828479767 11
1761617417631 0.4945897161960602 12
1761617418929 0.4945897161960602 13
1761617420382 0.4945897161960602 14
1761617421606 0.4945897161960602 15
1761617423032 0.4945897161960602 16
1761617424384 0.4887285828590393 17
1761617425719 0.49323713779449463 18
1761617427122 0.48917943239212036 19
1761617428772 0.48557257652282715 20
1761617430246 0.49368801712989807 21
1761617431817 0.4896303117275238 22
1761617433346 0.49864742159843445 23
1761617434790 0.4954914450645447 24
1761617436334 0.4990983009338379 25
1761617437760 0.5 26
1761617439232 0.5099188685417175 27
1761617440698 0.5036068558692932 28
1761617442130 0.5027051568031311 29
1761617443595 0.5063120126724243 30
1761617445051 0.5072137117385864 31
1761617446667 0.5018033981323242 32
1761617448199 0.5207393765449524 33
1761617449627 0.5090171098709106 34
1761617451052 0.517132580280304 35
1761617452484 0.5184851288795471 36
1761617454106 0.5284039378166199 37
1761617455547 0.5423805117607117 38
1761617457004 0.5238953828811646 39
1761617458357 0.5320107936859131 40
1761617459868 0.5297565460205078 41
1761617461419 0.549143373966217 42
1761617462910 0.5387736558914185 43
1761617464540 0.5545536279678345 44
1761617465952 0.5631199479103088 45
1761617467337 0.5631199479103088 46
1761617468890 0.5725879073143005 47
1761617470439 0.5707845091819763 48
1761617471965 0.5879170298576355 49
1761617397907 0.4431920647621155 0
