1761617397907 1.0098611116409302 0
1761617399631 0.9960951805114746 1
1761617401300 0.9926664233207703 2
1761617402846 0.9924997687339783 3
1761617404455 0.9913890361785889 4
1761617407218 0.9865938425064087 5
1761617408751 0.9870210289955139 6
1761617410376 0.9888879656791687 7
1761617411945 0.9832429885864258 8
1761617413560 0.9884962439537048 9
1761617414476 0.9885770082473755 10
1761617416131 0.9888769388198853 11
1761617417631 0.982877254486084 12
1761617418929 0.9833651781082153 13
1761617420382 0.9825640916824341 14
1761617421606 0.9819808006286621 15
1761617423032 0.9839567542076111 16
1761617424384 0.9807144403457642 17
1761617425719 0.9835537672042847 18
1761617427122 0.9829955697059631 19
1761617428772 0.9821833372116089 20
1761617430246 0.9791340231895447 21
1761617431817 0.9797091484069824 22
1761617433346 0.9769102334976196 23
1761617434790 0.974553108215332 24
1761617436334 0.9747285842895508 25
1761617437760 0.9742596745491028 26
1761617439232 0.9704925417900085 27
1761617440698 0.9714529514312744 28
1761617442130 0.9687206149101257 29
1761617443595 0.9665891528129578 30
1761617445051 0.9680302143096924 31
1761617446667 0.9681309461593628 32
1761617448199 0.9652721285820007 33
1761617449627 0.9630919694900513 34
1761617451052 0.961914598941803 35
1761617452484 0.9585517048835754 36
1761617454106 0.9567053318023682 37
1761617455547 0.9510151147842407 38
1761617457004 0.9479096531867981 39
1761617458357 0.9438714385032654 40
1761617459868 0.9443502426147461 41
1761617461419 0.9371362924575806 42
1761617462910 0.941027045249939 43
1761617464540 0.9272562265396118 44
1761617465952 0.9218326210975647 45
1761617467337 0.9187757968902588 46
1761617468890 0.9145001173019409 47
1761617470439 0.9155170917510986 48
1761617471965 0.907581090927124 49
1761617397907 1.0098611116409302 0
