1761495837785 1.078332781791687 0
1761495838798 1.0530517101287842 1
1761495839698 1.0554451942443848 2
1761495840339 1.0409789085388184 3
1761495841383 1.0365192890167236 4
1761495842266 1.0364525318145752 5
1761495842830 1.0202534198760986 6
1761495843399 1.0162543058395386 7
1761495844097 1.0143511295318604 8
1761495844733 1.0065938234329224 9
1761495845522 0.9963359236717224 10
1761495846699 0.9922763109207153 11
1761495847780 0.9887063503265381 12
1761495848589 0.9768359065055847 13
1761495849717 0.9699756503105164 14
1761495850867 0.964855968952179 15
1761495851846 0.9754197001457214 16
1761495853008 0.958244800567627 17
1761495854063 0.9594675898551941 18
1761495854753 0.9299201965332031 19
1761495855390 0.9297635555267334 20
1761495856258 0.9258590340614319 21
1761495857242 0.9138870239257812 22
1761495858250 0.8954013586044312 23
1761495859300 0.9132193326950073 24
1761495860344 0.8934322595596313 25
1761495860973 0.8873187899589539 26
1761495861927 0.8660038709640503 27
1761495862929 0.8581862449645996 28
1761495863864 0.8629805445671082 29
1761495865029 0.8507809638977051 30
1761495866217 0.8450049757957458 31
1761495867055 0.8293623924255371 32
1761495868036 0.83449786901474 33
1761495869019 0.8330840468406677 34
1761495869810 0.8105193972587585 35
1761495870838 0.8027048707008362 36
1761495872025 0.7902237772941589 37
1761495872839 0.7903998494148254 38
1761495874071 0.7788724899291992 39
1761495875190 0.782758355140686 40
1761495876274 0.7438852787017822 41
1761495877249 0.7761550545692444 42
1761495878327 0.7535884976387024 43
1761495879152 0.7551454305648804 44
1761495880215 0.7336174249649048 45
1761495881428 0.7320145964622498 46
1761495882537 0.7349490523338318 47
1761495883634 0.7026320695877075 48
1761495884732 0.6989606022834778 49
1761495837785 1.078332781791687 0
