1761465081369 0.38756197690963745 0
1761465081635 0.44794952869415283 1
1761465081900 0.4677782654762268 2
1761465082129 0.46597567200660706 3
1761465082441 0.4776926636695862 4
1761465082670 0.4880576729774475 5
1761465082896 0.5083370804786682 6
1761465083121 0.5038305521011353 7
1761465083341 0.5056331753730774 8
1761465083555 0.5114916563034058 9
1761465083780 0.5209553837776184 10
1761465084006 0.524109959602356 11
1761465084233 0.5389814972877502 12
1761465084454 0.5362775921821594 13
1761465084676 0.5358269214630127 14
1761465084899 0.558810293674469 15
1761465085125 0.5525011420249939 16
1761465085355 0.5565569996833801 17
1761465085584 0.5461919903755188 18
1761465085808 0.5637674331665039 19
1761465086032 0.5642181038856506 20
1761465086262 0.5669220089912415 21
1761465086487 0.5790897011756897 22
1761465086715 0.5817936062812805 23
1761465086940 0.5718792080879211 24
1761465087161 0.5840468406677246 25
1761465087384 0.5772870779037476 26
1761465087607 0.5840468406677246 27
1761465087831 0.5867508053779602 28
1761465088055 0.5921586155891418 29
1761465088283 0.5971158146858215 30
1761465088500 0.6016223430633545 31
1761465088719 0.5872014164924622 32
1761465088947 0.593961238861084 33
1761465089170 0.602523684501648 34
1761465089392 0.608832836151123 35
1761465089621 0.6124380230903625 36
1761465089845 0.6110860705375671 37
1761465090071 0.6056782603263855 38
1761465090298 0.6191978454589844 39
1761465090522 0.6219017505645752 40
1761465090751 0.6196485161781311 41
1761465090977 0.6228030920028687 42
1761465091199 0.6210004687309265 43
1761465091423 0.6160432696342468 44
1761465091651 0.629112184047699 45
1761465091870 0.6250563263893127 46
1761465092097 0.6264082789421082 47
1761465092325 0.6304641962051392 48
1761465092545 0.6313654780387878 49
1761465081369 0.38756197690963745 0
