1761465081369 1.0580329895019531 0
1761465081635 1.0428696870803833 1
1761465081900 1.0339176654815674 2
1761465082129 1.0275934934616089 3
1761465082441 1.0226953029632568 4
1761465082670 1.0152806043624878 5
1761465082896 1.0068687200546265 6
1761465083121 1.0048624277114868 7
1761465083341 1.0000706911087036 8
1761465083555 0.9894055724143982 9
1761465083780 0.9852076768875122 10
1761465084006 0.9807737469673157 11
1761465084233 0.9739705920219421 12
1761465084454 0.9725353121757507 13
1761465084676 0.9635756015777588 14
1761465084899 0.9531002640724182 15
1761465085125 0.9498619437217712 16
1761465085355 0.9452775120735168 17
1761465085584 0.9383891820907593 18
1761465085808 0.933462381362915 19
1761465086032 0.9322438836097717 20
1761465086262 0.9243823289871216 21
1761465086487 0.9211333394050598 22
1761465086715 0.9138890504837036 23
1761465086940 0.9155653715133667 24
1761465087161 0.9057076573371887 25
1761465087384 0.9028291702270508 26
1761465087607 0.9041115045547485 27
1761465087831 0.894689679145813 28
1761465088055 0.888615071773529 29
1761465088283 0.8828327655792236 30
1761465088500 0.8848007321357727 31
1761465088719 0.8831045031547546 32
1761465088947 0.8736947178840637 33
1761465089170 0.8678163290023804 34
1761465089392 0.8620033860206604 35
1761465089621 0.8567495346069336 36
1761465089845 0.8493207097053528 37
1761465090071 0.8543896079063416 38
1761465090298 0.849417507648468 39
1761465090522 0.8467128276824951 40
1761465090751 0.8413329124450684 41
1761465090977 0.8386274576187134 42
1761465091199 0.8353403806686401 43
1761465091423 0.8291178345680237 44
1761465091651 0.8254005312919617 45
1761465091870 0.827899694442749 46
1761465092097 0.8233794569969177 47
1761465092325 0.8193559646606445 48
1761465092545 0.8142171502113342 49
1761465081369 1.0580329895019531 0
