1761605389826 0.40982866287231445 0
1761605390157 0.43868350982666016 1
1761605390453 0.43958520889282227 2
1761605390739 0.43146979808807373 3
1761605391074 0.44048693776130676 4
1761605391409 0.4391343593597412 5
1761605391803 0.44724977016448975 6
1761605392235 0.451307475566864 7
1761605392685 0.4562669098377228 8
1761605393065 0.44995492696762085 9
1761605393566 0.4643823206424713 10
1761605393954 0.46483317017555237 11
1761605394341 0.4679891765117645 12
1761605394639 0.4711451828479767 13
1761605394985 0.4765554666519165 14
1761605395312 0.4738503098487854 15
1761605395638 0.48557257652282715 16
1761605395997 0.49098286032676697 17
1761605396346 0.48376914858818054 18
1761605396692 0.5049594044685364 19
1761605396986 0.5009016990661621 20
1761605397288 0.5135257244110107 21
1761605397621 0.5148782730102539 22
1761605397903 0.5058611631393433 23
1761605398199 0.5211902856826782 24
1761605398481 0.5166816711425781 25
1761605398779 0.531559944152832 26
1761605399081 0.5383228063583374 27
1761605399409 0.5270513892173767 28
1761605399718 0.5320107936859131 29
1761605400026 0.5428313612937927 30
1761605400332 0.5284039378166199 31
1761605400645 0.5513976812362671 32
1761605400983 0.5455365180969238 33
1761605401305 0.5577096343040466 34
1761605401610 0.5685302019119263 35
1761605401897 0.5613164901733398 36
1761605402189 0.5527502298355103 37
1761605402486 0.5784490704536438 38
1761605402773 0.5775473117828369 39
1761605403104 0.5689810514450073 40
1761605403421 0.5775473117828369 41
1761605403715 0.5712353587150574 42
1761605404002 0.5811541676521301 43
1761605404288 0.5870153307914734 44
1761605404575 0.5874661803245544 45
1761605404867 0.6027953028678894 46
1761605405156 0.6104598641395569 47
1761605405439 0.613165020942688 48
1761605405743 0.6257889866828918 49
1761605389826 0.40982866287231445 0
