1761605389826 1.1068639755249023 0
1761605390157 1.0615133047103882 1
1761605390453 1.0571550130844116 2
1761605390739 1.058335542678833 3
1761605391074 1.0542463064193726 4
1761605391409 1.0529491901397705 5
1761605391803 1.0473002195358276 6
1761605392235 1.0448822975158691 7
1761605392685 1.0494133234024048 8
1761605393065 1.0357259511947632 9
1761605393566 1.034678339958191 10
1761605393954 1.025333285331726 11
1761605394341 1.0325546264648438 12
1761605394639 1.020617127418518 13
1761605394985 1.014002799987793 14
1761605395312 1.0121119022369385 15
1761605395638 1.008418083190918 16
1761605395997 1.0013420581817627 17
1761605396346 1.0018317699432373 18
1761605396692 0.9898729920387268 19
1761605396986 0.9959255456924438 20
1761605397288 0.9815472364425659 21
1761605397621 0.9804621338844299 22
1761605397903 0.9822046160697937 23
1761605398199 0.9807087182998657 24
1761605398481 0.9787740707397461 25
1761605398779 0.9626757502555847 26
1761605399081 0.9461859464645386 27
1761605399409 0.9552793502807617 28
1761605399718 0.9527746438980103 29
1761605400026 0.9435281157493591 30
1761605400332 0.9413086175918579 31
1761605400645 0.9256331920623779 32
1761605400983 0.9321371912956238 33
1761605401305 0.9118174910545349 34
1761605401610 0.9064525365829468 35
1761605401897 0.8990124464035034 36
1761605402189 0.9090926647186279 37
1761605402486 0.888637900352478 38
1761605402773 0.8945391178131104 39
1761605403104 0.896912693977356 40
1761605403421 0.8843461275100708 41
1761605403715 0.8763419389724731 42
1761605404002 0.873183012008667 43
1761605404288 0.8679221868515015 44
1761605404575 0.8577157258987427 45
1761605404867 0.8369789719581604 46
1761605405156 0.835406482219696 47
1761605405439 0.833516001701355 48
1761605405743 0.8260802626609802 49
1761605389826 1.1068639755249023 0
