1761500514270 0.817937970161438 0
1761500515449 0.7731298804283142 1
1761500516393 0.758653461933136 2
1761500517311 0.744742751121521 3
1761500518221 0.7457373738288879 4
1761500519102 0.7232646346092224 5
1761500519972 0.7115780115127563 6
1761500520852 0.7027835845947266 7
1761500521728 0.6974828839302063 8
1761500522622 0.6831058859825134 9
1761500523588 0.67156982421875 10
1761500524534 0.6599933505058289 11
1761500525412 0.6619016528129578 12
1761500526277 0.6361888647079468 13
1761500527152 0.6337824463844299 14
1761500528020 0.5966787934303284 15
1761500528891 0.6209336519241333 16
1761500529764 0.5851746201515198 17
1761500530649 0.5731104016304016 18
1761500531524 0.5504891276359558 19
1761500532408 0.5638799071311951 20
1761500533266 0.5344422459602356 21
1761500534131 0.5373584032058716 22
1761500534999 0.516135036945343 23
1761500535867 0.48302650451660156 24
1761500536724 0.5072128176689148 25
1761500537596 0.48327189683914185 26
1761500538481 0.4695254862308502 27
1761500539410 0.4490562379360199 28
1761500540320 0.43626368045806885 29
1761500541223 0.43095654249191284 30
1761500542109 0.40880900621414185 31
1761500542998 0.40979984402656555 32
1761500543957 0.3874328136444092 33
1761500544868 0.3585313856601715 34
1761500545732 0.3563503921031952 35
1761500546609 0.3582516610622406 36
1761500547478 0.331878662109375 37
1761500548364 0.32091212272644043 38
1761500549234 0.32187581062316895 39
1761500550125 0.3162526786327362 40
1761500551042 0.28992345929145813 41
1761500551918 0.269226998090744 42
1761500552800 0.27545660734176636 43
1761500553726 0.2620753049850464 44
1761500554623 0.2614489495754242 45
1761500555539 0.2519889175891876 46
1761500556466 0.2391839623451233 47
1761500557377 0.23841948807239532 48
1761500558294 0.2133229523897171 49
1761500514270 0.817937970161438 0
