1761601567181 0.475653737783432 0
1761601567529 0.4860234558582306 1
1761601568021 0.49864742159843445 2
1761601568315 0.5036068558692932 3
1761601568549 0.5090171098709106 4
1761601568775 0.5040577054023743 5
1761601569031 0.5103697180747986 6
1761601569253 0.4941388666629791 7
1761601569507 0.5148782730102539 8
1761601569791 0.5256988406181335 9
1761601570037 0.5108205676078796 10
1761601570285 0.5234445333480835 11
1761601570522 0.5193868279457092 12
1761601570758 0.5184851288795471 13
1761601570990 0.531109094619751 14
1761601571256 0.5261496901512146 15
1761601571520 0.5243462324142456 16
1761601571878 0.5306582450866699 17
1761601572146 0.5275022387504578 18
1761601572446 0.5374211072921753 19
1761601572724 0.5365194082260132 20
1761601572992 0.5446348190307617 21
1761601573239 0.5351668000221252 22
1761601573531 0.5419296622276306 23
1761601573785 0.5387736558914185 24
1761601574080 0.5500450730323792 25
1761601574350 0.5477908253669739 26
1761601574587 0.5500450730323792 27
1761601574826 0.5446348190307617 28
1761601575055 0.5617673397064209 29
1761601575337 0.5541027784347534 30
1761601575559 0.5500450730323792 31
1761601575777 0.5604147911071777 32
1761601576005 0.5626690983772278 33
1761601576233 0.5703336596488953 34
1761601576457 0.5698827505111694 35
1761601576679 0.5734896063804626 36
1761601576900 0.5766456127166748 37
1761601577121 0.5748422145843506 38
1761601577341 0.5807033181190491 39
1761601577553 0.5856627821922302 40
1761601577776 0.5829576253890991 41
1761601577998 0.5870153307914734 42
1761601578220 0.5874661803245544 43
1761601578442 0.5856627821922302 44
1761601578659 0.5888187289237976 45
1761601578883 0.5879170298576355 46
1761601579101 0.5942290425300598 47
1761601579324 0.6073038578033447 48
1761601579555 0.6127141714096069 49
1761601567181 0.475653737783432 0
