1761601567181 1.0209137201309204 0
1761601567529 1.003600001335144 1
1761601568021 0.9914370179176331 2
1761601568315 0.9825066328048706 3
1761601568549 0.9888627529144287 4
1761601568775 0.9851925373077393 5
1761601569031 0.9831786155700684 6
1761601569253 0.9851871132850647 7
1761601569507 0.9768802523612976 8
1761601569791 0.9770615696907043 9
1761601570037 0.9745662212371826 10
1761601570285 0.9710772633552551 11
1761601570522 0.9710962772369385 12
1761601570758 0.971321165561676 13
1761601570990 0.9623260498046875 14
1761601571256 0.9616000056266785 15
1761601571520 0.9609526991844177 16
1761601571878 0.962975800037384 17
1761601572146 0.9567031264305115 18
1761601572446 0.9508864283561707 19
1761601572724 0.951614499092102 20
1761601572992 0.9548109769821167 21
1761601573239 0.9549815654754639 22
1761601573531 0.9450547099113464 23
1761601573785 0.9449655413627625 24
1761601574080 0.9453076720237732 25
1761601574350 0.9343345165252686 26
1761601574587 0.9351323246955872 27
1761601574826 0.9352386593818665 28
1761601575055 0.9266778826713562 29
1761601575337 0.9281155467033386 30
1761601575559 0.9310176372528076 31
1761601575777 0.9231172204017639 32
1761601576005 0.9191640019416809 33
1761601576233 0.9137716293334961 34
1761601576457 0.9085304141044617 35
1761601576679 0.9139567017555237 36
1761601576900 0.9034633636474609 37
1761601577121 0.9111313819885254 38
1761601577341 0.9049996137619019 39
1761601577553 0.9002499580383301 40
1761601577776 0.8917654156684875 41
1761601577998 0.8955605030059814 42
1761601578220 0.8905173540115356 43
1761601578442 0.8936594724655151 44
1761601578659 0.8869285583496094 45
1761601578883 0.87913578748703 46
1761601579101 0.8691631555557251 47
1761601579324 0.8766220211982727 48
1761601579555 0.8571969270706177 49
1761601567181 1.0209137201309204 0
