1761587588967 0.42380523681640625 0
1761587589407 0.4373309314250946 1
1761587589811 0.4540126323699951 2
1761587590200 0.466636598110199 3
1761587590618 0.47700631618499756 4
1761587591037 0.5 5
1761587591470 0.5018033981323242 6
1761587591897 0.5216411352157593 7
1761587592331 0.5360685586929321 8
1761587592754 0.548692524433136 9
1761587593169 0.5604147911071777 10
1761587593582 0.5775473117828369 11
1761587594006 0.5861136317253113 12
1761587594415 0.595581591129303 13
1761587594838 0.6253381371498108 14
1761587595264 0.6253381371498108 15
1761587595665 0.6397655606269836 16
1761587596066 0.6330026984214783 17
1761587596453 0.6510369777679443 18
1761587596845 0.6537421345710754 19
1761587597245 0.6690712571144104 20
1761587597638 0.6695221066474915 21
1761587598060 0.6596032381057739 22
1761587598441 0.6898106336593628 23
1761587598815 0.6839495301246643 24
1761587599203 0.6947700381278992 25
1761587599621 0.7123534679412842 26
1761587600027 0.695220947265625 27
1761587600443 0.7064923644065857 28
1761587600882 0.7204688787460327 29
1761587601288 0.7231740355491638 30
1761587601652 0.7335437536239624 31
1761587602055 0.7452660202980042 32
1761587602429 0.7303877472877502 33
1761587602814 0.7448151707649231 34
1761587603223 0.7533814311027527 35
1761587603614 0.7466185688972473 36
1761587604001 0.7673580050468445 37
1761587604393 0.7678088545799255 38
1761587604794 0.7844905257225037 39
1761587605176 0.7705139517784119 40
1761587605606 0.7569882869720459 41
1761587605984 0.7899008393287659 42
1761587606400 0.7871956825256348 43
1761587606817 0.7871956825256348 44
1761587607259 0.7777276635169983 45
1761587607661 0.8092876672744751 46
1761587608096 0.7926059365272522 47
1761587608576 0.7944093942642212 48
1761587608985 0.8061316609382629 49
1761587609441 0.8115419149398804 50
1761587609864 0.8146979212760925 51
1761587610250 0.8277727961540222 52
1761587610700 0.8264201879501343 53
1761587611114 0.8259693384170532 54
1761587611547 0.8174030780792236 55
1761587612008 0.8385933041572571 56
1761587612418 0.8255184888839722 57
1761587612828 0.8417493104934692 58
1761587613249 0.8453561663627625 59
1761587613614 0.839495062828064 60
1761587614001 0.8449053168296814 61
1761587614401 0.837691605091095 62
1761587614793 0.8417493104934692 63
1761587615213 0.853922426700592 64
1761587615690 0.8503155708312988 65
1761587616087 0.8665464520454407 66
1761587616485 0.8561767339706421 67
1761587616875 0.8615869879722595 68
1761587617282 0.8530207276344299 69
1761587617726 0.8724075555801392 70
1761587618163 0.8615869879722595 71
1761587618614 0.8665464520454407 72
1761587619038 0.8751127123832703 73
1761587619497 0.8701533079147339 74
1761587619925 0.8778178691864014 75
1761587620379 0.8805229663848877 76
1761587620824 0.8683498501777649 77
1761587621238 0.8656447529792786 78
1761587621658 0.8850315809249878 79
1761587622129 0.8769161701202393 80
1761587622573 0.8814247250556946 81
1761587622970 0.8706041574478149 82
1761587623404 0.8791704177856445 83
1761587623831 0.8935978412628174 84
1761587624245 0.8931469917297363 85
1761587624648 0.8949503898620605 86
1761587625062 0.9071235060691833 87
1761587625493 0.8904418349266052 88
1761587625929 0.9003607034683228 89
1761587626363 0.9003607034683228 90
1761587626815 0.8931469917297363 91
1761587627202 0.8990080952644348 92
1761587627597 0.902614951133728 93
1761587628031 0.8994589447975159 94
1761587628423 0.8913435339927673 95
1761587628807 0.8949503898620605 96
1761587629197 0.8832281231880188 97
1761587629587 0.8800721168518066 98
1761587629988 0.9057709574699402 99
1761587588967 0.42380523681640625 0
