1761587588967 1.0707571506500244 0
1761587589407 1.0465922355651855 1
1761587589811 1.0327800512313843 2
1761587590200 1.0207942724227905 3
1761587590618 1.0069966316223145 4
1761587591037 0.9958459734916687 5
1761587591470 0.9811408519744873 6
1761587591897 0.9677903056144714 7
1761587592331 0.944836437702179 8
1761587592754 0.9318435788154602 9
1761587593169 0.9100168347358704 10
1761587593582 0.9055741429328918 11
1761587594006 0.8762989640235901 12
1761587594415 0.8562660217285156 13
1761587594838 0.8413830995559692 14
1761587595264 0.8139311075210571 15
1761587595665 0.8027171492576599 16
1761587596066 0.7988210320472717 17
1761587596453 0.7770777940750122 18
1761587596845 0.7696340680122375 19
1761587597245 0.7404316663742065 20
1761587597638 0.7437682747840881 21
1761587598060 0.7380759716033936 22
1761587598441 0.7104007601737976 23
1761587598815 0.7047119140625 24
1761587599203 0.690512478351593 25
1761587599621 0.669933557510376 26
1761587600027 0.6860257387161255 27
1761587600443 0.6702150702476501 28
1761587600882 0.6435450911521912 29
1761587601288 0.6323463320732117 30
1761587601652 0.6137023568153381 31
1761587602055 0.6030429601669312 32
1761587602429 0.6037806272506714 33
1761587602814 0.6041226387023926 34
1761587603223 0.5845870971679688 35
1761587603614 0.5863260626792908 36
1761587604001 0.549932062625885 37
1761587604393 0.5488501787185669 38
1761587604794 0.5287653207778931 39
1761587605176 0.548582911491394 40
1761587605606 0.5566602349281311 41
1761587605984 0.5113493800163269 42
1761587606400 0.510052502155304 43
1761587606817 0.5101854801177979 44
1761587607259 0.512451708316803 45
1761587607661 0.47519946098327637 46
1761587608096 0.49333587288856506 47
1761587608576 0.4809207618236542 48
1761587608985 0.4610614776611328 49
1761587609441 0.4626738429069519 50
1761587609864 0.4460475444793701 51
1761587610250 0.4447423815727234 52
1761587610700 0.43164512515068054 53
1761587611114 0.438262939453125 54
1761587611547 0.43041977286338806 55
1761587612008 0.4109107255935669 56
1761587612418 0.42133429646492004 57
1761587612828 0.4051061272621155 58
1761587613249 0.3896389305591583 59
1761587613614 0.39290651679039 60
1761587614001 0.38564857840538025 61
1761587614401 0.41022706031799316 62
1761587614793 0.3895888328552246 63
1761587615213 0.3598182201385498 64
1761587615690 0.36636820435523987 65
1761587616087 0.35178497433662415 66
1761587616485 0.34484192728996277 67
1761587616875 0.3491625487804413 68
1761587617282 0.3471517860889435 69
1761587617726 0.3235442042350769 70
1761587618163 0.3446248769760132 71
1761587618614 0.34239381551742554 72
1761587619038 0.3346433639526367 73
1761587619497 0.3283301293849945 74
1761587619925 0.31276994943618774 75
1761587620379 0.30419716238975525 76
1761587620824 0.3227930963039398 77
1761587621238 0.33334195613861084 78
1761587621658 0.2917916178703308 79
1761587622129 0.2951454222202301 80
1761587622573 0.2944437563419342 81
1761587622970 0.30334702134132385 82
1761587623404 0.30139800906181335 83
1761587623831 0.27533456683158875 84
1761587624245 0.2688625156879425 85
1761587624648 0.26720571517944336 86
1761587625062 0.25526028871536255 87
1761587625493 0.2794245481491089 88
1761587625929 0.25744178891181946 89
1761587626363 0.26775962114334106 90
1761587626815 0.2634962499141693 91
1761587627202 0.25194379687309265 92
1761587627597 0.2517421841621399 93
1761587628031 0.24691522121429443 94
1761587628423 0.26608288288116455 95
1761587628807 0.24857233464717865 96
1761587629197 0.3007161021232605 97
1761587629587 0.2927194833755493 98
1761587629988 0.23972928524017334 99
1761587588967 1.0707571506500244 0
