1761500754251 0.5146462321281433 0
1761500754528 0.5371789336204529 1
1761500754750 0.539432168006897 2
1761500754972 0.5376295447349548 3
1761500755188 0.5470932722091675 4
1761500755404 0.5619648694992065 5
1761500755629 0.5660207271575928 6
1761500755848 0.569625973701477 7
1761500756123 0.558810293674469 8
1761500756336 0.565570056438446 9
1761500756547 0.5678233504295349 10
1761500756767 0.569625973701477 11
1761500756979 0.569625973701477 12
1761500757196 0.5727805495262146 13
1761500757409 0.5831455588340759 14
1761500757617 0.5597115755081177 15
1761500757830 0.5917080044746399 16
1761500758040 0.5849481821060181 17
1761500758253 0.5763857364654541 18
1761500758464 0.5799909830093384 19
1761500758667 0.5678233504295349 20
1761500758876 0.5863001346588135 21
1761500759087 0.5799909830093384 22
1761500759302 0.5799909830093384 23
1761500759513 0.5826948881149292 24
1761500759718 0.5876520872116089 25
1761500759921 0.5817936062812805 26
1761500760132 0.5953131914138794 27
1761500760343 0.604776918888092 28
1761500760556 0.5881027579307556 29
1761500760767 0.5885534286499023 30
1761500760978 0.589454710483551 31
1761500761189 0.5957638621330261 32
1761500761399 0.5935105681419373 33
1761500761610 0.5944119095802307 34
1761500761822 0.5831455588340759 35
1761500762034 0.5935105681419373 36
1761500762251 0.5921586155891418 37
1761500762461 0.5989184379577637 38
1761500762669 0.5885534286499023 39
1761500762871 0.5863001346588135 40
1761500763076 0.5867508053779602 41
1761500763285 0.5975664854049683 42
1761500763492 0.6074808239936829 43
1761500763695 0.5903559923171997 44
1761500763901 0.5930599570274353 45
1761500764112 0.5881027579307556 46
1761500764377 0.5957638621330261 47
1761500764579 0.5989184379577637 48
1761500764783 0.5944119095802307 49
1761500754251 0.5146462321281433 0
