1761500754251 0.7975795269012451 0
1761500754528 0.7809571027755737 1
1761500754750 0.7788742184638977 2
1761500754972 0.7796642184257507 3
1761500755188 0.7765030264854431 4
1761500755404 0.7736660838127136 5
1761500755629 0.7718884348869324 6
1761500755848 0.7724639177322388 7
1761500756123 0.7711727619171143 8
1761500756336 0.7712981104850769 9
1761500756547 0.7693943381309509 10
1761500756767 0.768090009689331 11
1761500756979 0.7683529853820801 12
1761500757196 0.7662729024887085 13
1761500757409 0.7672109603881836 14
1761500757617 0.770654559135437 15
1761500757830 0.7638912796974182 16
1761500758040 0.7648816108703613 17
1761500758253 0.7630276083946228 18
1761500758464 0.762874960899353 19
1761500758667 0.7663267850875854 20
1761500758876 0.7627672553062439 21
1761500759087 0.7626261115074158 22
1761500759302 0.7631450295448303 23
1761500759513 0.7630026340484619 24
1761500759718 0.7621136903762817 25
1761500759921 0.7611069083213806 26
1761500760132 0.7609400153160095 27
1761500760343 0.7585038542747498 28
1761500760556 0.7587329745292664 29
1761500760767 0.7588786482810974 30
1761500760978 0.759032666683197 31
1761500761189 0.7569093704223633 32
1761500761399 0.7553471326828003 33
1761500761610 0.7562600374221802 34
1761500761822 0.7594984173774719 35
1761500762034 0.7535247802734375 36
1761500762251 0.7558530569076538 37
1761500762461 0.7526906728744507 38
1761500762669 0.7551907300949097 39
1761500762871 0.7550564408302307 40
1761500763076 0.7530786395072937 41
1761500763285 0.7525866627693176 42
1761500763492 0.7510310411453247 43
1761500763695 0.7492542266845703 44
1761500763901 0.7530456781387329 45
1761500764112 0.7498452067375183 46
1761500764377 0.7479429244995117 47
1761500764579 0.7481071949005127 48
1761500764783 0.7474738955497742 49
1761500754251 0.7975795269012451 0
