1761529638290 0.5443893671035767 0
1761529638577 0.5804416537284851 1
1761529638820 0.5808922648429871 2
1761529639070 0.5858494639396667 3
1761529639316 0.6128886938095093 4
1761529639575 0.6214510798454285 5
1761529639817 0.6191978454589844 6
1761529640069 0.6340693831443787 7
1761529640310 0.6327174305915833 8
1761529640546 0.6390265822410583 9
1761529640803 0.6358720064163208 10
1761529641037 0.6561514139175415 11
1761529641270 0.6502929329872131 12
1761529641529 0.6511942148208618 13
1761529641802 0.6547994613647461 14
1761529642094 0.6611086130142212 15
1761529642354 0.6561514139175415 16
1761529642648 0.6498422622680664 17
1761529642952 0.6755295395851135 18
1761529643236 0.6750788688659668 19
1761529643502 0.6777827739715576 20
1761529643760 0.6872465014457703 21
1761529644012 0.69220370054245 22
1761529644254 0.6917530298233032 23
1761529644494 0.6913023591041565 24
1761529644764 0.7021180987358093 25
1761529645261 0.7106804847717285 26
1761529645712 0.7093285322189331 27
1761529645990 0.7214961647987366 28
1761529646261 0.7214961647987366 29
1761529646677 0.7156376838684082 30
1761529647024 0.7223974466323853 31
1761529647325 0.7399729490280151 32
1761529647679 0.7273546457290649 33
1761529648502 0.7318611741065979 34
1761529649105 0.7296079397201538 35
1761529649365 0.7318611741065979 36
1761529649617 0.7413249015808105 37
1761529649853 0.7399729490280151 38
1761529650103 0.7444794774055481 39
1761529650343 0.746732771396637 40
1761529650588 0.742676854133606 41
1761529650816 0.742226243019104 42
1761529651051 0.7552951574325562 43
1761529651284 0.7462821006774902 44
1761529651515 0.7548445463180542 45
1761529651749 0.7674628496170044 46
1761529652024 0.7638576030731201 47
1761529652394 0.7534925937652588 48
1761529652719 0.7688148021697998 49
1761529638290 0.5443893671035767 0
