1761529638290 0.8648421168327332 0
1761529638577 0.7995359301567078 1
1761529638820 0.789307177066803 2
1761529639070 0.782210648059845 3
1761529639316 0.7740406394004822 4
1761529639575 0.76983243227005 5
1761529639817 0.7635601162910461 6
1761529640069 0.7556633353233337 7
1761529640310 0.7503682971000671 8
1761529640546 0.7448769807815552 9
1761529640803 0.7451633810997009 10
1761529641037 0.7335943579673767 11
1761529641270 0.7292158603668213 12
1761529641529 0.7268755435943604 13
1761529641802 0.7193465232849121 14
1761529642094 0.7091967463493347 15
1761529642354 0.7090947031974792 16
1761529642648 0.7103375196456909 17
1761529642952 0.6944945454597473 18
1761529643236 0.6865854263305664 19
1761529643502 0.6878204345703125 20
1761529643760 0.6772514581680298 21
1761529644012 0.667306661605835 22
1761529644254 0.6690953373908997 23
1761529644494 0.6590495109558105 24
1761529644764 0.6521642208099365 25
1761529645261 0.6467703580856323 26
1761529645712 0.6462583541870117 27
1761529645990 0.6357445120811462 28
1761529646261 0.6310541033744812 29
1761529646677 0.6332112550735474 30
1761529647024 0.6209396123886108 31
1761529647325 0.6123009324073792 32
1761529647679 0.616141676902771 33
1761529648502 0.6126550436019897 34
1761529649105 0.6043938994407654 35
1761529649365 0.6005463004112244 36
1761529649617 0.5976302027702332 37
1761529649853 0.5933021903038025 38
1761529650103 0.5802351236343384 39
1761529650343 0.5805354118347168 40
1761529650588 0.5836487412452698 41
1761529650816 0.5815014839172363 42
1761529651051 0.5711272358894348 43
1761529651284 0.5712542533874512 44
1761529651515 0.5710828304290771 45
1761529651749 0.5562741160392761 46
1761529652024 0.5560992956161499 47
1761529652394 0.5598440766334534 48
1761529652719 0.546821117401123 49
1761529638290 0.8648421168327332 0
