1761445008122 1.081217885017395 0
1761445009799 1.0587570667266846 1
1761445011106 1.038345456123352 2
1761445012666 1.0318878889083862 3
1761445014066 1.0068235397338867 4
1761445015659 1.0138381719589233 5
1761445016890 1.0034795999526978 6
1761445018169 0.989745557308197 7
1761445019912 0.9693346619606018 8
1761445021275 0.9621497392654419 9
1761445023142 0.947313129901886 10
1761445024778 0.935857892036438 11
1761445026138 0.9109765291213989 12
1761445027550 0.9099806547164917 13
1761445029202 0.8973616361618042 14
1761445030830 0.8677225708961487 15
1761445032191 0.8485097885131836 16
1761445033487 0.8515159487724304 17
1761445035097 0.8258258700370789 18
1761445036679 0.7982679605484009 19
1761445038502 0.8150039911270142 20
1761445040380 0.763537585735321 21
1761445042021 0.7423461675643921 22
1761445043665 0.7694440484046936 23
1761445045393 0.7023555040359497 24
1761445047155 0.6797288656234741 25
1761445049453 0.6819252371788025 26
1761445052190 0.6752009391784668 27
1761445054536 0.6383829116821289 28
1761445056798 0.6051689982414246 29
1761445059205 0.6013606190681458 30
1761445061935 0.5836031436920166 31
1761445064282 0.587398886680603 32
1761445066590 0.5449864864349365 33
1761445068775 0.5109881162643433 34
1761445070905 0.5248474478721619 35
1761445073251 0.48309752345085144 36
1761445075465 0.47322314977645874 37
1761445077652 0.4720081090927124 38
1761445080035 0.43845850229263306 39
1761445082378 0.43242862820625305 40
1761445085072 0.415459543466568 41
1761445087518 0.4048343896865845 42
1761445089735 0.3905008137226105 43
1761445092084 0.34980320930480957 44
1761445094420 0.3569381535053253 45
1761445096718 0.3437725901603699 46
1761445099121 0.3361143171787262 47
1761445101623 0.3220760226249695 48
1761445103935 0.32010674476623535 49
1761445008122 1.081217885017395 0
