1761592994966 0.37691614031791687 0
1761592995299 0.40982866287231445 1
1761592995670 0.3990081250667572 2
1761592996003 0.4138863980770111 3
1761592996351 0.40622180700302124 4
1761592996694 0.4138863980770111 5
1761592996940 0.4039675295352936 6
1761592997158 0.4102795422077179 7
1761592997376 0.4129846692085266 8
1761592997598 0.4120829701423645 9
1761592997828 0.39765554666519165 10
1761592998045 0.41614067554473877 11
1761592998268 0.4260595142841339 12
1761592998488 0.4120829701423645 13
1761592998802 0.4152389466762543 14
1761592999024 0.41073039174079895 15
1761592999242 0.41614067554473877 16
1761592999549 0.4039675295352936 17
1761592999831 0.41118124127388 18
1761593000117 0.41749322414398193 19
1761593000380 0.40036067366600037 20
1761593000703 0.4170423746109009 21
1761593000978 0.40892696380615234 22
1761593001238 0.41749322414398193 23
1761593001493 0.4179441034793854 24
1761593001774 0.4147880971431732 25
1761593002021 0.4224526584148407 26
1761593002254 0.4165915250778198 27
1761593002486 0.4170423746109009 28
1761593002714 0.404418408870697 29
1761593002930 0.4224526584148407 30
1761593003138 0.41614067554473877 31
1761593003355 0.42019838094711304 32
1761593003573 0.4165915250778198 33
1761593003795 0.41614067554473877 34
1761593004041 0.40802523493766785 35
1761593004265 0.42741209268569946 36
1761593004489 0.4251577854156494 37
1761593004713 0.43417492508888245 38
1761593004936 0.4138863980770111 39
1761593005167 0.41433724761009216 40
1761593005383 0.42470693588256836 41
1761593005612 0.4188458025455475 42
1761593005834 0.42560866475105286 43
1761593006048 0.4310189485549927 44
1761593006255 0.42380523681640625 45
1761593006465 0.419747531414032 46
1761593006687 0.41749322414398193 47
1761593006929 0.4260595142841339 48
1761593007144 0.42921552062034607 49
1761593007363 0.4251577854156494 50
1761593007580 0.4251577854156494 51
1761593007834 0.42651036381721497 52
1761593008051 0.4224526584148407 53
1761593008263 0.42200180888175964 54
1761593008477 0.4310189485549927 55
1761593008700 0.4283137917518616 56
1761593008909 0.419747531414032 57
1761593009116 0.42560866475105286 58
1761593009319 0.42290350794792175 59
1761593009536 0.43237149715423584 60
1761593009747 0.4287646412849426 61
1761593009966 0.43237149715423584 62
1761593010184 0.43597835302352905 63
1761593010397 0.4328223764896393 64
1761593010607 0.42560866475105286 65
1761593010823 0.43146979808807373 66
1761593011036 0.43417492508888245 67
1761593011247 0.4328223764896393 68
1761593011457 0.43507665395736694 69
1761593011671 0.43778178095817566 70
1761593011875 0.4283137917518616 71
1761593012087 0.435527503490448 72
1761593012298 0.43327322602272034 73
1761593012501 0.4328223764896393 74
1761593012713 0.43778178095817566 75
1761593012921 0.4337240755558014 76
1761593013126 0.43778178095817566 77
1761593013340 0.44229036569595337 78
1761593013555 0.43688008189201355 79
1761593013764 0.4409377872943878 80
1761593014027 0.4328223764896393 81
1761593014251 0.4287646412849426 82
1761593014473 0.44048693776130676 83
1761593014681 0.4310189485549927 84
1761593014894 0.44138863682746887 85
1761593015158 0.44454464316368103 86
1761593015396 0.4431920647621155 87
1761593015638 0.451307475566864 88
1761593015876 0.4458971917629242 89
1761593016107 0.4427412152290344 90
1761593016317 0.4427412152290344 91
1761593016527 0.43417492508888245 92
1761593016740 0.43688008189201355 93
1761593016958 0.43056806921958923 94
1761593017164 0.4400360584259033 95
1761593017376 0.4431920647621155 96
1761593017587 0.44138863682746887 97
1761593017792 0.4440937638282776 98
1761593018004 0.4431920647621155 99
1761592994966 0.37691614031791687 0
