1761596871985 0.5360685586929321 0
1761596872265 0.5428313612937927 1
1761596872512 0.5432822108268738 2
1761596872765 0.5441839694976807 3
1761596873001 0.5446348190307617 4
1761596873239 0.5446348190307617 5
1761596873486 0.5432822108268738 6
1761596873729 0.5432822108268738 7
1761596873963 0.5428313612937927 8
1761596874196 0.5446348190307617 9
1761596874429 0.5459873676300049 10
1761596874666 0.5459873676300049 11
1761596874916 0.5459873676300049 12
1761596875176 0.5522993803024292 13
1761596875417 0.5446348190307617 14
1761596875648 0.5428313612937927 15
1761596875898 0.548692524433136 16
1761596876134 0.547339916229248 17
1761596876368 0.548692524433136 18
1761596876609 0.5446348190307617 19
1761596876845 0.5500450730323792 20
1761596877081 0.549143373966217 21
1761596877319 0.548692524433136 22
1761596877554 0.5509467720985413 23
1761596877787 0.5495942234992981 24
1761596878026 0.546889066696167 25
1761596878260 0.548692524433136 26
1761596878498 0.5459873676300049 27
1761596878736 0.5477908253669739 28
1761596878971 0.5527502298355103 29
1761596879247 0.5504959225654602 30
1761596879583 0.5477908253669739 31
1761596879874 0.5509467720985413 32
1761596880108 0.5541027784347534 33
1761596880346 0.5509467720985413 34
1761596880596 0.547339916229248 35
1761596880829 0.5550045371055603 36
1761596881072 0.5536519289016724 37
1761596881304 0.5504959225654602 38
1761596881542 0.548692524433136 39
1761596881781 0.5522993803024292 40
1761596882031 0.5527502298355103 41
1761596882271 0.5590622425079346 42
1761596882502 0.5568079352378845 43
1761596882734 0.5513976812362671 44
1761596882982 0.5482416749000549 45
1761596883223 0.5495942234992981 46
1761596883462 0.5563570857048035 47
1761596883696 0.548692524433136 48
1761596883934 0.5509467720985413 49
1761596871985 0.5360685586929321 0
