1761596871985 1.0015323162078857 0
1761596872265 0.9822290539741516 1
1761596872512 0.9793311357498169 2
1761596872765 0.9757674336433411 3
1761596873001 0.9746188521385193 4
1761596873239 0.9762230515480042 5
1761596873486 0.9734064936637878 6
1761596873729 0.9733141660690308 7
1761596873963 0.9712281823158264 8
1761596874196 0.973839521408081 9
1761596874429 0.9709511399269104 10
1761596874666 0.9765942096710205 11
1761596874916 0.970343828201294 12
1761596875176 0.9705442786216736 13
1761596875417 0.970665454864502 14
1761596875648 0.9691004753112793 15
1761596875898 0.9698517322540283 16
1761596876134 0.9686754941940308 17
1761596876368 0.9721991419792175 18
1761596876609 0.9688519239425659 19
1761596876845 0.9710825681686401 20
1761596877081 0.9688126444816589 21
1761596877319 0.9695407748222351 22
1761596877554 0.9665154218673706 23
1761596877787 0.9685218334197998 24
1761596878026 0.965563952922821 25
1761596878260 0.9675144553184509 26
1761596878498 0.9672333002090454 27
1761596878736 0.9674257040023804 28
1761596878971 0.9668251872062683 29
1761596879247 0.9640538692474365 30
1761596879583 0.9657115340232849 31
1761596879874 0.9655176401138306 32
1761596880108 0.9627668857574463 33
1761596880346 0.9650918245315552 34
1761596880596 0.9642924070358276 35
1761596880829 0.9625824093818665 36
1761596881072 0.9631300568580627 37
1761596881304 0.9652704000473022 38
1761596881542 0.967271089553833 39
1761596881781 0.9650638103485107 40
1761596882031 0.9603413343429565 41
1761596882271 0.9633760452270508 42
1761596882502 0.9616367816925049 43
1761596882734 0.9615107774734497 44
1761596882982 0.9630129337310791 45
1761596883223 0.9592455625534058 46
1761596883462 0.9632939100265503 47
1761596883696 0.9612566828727722 48
1761596883934 0.9616783857345581 49
1761596871985 1.0015323162078857 0
