1761585628833 0.5225428342819214 0
1761585629154 0.562218189239502 1
1761585629389 0.5743913650512695 2
1761585629617 0.5906221866607666 3
1761585629828 0.5964832901954651 4
1761585630040 0.6100090146064758 5
1761585630250 0.626690685749054 6
1761585630464 0.6293958425521851 7
1761585630677 0.6262398362159729 8
1761585630890 0.6302975416183472 9
1761585631107 0.6352570056915283 10
1761585631319 0.6433724164962769 11
1761585631533 0.6537421345710754 12
1761585631749 0.6609557867050171 13
1761585631962 0.6537421345710754 14
1761585632175 0.6663661003112793 15
1761585632385 0.6690712571144104 16
1761585632599 0.6708746552467346 17
1761585632815 0.6884580850601196 18
1761585633027 0.675834059715271 19
1761585633253 0.6807935237884521 20
1761585633494 0.6902614831924438 21
1761585633724 0.6884580850601196 22
1761585633944 0.6988277435302734 23
1761585634150 0.6893597841262817 24
1761585634365 0.6889089345932007 25
1761585634578 0.711000919342041 26
1761585634797 0.7096483111381531 27
1761585635013 0.709197461605072 28
1761585635264 0.7055906057357788 29
1761585635476 0.7119026184082031 30
1761585635691 0.7164111733436584 31
1761585635903 0.7123534679412842 32
1761585636115 0.7128043174743652 33
1761585636328 0.7218214869499207 34
1761585636539 0.7353471517562866 35
1761585636753 0.7236248850822449 36
1761585636969 0.724526584148407 37
1761585637184 0.7321911454200745 38
1761585637395 0.7254283428192139 39
1761585637605 0.7164111733436584 40
1761585637816 0.7317402958869934 41
1761585638031 0.7479711174964905 42
1761585638246 0.7452660202980042 43
1761585638463 0.7488728761672974 44
1761585638676 0.7466185688972473 45
1761585638894 0.7461677193641663 46
1761585639104 0.7430117130279541 47
1761585639317 0.7529305815696716 48
1761585639528 0.7475202679634094 49
1761585639746 0.7547339797019958 50
1761585639962 0.7547339797019958 51
1761585640177 0.7633002996444702 52
1761585640386 0.7623985409736633 53
1761585640598 0.759693443775177 54
1761585640811 0.7642019987106323 55
1761585641021 0.7687105536460876 56
1761585641236 0.7664562463760376 57
1761585641448 0.7714157104492188 58
1761585641660 0.7705139517784119 59
1761585641871 0.775022566318512 60
1761585642085 0.773219108581543 61
1761585642304 0.7664562463760376 62
1761585642523 0.7831379771232605 63
1761585642737 0.7813345193862915 64
1761585642955 0.7781785130500793 65
1761585643189 0.7790802717208862 66
1761585643400 0.7772768139839172 67
1761585643610 0.7745716571807861 68
1761585643827 0.7763751149177551 69
1761585644036 0.775022566318512 70
1761585644251 0.7885482311248779 71
1761585644461 0.7831379771232605 72
1761585644676 0.7799819707870483 73
1761585644891 0.7903516888618469 74
1761585645106 0.8002704977989197 75
1761585645323 0.7917042374610901 76
1761585645531 0.7853922247886658 77
1761585645744 0.7975654006004333 78
1761585645960 0.7989179491996765 79
1761585646173 0.8016231060028076 80
1761585646387 0.7939585447311401 81
1761585646601 0.8020739555358887 82
1761585646817 0.8025248050689697 83
1761585647030 0.7957619428634644 84
1761585647243 0.8002704977989197 85
1761585647458 0.8056808114051819 86
1761585647674 0.8038773536682129 87
1761585647890 0.807033360004425 88
1761585648106 0.8124436140060425 89
1761585648318 0.7975654006004333 90
1761585648529 0.804328203201294 91
1761585648790 0.8079350590705872 92
1761585649005 0.8092876672744751 93
1761585649221 0.8083859086036682 94
1761585649435 0.8192064762115479 95
1761585649652 0.8137962222099304 96
1761585649862 0.8115419149398804 97
1761585650079 0.8124436140060425 98
1761585650292 0.8169522285461426 99
1761585628833 0.5225428342819214 0
