1761609451879 0.4670874774456024 0
1761609452935 0.5009016990661621 1
1761609453882 0.500450849533081 2
1761609454859 0.5275022387504578 3
1761609455836 0.5369702577590942 4
1761609456887 0.5595130920410156 5
1761609457854 0.5707845091819763 6
1761609458745 0.596032440662384 7
1761609459719 0.5937781929969788 8
1761609460653 0.6158701777458191 9
1761609461627 0.6082056164741516 10
1761609462578 0.6176735758781433 11
1761609463668 0.6316501498222351 12
1761609464727 0.6415689587593079 13
1761609465725 0.6641117930412292 14
1761609466722 0.6708746552467346 15
1761609467719 0.6735798120498657 16
1761609468701 0.6830477714538574 17
1761609469678 0.6974751949310303 18
1761609470583 0.6866546273231506 19
1761609471496 0.7123534679412842 20
1761609472424 0.71055006980896 21
1761609473360 0.7164111733436584 22
1761609474291 0.7141569256782532 23
1761609475224 0.7209197282791138 24
1761609476176 0.7335437536239624 25
1761609477182 0.7394048571586609 26
1761609478127 0.7439134120941162 27
1761609479194 0.7637511491775513 28
1761609480225 0.7646528482437134 29
1761609481253 0.755635678768158 30
1761609482217 0.7682597041130066 31
1761609483182 0.7822362780570984 32
1761609484113 0.7826871275901794 33
1761609485030 0.7817853689193726 34
1761609485962 0.7957619428634644 35
1761609486935 0.7971144914627075 36
1761609487925 0.821911633014679 37
1761609488892 0.8137962222099304 38
1761609489931 0.8110910654067993 39
1761609490845 0.8115419149398804 40
1761609491753 0.8155996203422546 41
1761609492789 0.8183047771453857 42
1761609493752 0.8232641816139221 43
1761609494821 0.8340847492218018 44
1761609495755 0.8336338996887207 45
1761609496702 0.8318305015563965 46
1761609497665 0.839945912361145 47
1761609498684 0.8440036177635193 48
1761609499650 0.8372407555580139 49
1761609451879 0.4670874774456024 0
