1761598232180 0.5357142686843872 0
1761598232484 0.5436508059501648 1
1761598232697 0.5443121790885925 2
1761598232903 0.5462962985038757 3
1761598233108 0.5416666865348816 4
1761598233283 0.5449735522270203 5
1761598233593 0.5542327761650085 6
1761598233778 0.5661375522613525 7
1761598233957 0.5667989253997803 8
1761598234132 0.5727513432502747 9
1761598234311 0.5833333134651184 10
1761598234486 0.5932539701461792 11
1761598234684 0.5826719403266907 12
1761598234859 0.5945767164230347 13
1761598235034 0.5879629850387573 14
1761598235209 0.5833333134651184 15
1761598235383 0.6005290746688843 16
1761598235556 0.5998677015304565 17
1761598235733 0.6097883582115173 18
1761598235910 0.5945767164230347 19
1761598236086 0.613095223903656 20
1761598236262 0.6071428656578064 21
1761598236437 0.6038359999656677 22
1761598236614 0.6078042387962341 23
1761598236789 0.6064814925193787 24
1761598236993 0.6170634627342224 25
1761598237174 0.613095223903656 26
1761598237355 0.6230158805847168 27
1761598237530 0.6276454925537109 28
1761598237706 0.6091269850730896 29
1761598237885 0.6124338507652283 30
1761598238061 0.6203703880310059 31
1761598238238 0.6177248954772949 32
1761598238414 0.6276454925537109 33
1761598238590 0.6283068656921387 34
1761598238766 0.6236772537231445 35
1761598238939 0.6190476417541504 36
1761598239115 0.6316137313842773 37
1761598239292 0.6421957612037659 38
1761598239466 0.6283068656921387 39
1761598239640 0.6421957612037659 40
1761598239815 0.6309523582458496 41
1761598239991 0.6593915224075317 42
1761598240169 0.6455026268959045 43
1761598240349 0.6481481194496155 44
1761598240525 0.6455026268959045 45
1761598240700 0.6547619104385376 46
1761598240877 0.6633597612380981 47
1761598241058 0.658730149269104 48
1761598241233 0.6613756418228149 49
1761598232180 0.5357142686843872 0
