1761514944262 0.5335736870765686 0
1761514944526 0.5615141987800598 1
1761514944764 0.5606129169464111 2
1761514945006 0.5804416537284851 3
1761514945255 0.6011716723442078 4
1761514945497 0.6160432696342468 5
1761514945718 0.6128886938095093 6
1761514945934 0.6376746296882629 7
1761514946162 0.6376746296882629 8
1761514946386 0.652996838092804 9
1761514946602 0.6552501320838928 10
1761514946822 0.6615592837333679 11
1761514947094 0.6597566604614258 12
1761514947305 0.6538981795310974 13
1761514947516 0.6692203879356384 14
1761514947733 0.6737269163131714 15
1761514947961 0.6755295395851135 16
1761514948169 0.6840919256210327 17
1761514948394 0.6822893023490906 18
1761514948610 0.6931049823760986 19
1761514948823 0.7003154754638672 20
1761514949036 0.703019380569458 21
1761514949250 0.7084271907806396 22
1761514949465 0.7133843898773193 23
1761514949685 0.7052726745605469 24
1761514949916 0.7061739563941956 25
1761514950140 0.7156376838684082 26
1761514950357 0.7223974466323853 27
1761514950576 0.7169896364212036 28
1761514950799 0.7242000699043274 29
1761514951023 0.7251014113426208 30
1761514951238 0.7332131862640381 31
1761514951470 0.7323118448257446 32
1761514951699 0.7332131862640381 33
1761514951928 0.7435781955718994 34
1761514952143 0.7399729490280151 35
1761514952395 0.7476340532302856 36
1761514952772 0.7395222783088684 37
1761514953079 0.7521405816078186 38
1761514953620 0.7525912523269653 39
1761514954106 0.7670121788978577 40
1761514954456 0.7552951574325562 41
1761514954729 0.7498873472213745 42
1761514954986 0.7471834421157837 43
1761514955207 0.7598016858100891 44
1761514955514 0.7697160840034485 45
1761514955763 0.7688148021697998 46
1761514955991 0.7661108374595642 47
1761514956201 0.7629562616348267 48
1761514956419 0.7607030272483826 49
1761514944262 0.5335736870765686 0
