1761514944262 0.875592052936554 0
1761514944526 0.8367116451263428 1
1761514944764 0.8222859501838684 2
1761514945006 0.8187772035598755 3
1761514945255 0.8063153028488159 4
1761514945497 0.8009734153747559 5
1761514945718 0.7927591800689697 6
1761514945934 0.7811278700828552 7
1761514946162 0.7726321220397949 8
1761514946386 0.7686464786529541 9
1761514946602 0.7606915831565857 10
1761514946822 0.7530532479286194 11
1761514947094 0.7533971071243286 12
1761514947305 0.7465973496437073 13
1761514947516 0.7308033108711243 14
1761514947733 0.7249215245246887 15
1761514947961 0.7163906693458557 16
1761514948169 0.7103663086891174 17
1761514948394 0.7066113352775574 18
1761514948610 0.7022683620452881 19
1761514948823 0.6929363012313843 20
1761514949036 0.6894277334213257 21
1761514949250 0.6815305948257446 22
1761514949465 0.6763148307800293 23
1761514949685 0.6760859489440918 24
1761514949916 0.6722607612609863 25
1761514950140 0.6608614921569824 26
1761514950357 0.6566320061683655 27
1761514950576 0.6532695889472961 28
1761514950799 0.6555479764938354 29
1761514951023 0.6412473917007446 30
1761514951238 0.6359068155288696 31
1761514951470 0.6317170262336731 32
1761514951699 0.630243718624115 33
1761514951928 0.6226365566253662 34
1761514952143 0.6200035214424133 35
1761514952395 0.6167086958885193 36
1761514952772 0.6189418435096741 37
1761514953079 0.6142378449440002 38
1761514953620 0.6001920104026794 39
1761514954106 0.5960898399353027 40
1761514954456 0.5978098511695862 41
1761514954729 0.6006526947021484 42
1761514954986 0.5966970324516296 43
1761514955207 0.585521936416626 44
1761514955514 0.5793426632881165 45
1761514955763 0.5784914493560791 46
1761514955991 0.5706305503845215 47
1761514956201 0.5779204368591309 48
1761514956419 0.5685209631919861 49
1761514944262 0.875592052936554 0
