1761530413281 0.8760871887207031 0
1761530413618 0.8326261043548584 1
1761530413826 0.8185521960258484 2
1761530414039 0.8095322251319885 3
1761530414252 0.8093148469924927 4
1761530414453 0.7958601713180542 5
1761530414658 0.7898523807525635 6
1761530414859 0.7881556153297424 7
1761530415069 0.782395601272583 8
1761530415281 0.7758452892303467 9
1761530415486 0.7672196626663208 10
1761530415695 0.7615472078323364 11
1761530415901 0.7634458541870117 12
1761530416104 0.7549232840538025 13
1761530416316 0.7446660399436951 14
1761530416528 0.7482558488845825 15
1761530416734 0.741832971572876 16
1761530416936 0.7333685159683228 17
1761530417139 0.7284660339355469 18
1761530417343 0.7247287034988403 19
1761530417552 0.7202469110488892 20
1761530417754 0.7167148590087891 21
1761530417962 0.7051113843917847 22
1761530418170 0.6974642872810364 23
1761530418379 0.6934865713119507 24
1761530418591 0.6885886192321777 25
1761530418802 0.6844221949577332 26
1761530419010 0.6836232542991638 27
1761530419218 0.6728383302688599 28
1761530419427 0.6731781363487244 29
1761530419649 0.667618989944458 30
1761530419863 0.6562437415122986 31
1761530420083 0.6544471383094788 32
1761530420294 0.645948052406311 33
1761530420508 0.6407248377799988 34
1761530420724 0.6424568295478821 35
1761530420932 0.6346794366836548 36
1761530421137 0.6313381791114807 37
1761530421346 0.6219164133071899 38
1761530421555 0.6174655556678772 39
1761530421762 0.6150645017623901 40
1761530421967 0.6117768883705139 41
1761530422180 0.6068421602249146 42
1761530422389 0.6000540852546692 43
1761530422593 0.6033043265342712 44
1761530422808 0.5927911400794983 45
1761530423014 0.6012983322143555 46
1761530423221 0.5856244564056396 47
1761530423434 0.580162525177002 48
1761530423700 0.5838664770126343 49
1761530413281 0.8760871887207031 0
