1761464334989 0.47994592785835266 0
1761464335261 0.4970707595348358 1
1761464335492 0.5006759762763977 2
1761464335707 0.5011266469955444 3
1761464335930 0.5272645354270935 4
1761464336172 0.5272645354270935 5
1761464336393 0.5272645354270935 6
1761464336615 0.5574583411216736 7
1761464336839 0.5425867438316345 8
1761464337059 0.5484452247619629 9
1761464337303 0.5520504713058472 10
1761464337533 0.559260904788971 11
1761464337758 0.5691753029823303 12
1761464337975 0.5718792080879211 13
1761464338204 0.5678233504295349 14
1761464338427 0.57413250207901 15
1761464338649 0.5763857364654541 16
1761464338922 0.5808922648429871 17
1761464339237 0.5808922648429871 18
1761464339457 0.5890040397644043 19
1761464339694 0.5795403122901917 20
1761464339913 0.5975664854049683 21
1761464340150 0.5971158146858215 22
1761464340374 0.5962145328521729 23
1761464340596 0.5890040397644043 24
1761464340837 0.5944119095802307 25
1761464341063 0.609283447265625 26
1761464341289 0.6115367412567139 27
1761464341517 0.6038756370544434 28
1761464341740 0.6151419281959534 29
1761464341974 0.6142406463623047 30
1761464342201 0.6250563263893127 31
1761464342419 0.6309148073196411 32
1761464342635 0.6214510798454285 33
1761464342860 0.6300135254859924 34
1761464343084 0.6228030920028687 35
1761464343321 0.6264082789421082 36
1761464343545 0.629112184047699 37
1761464343771 0.6381253004074097 38
1761464343993 0.6358720064163208 39
1761464344279 0.6493915915489197 40
1761464344511 0.6453357338905334 41
1761464344730 0.6435331106185913 42
1761464344954 0.6493915915489197 43
1761464345179 0.6480396389961243 44
1761464345401 0.6462370157241821 45
1761464345629 0.6543487906455994 46
1761464345843 0.6575033664703369 47
1761464346063 0.652996838092804 48
1761464346285 0.6511942148208618 49
1761464334989 0.47994592785835266 0
