1761464334989 0.9576226472854614 0
1761464335261 0.9419132471084595 1
1761464335492 0.9380216002464294 2
1761464335707 0.9342880845069885 3
1761464335930 0.9270098805427551 4
1761464336172 0.9259188771247864 5
1761464336393 0.9208332896232605 6
1761464336615 0.9162465929985046 7
1761464336839 0.9123291373252869 8
1761464337059 0.9096875786781311 9
1761464337303 0.9055818319320679 10
1761464337533 0.9000176787376404 11
1761464337758 0.8957891464233398 12
1761464337975 0.8931311368942261 13
1761464338204 0.890791118144989 14
1761464338427 0.8865626454353333 15
1761464338649 0.8839308023452759 16
1761464338922 0.8806591033935547 17
1761464339237 0.875705361366272 18
1761464339457 0.8705953359603882 19
1761464339694 0.8697178959846497 20
1761464339913 0.8663074374198914 21
1761464340150 0.8594806790351868 22
1761464340374 0.8591292500495911 23
1761464340596 0.8547354340553284 24
1761464340837 0.8518747091293335 25
1761464341063 0.8465736508369446 26
1761464341289 0.8407906293869019 27
1761464341517 0.8381487131118774 28
1761464341740 0.8314989805221558 29
1761464341974 0.8318710923194885 30
1761464342201 0.8273927569389343 31
1761464342419 0.8220545649528503 32
1761464342635 0.8212778568267822 33
1761464342860 0.8161444067955017 34
1761464343084 0.8145368695259094 35
1761464343321 0.8128038048744202 36
1761464343545 0.8074836730957031 37
1761464343771 0.8044480681419373 38
1761464343993 0.7975448369979858 39
1761464344279 0.7962512969970703 40
1761464344511 0.7977980971336365 41
1761464344730 0.7873851656913757 42
1761464344954 0.7848882079124451 43
1761464345179 0.7838408946990967 44
1761464345401 0.7835873365402222 45
1761464345629 0.7733281850814819 46
1761464345843 0.7696396112442017 47
1761464346063 0.7706732749938965 48
1761464346285 0.7632225155830383 49
1761464334989 0.9576226472854614 0
