1761597747522 0.5234445333480835 0
1761597747809 0.5243462324142456 1
1761597748044 0.533363401889801 2
1761597748261 0.5297565460205078 3
1761597748481 0.5360685586929321 4
1761597748781 0.533363401889801 5
1761597749015 0.5446348190307617 6
1761597749234 0.5383228063583374 7
1761597749478 0.5446348190307617 8
1761597749776 0.5527502298355103 9
1761597750051 0.548692524433136 10
1761597750398 0.546889066696167 11
1761597750621 0.5568079352378845 12
1761597750839 0.5572587847709656 13
1761597751063 0.5581604838371277 14
1761597751285 0.5707845091819763 15
1761597751501 0.5550045371055603 16
1761597751718 0.5680793523788452 17
1761597751941 0.5752930641174316 18
1761597752264 0.5689810514450073 19
1761597752510 0.5739405155181885 20
1761597752747 0.5752930641174316 21
1761597752980 0.5685302019119263 22
1761597753309 0.5658250451087952 23
1761597753610 0.5852118730545044 24
1761597753915 0.5761947631835938 25
1761597754192 0.5856627821922302 26
1761597754490 0.5892696380615234 27
1761597754724 0.5942290425300598 28
1761597754945 0.5829576253890991 29
1761597755158 0.5838593244552612 30
1761597755376 0.6027953028678894 31
1761597755603 0.5874661803245544 32
1761597755821 0.5951307415962219 33
1761597756035 0.5910730361938477 34
1761597756250 0.5946798920631409 35
1761597756465 0.6023444533348083 36
1761597756680 0.6082056164741516 37
1761597756921 0.595581591129303 38
1761597757292 0.6045987606048584 39
1761597757583 0.6091073155403137 40
1761597757806 0.6118124723434448 41
1761597758021 0.613615870475769 42
1761597758238 0.6109107136726379 43
1761597758464 0.6181244254112244 44
1761597758726 0.6199278831481934 45
1761597758939 0.6145175695419312 46
1761597759175 0.6194770336151123 47
1761597759407 0.613615870475769 48
1761597759684 0.6230838298797607 49
1761597747522 0.5234445333480835 0
