1761597747522 1.007940411567688 0
1761597747809 0.9894855618476868 1
1761597748044 0.9857916235923767 2
1761597748261 0.9802848100662231 3
1761597748481 0.9750621318817139 4
1761597748781 0.9700105786323547 5
1761597749015 0.9658570885658264 6
1761597749234 0.9652267098426819 7
1761597749478 0.9601183533668518 8
1761597749776 0.9581388235092163 9
1761597750051 0.9532762169837952 10
1761597750398 0.9496428370475769 11
1761597750621 0.9476200342178345 12
1761597750839 0.9426394104957581 13
1761597751063 0.9409003853797913 14
1761597751285 0.9362106323242188 15
1761597751501 0.938423752784729 16
1761597751718 0.9307551980018616 17
1761597751941 0.9271780848503113 18
1761597752264 0.9266267418861389 19
1761597752510 0.9183773398399353 20
1761597752747 0.9200149774551392 21
1761597752980 0.9220778346061707 22
1761597753309 0.9191848039627075 23
1761597753610 0.9110010862350464 24
1761597753915 0.9063578844070435 25
1761597754192 0.9041833877563477 26
1761597754490 0.900598406791687 27
1761597754724 0.8992517590522766 28
1761597754945 0.8967058062553406 29
1761597755158 0.893223762512207 30
1761597755376 0.8857978582382202 31
1761597755603 0.8922666907310486 32
1761597755821 0.8779927492141724 33
1761597756035 0.8829050660133362 34
1761597756250 0.8801560401916504 35
1761597756465 0.8746349215507507 36
1761597756680 0.8679372072219849 37
1761597756921 0.8744855523109436 38
1761597757292 0.8707305192947388 39
1761597757583 0.8632665276527405 40
1761597757806 0.8592543005943298 41
1761597758021 0.8503060936927795 42
1761597758238 0.8653489351272583 43
1761597758464 0.8546226024627686 44
1761597758726 0.8488240242004395 45
1761597758939 0.8492501378059387 46
1761597759175 0.848672091960907 47
1761597759407 0.8485537767410278 48
1761597759684 0.8428935408592224 49
1761597747522 1.007940411567688 0
