1761612053681 0.4801623225212097 0
1761612053998 0.5063120126724243 1
1761612054285 0.5063120126724243 2
1761612054564 0.5117222666740417 3
1761612054851 0.5225428342819214 4
1761612055160 0.5270513892173767 5
1761612055432 0.5139765739440918 6
1761612055717 0.517583429813385 7
1761612056004 0.5085662603378296 8
1761612056291 0.53291255235672 9
1761612056575 0.5347159504890442 10
1761612056862 0.531559944152832 11
1761612057151 0.5369702577590942 12
1761612057436 0.5509467720985413 13
1761612057715 0.5577096343040466 14
1761612058002 0.5450856685638428 15
1761612058290 0.5527502298355103 16
1761612058576 0.5545536279678345 17
1761612058858 0.5730387568473816 18
1761612059134 0.5613164901733398 19
1761612059440 0.5568079352378845 20
1761612059739 0.5559062361717224 21
1761612060021 0.562218189239502 22
1761612060324 0.5788999199867249 23
1761612060606 0.5870153307914734 24
1761612060921 0.5915238857269287 25
1761612061194 0.5811541676521301 26
1761612061464 0.5987375974655151 27
1761612061735 0.5892696380615234 28
1761612062058 0.6041478514671326 29
1761612062374 0.6154192686080933 30
1761612062659 0.6203787326812744 31
1761612062945 0.6185752749443054 32
1761612063220 0.6208295822143555 33
1761612063493 0.6257889866828918 34
1761612063782 0.6208295822143555 35
1761612064068 0.6370604038238525 36
1761612064357 0.6541929841041565 37
1761612064640 0.6496844291687012 38
1761612064915 0.6632100939750671 39
1761612065201 0.6532912254333496 40
1761612065484 0.6654644012451172 41
1761612065776 0.6695221066474915 42
1761612066057 0.6803426742553711 43
1761612066330 0.6708746552467346 44
1761612066616 0.6871054768562317 45
1761612066902 0.6834986209869385 46
1761612067182 0.6807935237884521 47
1761612067475 0.693417489528656 48
1761612067762 0.6898106336593628 49
1761612053681 0.4801623225212097 0
