1761595818571 0.49594229459762573 0
1761595818809 0.5144274234771729 1
1761595819041 0.5279530882835388 2
1761595819281 0.5288548469543457 3
1761595819494 0.5360685586929321 4
1761595819707 0.5446348190307617 5
1761595819920 0.5500450730323792 6
1761595820129 0.5532010793685913 7
1761595820344 0.5707845091819763 8
1761595820559 0.5730387568473816 9
1761595820764 0.5752930641174316 10
1761595820966 0.5676285028457642 11
1761595821176 0.5870153307914734 12
1761595821383 0.5924255847930908 13
1761595821596 0.5883678793907166 14
1761595821805 0.5847610235214233 15
1761595822029 0.5879170298576355 16
1761595822236 0.597835898399353 17
1761595822445 0.6073038578033447 18
1761595822654 0.6104598641395569 19
1761595822866 0.6122633218765259 20
1761595823074 0.6127141714096069 21
1761595823281 0.6082056164741516 22
1761595823491 0.6208295822143555 23
1761595823700 0.6330026984214783 24
1761595823909 0.6280432939529419 25
1761595824132 0.6298466920852661 26
1761595824332 0.6330026984214783 27
1761595824543 0.6271415948867798 28
1761595824753 0.6429215669631958 29
1761595824959 0.6321009993553162 30
1761595825170 0.6415689587593079 31
1761595825382 0.6406672596931458 32
1761595825593 0.6541929841041565 33
1761595825802 0.646528422832489 34
1761595826012 0.6591523885726929 35
1761595826225 0.6528403759002686 36
1761595826433 0.6636609435081482 37
1761595826640 0.6496844291687012 38
1761595826855 0.6596032381057739 39
1761595827077 0.6483318209648132 40
1761595827281 0.6681694984436035 41
1761595827504 0.6663661003112793 42
1761595827714 0.662308394908905 43
1761595827925 0.6663661003112793 44
1761595828127 0.6681694984436035 45
1761595828336 0.6735798120498657 46
1761595828546 0.6722272038459778 47
1761595828754 0.6735798120498657 48
1761595828963 0.6798917651176453 49
1761595818571 0.49594229459762573 0
