1761595818571 1.0024559497833252 0
1761595818809 0.9678713083267212 1
1761595819041 0.9558922052383423 2
1761595819281 0.9485994577407837 3
1761595819494 0.9400893449783325 4
1761595819707 0.9354199767112732 5
1761595819920 0.9260681867599487 6
1761595820129 0.9220483899116516 7
1761595820344 0.9106893539428711 8
1761595820559 0.9037285447120667 9
1761595820764 0.9010196328163147 10
1761595820966 0.8983809351921082 11
1761595821176 0.8886876106262207 12
1761595821383 0.882161021232605 13
1761595821596 0.8828983306884766 14
1761595821805 0.8837845325469971 15
1761595822029 0.8857638239860535 16
1761595822236 0.8721320629119873 17
1761595822445 0.8625874519348145 18
1761595822654 0.8602496385574341 19
1761595822866 0.8573247790336609 20
1761595823074 0.8529164791107178 21
1761595823281 0.8502452373504639 22
1761595823491 0.8495057225227356 23
1761595823700 0.839849054813385 24
1761595823909 0.8393115401268005 25
1761595824132 0.8293054103851318 26
1761595824332 0.8278064727783203 27
1761595824543 0.8254945278167725 28
1761595824753 0.8200678825378418 29
1761595824959 0.8193287253379822 30
1761595825170 0.8181037306785583 31
1761595825382 0.8099633455276489 32
1761595825593 0.8019951581954956 33
1761595825802 0.801200270652771 34
1761595826012 0.7935568690299988 35
1761595826225 0.795974612236023 36
1761595826433 0.7888026833534241 37
1761595826640 0.7942216992378235 38
1761595826855 0.7866853475570679 39
1761595827077 0.7973246574401855 40
1761595827281 0.7764817476272583 41
1761595827504 0.7756788730621338 42
1761595827714 0.7762143611907959 43
1761595827925 0.7672708630561829 44
1761595828127 0.7732921838760376 45
1761595828336 0.7608954310417175 46
1761595828546 0.7593212127685547 47
1761595828754 0.7607269287109375 48
1761595828963 0.7485543489456177 49
1761595818571 1.0024559497833252 0
