1761607570942 0.5112714171409607 0
1761607571909 0.533363401889801 1
1761607572808 0.5572587847709656 2
1761607573663 0.5852118730545044 3
1761607574525 0.5870153307914734 4
1761607575392 0.5775473117828369 5
1761607576247 0.613615870475769 6
1761607577093 0.6235347390174866 7
1761607577952 0.6230838298797607 8
1761607578798 0.6492335200309753 9
1761607579668 0.6573489904403687 10
1761607580527 0.6591523885726929 11
1761607581381 0.6672677993774414 12
1761607582234 0.6731289625167847 13
1761607583094 0.6866546273231506 14
1761607583949 0.6862037777900696 15
1761607584807 0.7082957625389099 16
1761607585668 0.6898106336593628 17
1761607586540 0.7114517688751221 18
1761607587438 0.7209197282791138 19
1761607588332 0.7182146310806274 20
1761607589232 0.7195671796798706 21
1761607590122 0.7389540076255798 22
1761607591017 0.7506762742996216 23
1761607591889 0.7651036977767944 24
1761607592742 0.7605951428413391 25
1761607593617 0.7664562463760376 26
1761607594483 0.7759242653846741 27
1761607595342 0.773219108581543 28
1761607596247 0.7831379771232605 29
1761607597141 0.7930567860603333 30
1761607598004 0.7885482311248779 31
1761607598892 0.8020739555358887 32
1761607599756 0.8160504698753357 33
1761607600614 0.7980162501335144 34
1761607601488 0.8178539276123047 35
1761607602355 0.8165013790130615 36
1761607603212 0.8192064762115479 37
1761607604078 0.8291253447532654 38
1761607604940 0.8286744952201843 39
1761607605797 0.8318305015563965 40
1761607606663 0.8408476114273071 41
1761607607534 0.838142454624176 42
1761607608392 0.8494138717651367 43
1761607609263 0.838142454624176 44
1761607610130 0.8354373574256897 45
1761607610993 0.8543733358383179 46
1761607611869 0.8516681790351868 47
1761607612789 0.8602344393730164 48
1761607613655 0.8543733358383179 49
1761607570942 0.5112714171409607 0
