1761607570942 0.946929931640625 0
1761607571909 0.9277979135513306 1
1761607572808 0.9181448221206665 2
1761607573663 0.8930495977401733 3
1761607574525 0.8860728740692139 4
1761607575392 0.876106858253479 5
1761607576247 0.8504043221473694 6
1761607577093 0.8310905694961548 7
1761607577952 0.8306670188903809 8
1761607578798 0.8056881427764893 9
1761607579668 0.8031784892082214 10
1761607580527 0.7844600677490234 11
1761607581381 0.7742202877998352 12
1761607582234 0.7572529315948486 13
1761607583094 0.7344053983688354 14
1761607583949 0.7268956303596497 15
1761607584807 0.6956892609596252 16
1761607585668 0.7136656641960144 17
1761607586540 0.6835424900054932 18
1761607587438 0.6730299592018127 19
1761607588332 0.6504762768745422 20
1761607589232 0.6545553803443909 21
1761607590122 0.6329770088195801 22
1761607591017 0.6103565096855164 23
1761607591889 0.5859482884407043 24
1761607592742 0.5790015459060669 25
1761607593617 0.5566402673721313 26
1761607594483 0.5375812649726868 27
1761607595342 0.5450583696365356 28
1761607596247 0.5093048214912415 29
1761607597141 0.5130165219306946 30
1761607598004 0.49636706709861755 31
1761607598892 0.47380533814430237 32
1761607599756 0.4649002254009247 33
1761607600614 0.47176995873451233 34
1761607601488 0.45829156041145325 35
1761607602355 0.44392505288124084 36
1761607603212 0.439369797706604 37
1761607604078 0.4154967665672302 38
1761607604940 0.4130469560623169 39
1761607605797 0.39741459488868713 40
1761607606663 0.3831426799297333 41
1761607607534 0.38888123631477356 42
1761607608392 0.36918413639068604 43
1761607609263 0.38380947709083557 44
1761607610130 0.3848091959953308 45
1761607610993 0.35838082432746887 46
1761607611869 0.35615435242652893 47
1761607612789 0.3540780544281006 48
1761607613655 0.3338101804256439 49
1761607570942 0.946929931640625 0
