1761595260653 0.3850315511226654 0
1761595260890 0.39404869079589844 1
1761595261137 0.38999098539352417 2
1761595261350 0.39765554666519165 3
1761595261567 0.39945897459983826 4
1761595261782 0.4066726863384247 5
1761595262024 0.3999098241329193 6
1761595262235 0.40712353587150574 7
1761595262457 0.4026149809360504 8
1761595262697 0.40712353587150574 9
1761595262948 0.4084761142730713 10
1761595263194 0.41343551874160767 11
1761595263403 0.3944995403289795 12
1761595263662 0.4120829701423645 13
1761595263903 0.40892696380615234 14
1761595264133 0.40982866287231445 15
1761595264371 0.41163209080696106 16
1761595264723 0.4152389466762543 17
1761595264979 0.41839495301246643 18
1761595265269 0.4165915250778198 19
1761595265557 0.40712353587150574 20
1761595265801 0.41433724761009216 21
1761595266016 0.41253381967544556 22
1761595266235 0.4102795422077179 23
1761595266484 0.4066726863384247 24
1761595266721 0.40892696380615234 25
1761595266960 0.40306583046913147 26
1761595267170 0.4152389466762543 27
1761595267385 0.41163209080696106 28
1761595267617 0.4147880971431732 29
1761595267851 0.4170423746109009 30
1761595268065 0.42380523681640625 31
1761595268284 0.41749322414398193 32
1761595268503 0.4206492304801941 33
1761595268729 0.41614067554473877 34
1761595268945 0.4296663701534271 35
1761595269165 0.42110008001327515 36
1761595269383 0.4215509593486786 37
1761595269608 0.40982866287231445 38
1761595269871 0.426961213350296 39
1761595270095 0.41253381967544556 40
1761595270313 0.42651036381721497 41
1761595270540 0.4283137917518616 42
1761595270758 0.4283137917518616 43
1761595270970 0.4278629422187805 44
1761595271183 0.4120829701423645 45
1761595271396 0.4278629422187805 46
1761595271610 0.4251577854156494 47
1761595271831 0.4251577854156494 48
1761595272041 0.4301172196865082 49
1761595272257 0.4251577854156494 50
1761595272483 0.4242560863494873 51
1761595272702 0.4319206476211548 52
1761595272919 0.43237149715423584 53
1761595273134 0.4310189485549927 54
1761595273346 0.4400360584259033 55
1761595273563 0.4391343593597412 56
1761595273778 0.4301172196865082 57
1761595273990 0.43597835302352905 58
1761595274207 0.426961213350296 59
1761595274420 0.4319206476211548 60
1761595274630 0.43237149715423584 61
1761595274842 0.4409377872943878 62
1761595275058 0.43327322602272034 63
1761595275274 0.44138863682746887 64
1761595275483 0.43237149715423584 65
1761595275723 0.44724977016448975 66
1761595275935 0.4427412152290344 67
1761595276148 0.435527503490448 68
1761595276361 0.43507665395736694 69
1761595276574 0.4391343593597412 70
1761595276787 0.4409377872943878 71
1761595277001 0.4409377872943878 72
1761595277218 0.4418394863605499 73
1761595277429 0.4553651809692383 74
1761595277640 0.4477006196975708 75
1761595277859 0.4400360584259033 76
1761595278071 0.451307475566864 77
1761595278288 0.44905319809913635 78
1761595278499 0.4382326304912567 79
1761595278712 0.44138863682746887 80
1761595278927 0.4495040476322174 81
1761595279137 0.44229036569595337 82
1761595279353 0.44364291429519653 83
1761595279570 0.4607754647731781 84
1761595279787 0.4625788927078247 85
1761595280000 0.44815149903297424 86
1761595280214 0.4580703377723694 87
1761595280429 0.45446348190307617 88
1761595280639 0.44724977016448975 89
1761595280877 0.45852118730545044 90
1761595281090 0.4616771936416626 91
1761595281305 0.4553651809692383 92
1761595281516 0.45446348190307617 93
1761595281731 0.4616771936416626 94
1761595281962 0.466636598110199 95
1761595282188 0.45852118730545044 96
1761595282409 0.46032461524009705 97
1761595282640 0.4643823206424713 98
1761595282857 0.4643823206424713 99
1761595260653 0.3850315511226654 0
