1761595260653 1.092306137084961 0
1761595260890 1.0852391719818115 1
1761595261137 1.0857369899749756 2
1761595261350 1.086010217666626 3
1761595261567 1.085632085800171 4
1761595261782 1.0826771259307861 5
1761595262024 1.0854663848876953 6
1761595262235 1.082554578781128 7
1761595262457 1.0829007625579834 8
1761595262697 1.0818573236465454 9
1761595262948 1.0811164379119873 10
1761595263194 1.0804239511489868 11
1761595263403 1.082083821296692 12
1761595263662 1.0794728994369507 13
1761595263903 1.0802462100982666 14
1761595264133 1.0824240446090698 15
1761595264371 1.0779634714126587 16
1761595264723 1.078256607055664 17
1761595264979 1.0772888660430908 18
1761595265269 1.079787254333496 19
1761595265557 1.0771422386169434 20
1761595265801 1.0776044130325317 21
1761595266016 1.0775426626205444 22
1761595266235 1.0776606798171997 23
1761595266484 1.0772278308868408 24
1761595266721 1.074865698814392 25
1761595266960 1.07522451877594 26
1761595267170 1.0737063884735107 27
1761595267385 1.071985125541687 28
1761595267617 1.0723254680633545 29
1761595267851 1.0738486051559448 30
1761595268065 1.0717384815216064 31
1761595268284 1.0722706317901611 32
1761595268503 1.072898030281067 33
1761595268729 1.0700284242630005 34
1761595268945 1.0694857835769653 35
1761595269165 1.0685853958129883 36
1761595269383 1.0708091259002686 37
1761595269608 1.0706528425216675 38
1761595269871 1.0654889345169067 39
1761595270095 1.067911982536316 40
1761595270313 1.0649272203445435 41
1761595270540 1.0659681558609009 42
1761595270758 1.063008189201355 43
1761595270970 1.0643006563186646 44
1761595271183 1.0622049570083618 45
1761595271396 1.0599210262298584 46
1761595271610 1.060970664024353 47
1761595271831 1.0606168508529663 48
1761595272041 1.063361644744873 49
1761595272257 1.0594991445541382 50
1761595272483 1.0565674304962158 51
1761595272702 1.0571061372756958 52
1761595272919 1.0561373233795166 53
1761595273134 1.0596023797988892 54
1761595273346 1.0561918020248413 55
1761595273563 1.0537432432174683 56
1761595273778 1.0535156726837158 57
1761595273990 1.0539597272872925 58
1761595274207 1.0513851642608643 59
1761595274420 1.055914044380188 60
1761595274630 1.0610589981079102 61
1761595274842 1.0505019426345825 62
1761595275058 1.0505090951919556 63
1761595275274 1.0500085353851318 64
1761595275483 1.0523401498794556 65
1761595275723 1.0474953651428223 66
1761595275935 1.0478019714355469 67
1761595276148 1.0475881099700928 68
1761595276361 1.0531307458877563 69
1761595276574 1.0507413148880005 70
1761595276787 1.0508602857589722 71
1761595277001 1.0459603071212769 72
1761595277218 1.0465015172958374 73
1761595277429 1.0450687408447266 74
1761595277640 1.0443106889724731 75
1761595277859 1.0464811325073242 76
1761595278071 1.043009877204895 77
1761595278288 1.0455961227416992 78
1761595278499 1.0436687469482422 79
1761595278712 1.0452241897583008 80
1761595278927 1.0424296855926514 81
1761595279137 1.0413150787353516 82
1761595279353 1.0433735847473145 83
1761595279570 1.039542555809021 84
1761595279787 1.0391769409179688 85
1761595280000 1.0375676155090332 86
1761595280214 1.0403889417648315 87
1761595280429 1.03759765625 88
1761595280639 1.037624716758728 89
1761595280877 1.037034034729004 90
1761595281090 1.0362040996551514 91
1761595281305 1.0362067222595215 92
1761595281516 1.037100911140442 93
1761595281731 1.0367538928985596 94
1761595281962 1.0323907136917114 95
1761595282188 1.035569190979004 96
1761595282409 1.032678246498108 97
1761595282640 1.0329982042312622 98
1761595282857 1.030495285987854 99
1761595260653 1.092306137084961 0
