1761517222358 0.4844524562358856 0
1761517222630 0.5452906489372253 1
1761517222874 0.5520504713058472 2
1761517223139 0.5529517531394958 3
1761517223348 0.5511491894721985 4
1761517223557 0.5628661513328552 5
1761517223767 0.5673726797103882 6
1761517223979 0.5646687746047974 7
1761517224193 0.578639030456543 8
1761517224410 0.5885534286499023 9
1761517224622 0.5849481821060181 10
1761517224834 0.5935105681419373 11
1761517225066 0.6020730137825012 12
1761517225278 0.5899053812026978 13
1761517225491 0.6200991272926331 14
1761517225702 0.604776918888092 15
1761517225914 0.6155925989151001 16
1761517226142 0.6237043738365173 17
1761517226353 0.6200991272926331 18
1761517226570 0.6390265822410583 19
1761517226781 0.6277602314949036 20
1761517227010 0.6444344520568848 21
1761517227249 0.6448850631713867 22
1761517227475 0.6430824398994446 23
1761517227684 0.6584047079086304 24
1761517227895 0.6547994613647461 25
1761517228106 0.6669670939445496 26
1761517228317 0.6710230112075806 27
1761517228547 0.668319046497345 28
1761517228762 0.683190643787384 29
1761517228974 0.6732762455940247 30
1761517229215 0.668319046497345 31
1761517229426 0.6764308214187622 32
1761517229642 0.6894997954368591 33
1761517229848 0.694456934928894 34
1761517230053 0.6827399730682373 35
1761517230265 0.6976115107536316 36
1761517230479 0.7025687098503113 37
1761517230706 0.7160883545875549 38
1761517230919 0.7034700512886047 39
1761517231148 0.6967102289199829 40
1761517231372 0.7142857313156128 41
1761517231578 0.7138350605964661 42
1761517231788 0.7066246271133423 43
1761517232046 0.7106804847717285 44
1761517232273 0.7138350605964661 45
1761517232485 0.7192429304122925 46
1761517232687 0.7156376838684082 47
1761517232889 0.7219468355178833 48
1761517233096 0.7214961647987366 49
1761517222358 0.4844524562358856 0
