1761611044285 0.4747520387172699 0
1761611044549 0.5189359784126282 1
1761611044779 0.5378719568252563 2
1761611045031 0.5500450730323792 3
1761611045280 0.5653741955757141 4
1761611045507 0.581605076789856 5
1761611045733 0.5892696380615234 6
1761611045962 0.6000901460647583 7
1761611046189 0.6208295822143555 8
1761611046420 0.628494143486023 9
1761611046642 0.6330026984214783 10
1761611046866 0.6519386768341064 11
1761611047107 0.6568980813026428 12
1761611047382 0.6582506895065308 13
1761611047868 0.6803426742553711 14
1761611048126 0.6789900660514832 15
1761611048444 0.6844003796577454 16
1761611048689 0.6880072355270386 17
1761611048916 0.7015329003334045 18
1761611049194 0.7069432139396667 19
1761611049423 0.7141569256782532 20
1761611049651 0.7114517688751221 21
1761611049901 0.7240757346153259 22
1761611050135 0.7294860482215881 23
1761611050360 0.7479711174964905 24
1761611050584 0.7389540076255798 25
1761611050811 0.7479711174964905 26
1761611051046 0.7538322806358337 27
1761611051274 0.7484220266342163 28
1761611051495 0.7592425346374512 29
1761611051724 0.7614968419075012 30
1761611051951 0.7786294221878052 31
1761611052174 0.7759242653846741 32
1761611052406 0.7723174095153809 33
1761611052631 0.7691614031791687 34
1761611052850 0.7709648609161377 35
1761611053070 0.790802538394928 36
1761611053558 0.7862939834594727 37
1761611054028 0.7903516888618469 38
1761611054257 0.7980162501335144 39
1761611054489 0.8128945231437683 40
1761611054750 0.8192064762115479 41
1761611054966 0.8128945231437683 42
1761611055205 0.8092876672744751 43
1761611055429 0.8151487708091736 44
1761611055661 0.8205590844154358 45
1761611055909 0.8300270438194275 46
1761611056146 0.8201082348823547 47
1761611056378 0.8187556266784668 48
1761611056613 0.8264201879501343 49
1761611044285 0.4747520387172699 0
