1761611044285 1.0271459817886353 0
1761611044549 0.9879730343818665 1
1761611044779 0.9703910946846008 2
1761611045031 0.9529716968536377 3
1761611045280 0.9347401261329651 4
1761611045507 0.9195564389228821 5
1761611045733 0.8994399905204773 6
1761611045962 0.8812195062637329 7
1761611046189 0.8656341433525085 8
1761611046420 0.8496075868606567 9
1761611046642 0.8270418643951416 10
1761611046866 0.8059141039848328 11
1761611047107 0.7968107461929321 12
1761611047382 0.7802382111549377 13
1761611047868 0.7511898279190063 14
1761611048126 0.7411023378372192 15
1761611048444 0.7367726564407349 16
1761611048689 0.724128246307373 17
1761611048916 0.7025521993637085 18
1761611049194 0.685282289981842 19
1761611049423 0.6626688838005066 20
1761611049651 0.6765509247779846 21
1761611049901 0.6525728106498718 22
1761611050135 0.6329804062843323 23
1761611050360 0.6169776916503906 24
1761611050584 0.6094962954521179 25
1761611050811 0.6030279994010925 26
1761611051046 0.5876119136810303 27
1761611051274 0.5818808078765869 28
1761611051495 0.5680818557739258 29
1761611051724 0.560452938079834 30
1761611051951 0.5364140272140503 31
1761611052174 0.5459843873977661 32
1761611052406 0.535338282585144 33
1761611052631 0.5189500451087952 34
1761611052850 0.5294830203056335 35
1761611053070 0.5037235617637634 36
1761611053558 0.4999227821826935 37
1761611054028 0.4901701509952545 38
1761611054257 0.461204469203949 39
1761611054489 0.4492959976196289 40
1761611054750 0.4436802268028259 41
1761611054966 0.45447900891304016 42
1761611055205 0.44572919607162476 43
1761611055429 0.43695515394210815 44
1761611055661 0.4340488314628601 45
1761611055909 0.4123806953430176 46
1761611056146 0.4186086654663086 47
1761611056378 0.42494478821754456 48
1761611056613 0.4159466028213501 49
1761611044285 1.0271459817886353 0
