1761527567441 0.569625973701477 0
1761527567742 0.5826948881149292 1
1761527567975 0.5885534286499023 2
1761527568206 0.6034249663352966 3
1761527568498 0.6106353998184204 4
1761527568744 0.6061288714408875 5
1761527568974 0.6277602314949036 6
1761527569200 0.6300135254859924 7
1761527569421 0.6363226771354675 8
1761527569644 0.6345200538635254 9
1761527569871 0.652996838092804 10
1761527570117 0.6511942148208618 11
1761527570353 0.6584047079086304 12
1761527570585 0.659305989742279 13
1761527570816 0.6633618474006653 14
1761527571050 0.672374963760376 15
1761527571281 0.6800360679626465 16
1761527571520 0.6827399730682373 17
1761527571795 0.6913023591041565 18
1761527572022 0.6953582763671875 19
1761527572255 0.6894997954368591 20
1761527572493 0.6958089470863342 21
1761527572722 0.7097792029380798 22
1761527572950 0.7169896364212036 23
1761527573185 0.7061739563941956 24
1761527573415 0.7174403071403503 25
1761527573642 0.7251014113426208 26
1761527573878 0.7246507406234741 27
1761527574105 0.73366379737854 28
1761527574338 0.7341144680976868 29
1761527574589 0.731410562992096 30
1761527574818 0.7498873472213745 31
1761527575043 0.7413249015808105 32
1761527575287 0.7413249015808105 33
1761527575516 0.7417755722999573 34
1761527575744 0.7512392997741699 35
1761527575977 0.762054979801178 36
1761527576266 0.7584497332572937 37
1761527576496 0.7643082737922668 38
1761527576722 0.7647588849067688 39
1761527576952 0.7598016858100891 40
1761527577187 0.7670121788978577 41
1761527577409 0.7697160840034485 42
1761527577633 0.7755745649337769 43
1761527577868 0.7787291407585144 44
1761527578086 0.7688148021697998 45
1761527578302 0.7737719416618347 46
1761527578528 0.7683641314506531 47
1761527578748 0.7805317640304565 48
1761527578979 0.7787291407585144 49
1761527567441 0.569625973701477 0
