1761527567441 0.845873236656189 0
1761527567742 0.7871448397636414 1
1761527567975 0.7769267559051514 2
1761527568206 0.7671800255775452 3
1761527568498 0.7626563906669617 4
1761527568744 0.7613212466239929 5
1761527568974 0.7539986371994019 6
1761527569200 0.7483246922492981 7
1761527569421 0.740318775177002 8
1761527569644 0.738183319568634 9
1761527569871 0.7291827201843262 10
1761527570117 0.7238308191299438 11
1761527570353 0.7178635001182556 12
1761527570585 0.7139275074005127 13
1761527570816 0.7039530277252197 14
1761527571050 0.7023282647132874 15
1761527571281 0.691352367401123 16
1761527571520 0.688942015171051 17
1761527571795 0.6800439357757568 18
1761527572022 0.6776620149612427 19
1761527572255 0.669042706489563 20
1761527572493 0.6585893630981445 21
1761527572722 0.6498972773551941 22
1761527572950 0.6461432576179504 23
1761527573185 0.639165461063385 24
1761527573415 0.6316455006599426 25
1761527573642 0.6228271722793579 26
1761527573878 0.620154619216919 27
1761527574105 0.6063243746757507 28
1761527574338 0.6055893898010254 29
1761527574589 0.594851016998291 30
1761527574818 0.588475227355957 31
1761527575043 0.5925428867340088 32
1761527575287 0.5861903429031372 33
1761527575516 0.5764638781547546 34
1761527575744 0.5786644220352173 35
1761527575977 0.5657501816749573 36
1761527576266 0.5600408315658569 37
1761527576496 0.5551068782806396 38
1761527576722 0.5591923594474792 39
1761527576952 0.5500006675720215 40
1761527577187 0.5428938865661621 41
1761527577409 0.5395581126213074 42
1761527577633 0.5339810848236084 43
1761527577868 0.5350154042243958 44
1761527578086 0.5407618880271912 45
1761527578302 0.5326119661331177 46
1761527578528 0.5361971259117126 47
1761527578748 0.5237140655517578 48
1761527578979 0.5269237756729126 49
1761527567441 0.845873236656189 0
