1761595307166 0.3787195682525635 0
1761595308315 0.4026149809360504 1
1761595309207 0.4129846692085266 2
1761595310164 0.40892696380615234 3
1761595311062 0.4287646412849426 4
1761595312003 0.44724977016448975 5
1761595312976 0.4391343593597412 6
1761595314052 0.48286744952201843 7
1761595315130 0.48196572065353394 8
1761595316242 0.4887285828590393 9
1761595317336 0.5049594044685364 10
1761595318329 0.5139765739440918 11
1761595319386 0.5306582450866699 12
1761595320468 0.5383228063583374 13
1761595321395 0.5608656406402588 14
1761595322334 0.5617673397064209 15
1761595323246 0.5919747352600098 16
1761595324368 0.5964832901954651 17
1761595325439 0.5910730361938477 18
1761595326463 0.6041478514671326 19
1761595327733 0.6163210272789001 20
1761595328983 0.6154192686080933 21
1761595330200 0.6316501498222351 22
1761595331253 0.6406672596931458 23
1761595332316 0.6514878273010254 24
1761595333722 0.6681694984436035 25
1761595334959 0.6541929841041565 26
1761595336199 0.6744815111160278 27
1761595337893 0.6650135517120361 28
1761595339016 0.6902614831924438 29
1761595340301 0.71055006980896 30
1761595341438 0.6943191885948181 31
1761595342709 0.7033363580703735 32
1761595344049 0.7123534679412842 33
1761595345225 0.7227231860160828 34
1761595346353 0.7281334400177002 35
1761595347778 0.7240757346153259 36
1761595349132 0.7502254247665405 37
1761595350250 0.7272317409515381 38
1761595351364 0.759693443775177 39
1761595352438 0.7619476914405823 40
1761595353442 0.7660053968429565 41
1761595354420 0.7772768139839172 42
1761595355427 0.7808836698532104 43
1761595356372 0.7975654006004333 44
1761595357335 0.7944093942642212 45
1761595358332 0.7930567860603333 46
1761595359386 0.7948602437973022 47
1761595360457 0.808836817741394 48
1761595361449 0.8146979212760925 49
1761595362434 0.8151487708091736 50
1761595363431 0.8160504698753357 51
1761595364469 0.8169522285461426 52
1761595365484 0.8286744952201843 53
1761595366523 0.8255184888839722 54
1761595367570 0.8367899060249329 55
1761595368613 0.8458070158958435 56
1761595369580 0.8620378971099854 57
1761595370571 0.853471577167511 58
1761595371558 0.8701533079147339 59
1761595372539 0.8651938438415527 60
1761595373541 0.8899909853935242 61
1761595374552 0.8805229663848877 62
1761595375589 0.8904418349266052 63
1761595376608 0.8859332799911499 64
1761595377585 0.8805229663848877 65
1761595378543 0.8827772736549377 66
1761595379528 0.886384129524231 67
1761595380563 0.8782687187194824 68
1761595381536 0.8800721168518066 69
1761595382496 0.8913435339927673 70
1761595383436 0.8881875276565552 71
1761595384401 0.9071235060691833 72
1761595385378 0.9102795124053955 73
1761595386370 0.9066726565361023 74
1761595387317 0.9147881269454956 75
1761595388292 0.9089269638061523 76
1761595389287 0.9107303619384766 77
1761595390292 0.9134355187416077 78
1761595391298 0.9287646412849426 79
1761595392234 0.9017132520675659 80
1761595393271 0.9152389764785767 81
1761595394250 0.919747531414032 82
1761595395221 0.8967538475990295 83
1761595396226 0.9120829701423645 84
1761595397221 0.9242560863494873 85
1761595398303 0.9292154908180237 86
1761595399251 0.9382326602935791 87
1761595400287 0.9418395161628723 88
1761595401449 0.935527503490448 89
1761595402418 0.9152389764785767 90
1761595403360 0.9287646412849426 91
1761595404301 0.9368800520896912 92
1761595405283 0.9323714971542358 93
1761595406284 0.9341749548912048 94
1761595407611 0.9296663403511047 95
1761595408676 0.9251577854156494 96
1761595409784 0.9292154908180237 97
1761595410755 0.9233543872833252 98
1761595411807 0.935527503490448 99
1761595307166 0.3787195682525635 0
