1761595307166 1.093995213508606 0
1761595308315 1.0843862295150757 1
1761595309207 1.0827040672302246 2
1761595310164 1.0744249820709229 3
1761595311062 1.0661964416503906 4
1761595312003 1.0532569885253906 5
1761595312976 1.0479352474212646 6
1761595314052 1.0302841663360596 7
1761595315130 1.022294282913208 8
1761595316242 1.0186588764190674 9
1761595317336 0.9899914264678955 10
1761595318329 0.9826826453208923 11
1761595319386 0.9618566036224365 12
1761595320468 0.9540772438049316 13
1761595321395 0.9281152486801147 14
1761595322334 0.9111892580986023 15
1761595323246 0.8891953229904175 16
1761595324368 0.8648236393928528 17
1761595325439 0.8584163784980774 18
1761595326463 0.8457604050636292 19
1761595327733 0.8322255611419678 20
1761595328983 0.8148381114006042 21
1761595330200 0.8057867288589478 22
1761595331253 0.7867634892463684 23
1761595332316 0.7685786485671997 24
1761595333722 0.7393797636032104 25
1761595334959 0.753200888633728 26
1761595336199 0.730975866317749 27
1761595337893 0.7263594269752502 28
1761595339016 0.6832627654075623 29
1761595340301 0.6671350598335266 30
1761595341438 0.6744927167892456 31
1761595342709 0.6552230715751648 32
1761595344049 0.6410605311393738 33
1761595345225 0.6315252780914307 34
1761595346353 0.6055139899253845 35
1761595347778 0.6101197004318237 36
1761595349132 0.5526127219200134 37
1761595350250 0.5923818349838257 38
1761595351364 0.5296769738197327 39
1761595352438 0.5348004102706909 40
1761595353442 0.5175597667694092 41
1761595354420 0.505545973777771 42
1761595355427 0.5044499039649963 43
1761595356372 0.4662405252456665 44
1761595357335 0.46013081073760986 45
1761595358332 0.47094759345054626 46
1761595359386 0.4520898461341858 47
1761595360457 0.42205461859703064 48
1761595361449 0.4123677909374237 49
1761595362434 0.41053497791290283 50
1761595363431 0.40958839654922485 51
1761595364469 0.40124762058258057 52
1761595365484 0.3856414258480072 53
1761595366523 0.37900060415267944 54
1761595367570 0.3608744144439697 55
1761595368613 0.3526967167854309 56
1761595369580 0.33695143461227417 57
1761595370571 0.3454247713088989 58
1761595371558 0.3077009916305542 59
1761595372539 0.3255580961704254 60
1761595373541 0.2712402641773224 61
1761595374552 0.2809086740016937 62
1761595375589 0.26895007491111755 63
1761595376608 0.25356319546699524 64
1761595377585 0.28837350010871887 65
1761595378543 0.2718191146850586 66
1761595379528 0.27127328515052795 67
1761595380563 0.293830931186676 68
1761595381536 0.29716402292251587 69
1761595382496 0.2777131199836731 70
1761595383436 0.2676464915275574 71
1761595384401 0.22773315012454987 72
1761595385378 0.23223060369491577 73
1761595386370 0.2167699933052063 74
1761595387317 0.21436309814453125 75
1761595388292 0.22700287401676178 76
1761595389287 0.23245872557163239 77
1761595390292 0.21781927347183228 78
1761595391298 0.1721164584159851 79
1761595392234 0.22345606982707977 80
1761595393271 0.21184121072292328 81
1761595394250 0.19780364632606506 82
1761595395221 0.295049250125885 83
1761595396226 0.23383387923240662 84
1761595397221 0.19080457091331482 85
1761595398303 0.16912207007408142 86
1761595399251 0.15012718737125397 87
1761595400287 0.14759843051433563 88
1761595401449 0.16328935325145721 89
1761595402418 0.19474473595619202 90
1761595403360 0.19168369472026825 91
1761595404301 0.1645156890153885 92
1761595405283 0.17320477962493896 93
1761595406284 0.16962528228759766 94
1761595407611 0.17119470238685608 95
1761595408676 0.17357578873634338 96
1761595409784 0.1755577176809311 97
1761595410755 0.19038598239421844 98
1761595411807 0.16261468827724457 99
1761595307166 1.093995213508606 0
