1761499279097 0.9532040953636169 0
1761499279515 0.928788959980011 1
1761499279898 0.9221839904785156 2
1761499280351 0.9114983081817627 3
1761499280727 0.9014391303062439 4
1761499281096 0.9027574062347412 5
1761499281480 0.8883284330368042 6
1761499281862 0.8759816884994507 7
1761499282252 0.8806707262992859 8
1761499282631 0.8726617693901062 9
1761499283059 0.8504852056503296 10
1761499283472 0.8495289087295532 11
1761499283866 0.8427034616470337 12
1761499284252 0.8258890509605408 13
1761499284637 0.8378795981407166 14
1761499285015 0.8193861842155457 15
1761499285393 0.8099421262741089 16
1761499285804 0.7996564507484436 17
1761499286188 0.7946107387542725 18
1761499286594 0.7925421595573425 19
1761499287012 0.8019989132881165 20
1761499287408 0.7884331345558167 21
1761499287792 0.7765264511108398 22
1761499288178 0.7753219604492188 23
1761499288561 0.7588903903961182 24
1761499288941 0.779512345790863 25
1761499289311 0.7506778836250305 26
1761499289691 0.7419019937515259 27
1761499290064 0.7451418042182922 28
1761499290450 0.736289918422699 29
1761499290924 0.7396407127380371 30
1761499291364 0.7210685014724731 31
1761499291752 0.7122539281845093 32
1761499292119 0.7332731485366821 33
1761499292500 0.6957417130470276 34
1761499292875 0.6931318044662476 35
1761499293261 0.6833066344261169 36
1761499293652 0.6860303282737732 37
1761499294039 0.6626560091972351 38
1761499294415 0.6537861824035645 39
1761499294802 0.670309841632843 40
1761499295187 0.6534463763237 41
1761499295571 0.6556954979896545 42
1761499295948 0.6339614391326904 43
1761499296330 0.6411529779434204 44
1761499296698 0.619252622127533 45
1761499297076 0.6274389028549194 46
1761499297442 0.6102001667022705 47
1761499297823 0.6277174353599548 48
1761499298200 0.6046190857887268 49
1761499279097 0.9532040953636169 0
