1761514886155 0.8784449100494385 0
1761514886588 0.8386375904083252 1
1761514886970 0.8295361995697021 2
1761514887360 0.8153369426727295 3
1761514887754 0.7987473607063293 4
1761514888144 0.7972826957702637 5
1761514888525 0.7735236287117004 6
1761514888917 0.782671332359314 7
1761514889301 0.7770708799362183 8
1761514889685 0.7581892609596252 9
1761514890080 0.7539149522781372 10
1761514890476 0.740001916885376 11
1761514890866 0.7315669655799866 12
1761514891269 0.7188352942466736 13
1761514891693 0.7205800414085388 14
1761514892087 0.7038019895553589 15
1761514892477 0.6964053511619568 16
1761514892855 0.6936994194984436 17
1761514893264 0.679078221321106 18
1761514893660 0.6721992492675781 19
1761514894041 0.6723405718803406 20
1761514894450 0.6634951829910278 21
1761514894843 0.6548011302947998 22
1761514895231 0.6507261395454407 23
1761514895636 0.6328321099281311 24
1761514896031 0.6300690174102783 25
1761514896425 0.6206810474395752 26
1761514896833 0.6152169704437256 27
1761514897228 0.6086836457252502 28
1761514897629 0.5913214087486267 29
1761514898025 0.6123326420783997 30
1761514898427 0.6153815984725952 31
1761514898819 0.5701451897621155 32
1761514899225 0.5800549983978271 33
1761514899614 0.5490195751190186 34
1761514900031 0.5465421080589294 35
1761514900424 0.5469077825546265 36
1761514900828 0.5524824857711792 37
1761514901224 0.539786696434021 38
1761514901628 0.5281223058700562 39
1761514902038 0.52391517162323 40
1761514902465 0.5056145191192627 41
1761514902824 0.51405268907547 42
1761514903204 0.5407499670982361 43
1761514903585 0.5227161645889282 44
1761514903957 0.49096354842185974 45
1761514904358 0.4777030646800995 46
1761514904745 0.4745875895023346 47
1761514905122 0.4766099750995636 48
1761514905533 0.46342983841896057 49
1761514886155 0.8784449100494385 0
