1761524626540 0.44930148124694824 0
1761524628763 0.4655250012874603 1
1761524629866 0.45606130361557007 2
1761524630899 0.46191978454589844 3
1761524632149 0.4641730487346649 4
1761524632937 0.47228482365608215 5
1761524633529 0.47228482365608215 6
1761524634257 0.47228482365608215 7
1761524635622 0.4677782654762268 8
1761524636722 0.47228482365608215 9
1761524637643 0.47949525713920593 10
1761524638797 0.48760703206062317 11
1761524639861 0.4957188069820404 12
1761524640506 0.5047318339347839 13
1761524641206 0.5074357986450195 14
1761524642305 0.5015772581100464 15
1761524643593 0.5105903744697571 16
1761524644838 0.5092384219169617 17
1761524645622 0.5087877511978149 18
1761524646460 0.5051825046539307 19
1761524647471 0.5141955614089966 20
1761524648098 0.5114916563034058 21
1761524649076 0.5137449502944946 22
1761524650318 0.5182514786720276 23
1761524651580 0.5182514786720276 24
1761524652252 0.5146462321281433 25
1761524652880 0.5168995261192322 26
1761524653564 0.5178008079528809 27
1761524654385 0.5227580070495605 28
1761524655218 0.5173501372337341 29
1761524656402 0.5223073363304138 30
1761524657686 0.5214060544967651 31
1761524658374 0.5232086777687073 32
1761524659059 0.5164488554000854 33
1761524660287 0.5227580070495605 34
1761524661191 0.5245606303215027 35
1761524662303 0.5259125828742981 36
1761524663602 0.5263632535934448 37
1761524664402 0.5263632535934448 38
1761524665079 0.5200541019439697 39
1761524665928 0.5290671586990356 40
1761524666760 0.5268138647079468 41
1761524667453 0.5286164879798889 42
1761524668273 0.5286164879798889 43
1761524669105 0.5281658172607422 44
1761524669824 0.5218566656112671 45
1761524671059 0.5290671586990356 46
1761524672582 0.530419111251831 47
1761524673781 0.5353763103485107 48
1761524674804 0.5344749689102173 49
1761524626540 0.44930148124694824 0
