1761533672798 0.8634420037269592 0
1761533673217 0.8425774574279785 1
1761533673603 0.8247150778770447 2
1761533673963 0.8210253119468689 3
1761533674333 0.8100032210350037 4
1761533674686 0.8038846850395203 5
1761533675044 0.7939008474349976 6
1761533675417 0.7823929190635681 7
1761533675782 0.7817277908325195 8
1761533676163 0.7686769962310791 9
1761533676522 0.7626380324363708 10
1761533676880 0.7509090900421143 11
1761533677252 0.7361934781074524 12
1761533677604 0.7389855980873108 13
1761533677971 0.7230380177497864 14
1761533678327 0.7028926610946655 15
1761533678693 0.693549633026123 16
1761533679060 0.6844754815101624 17
1761533679434 0.6837477684020996 18
1761533679804 0.6626352071762085 19
1761533680175 0.6621877551078796 20
1761533680527 0.6569071412086487 21
1761533680900 0.6458798050880432 22
1761533681245 0.6180866956710815 23
1761533681600 0.6258326172828674 24
1761533681977 0.6211845278739929 25
1761533682348 0.6028518080711365 26
1761533682705 0.583159327507019 27
1761533683080 0.5890193581581116 28
1761533683436 0.5727881193161011 29
1761533683805 0.5726106762886047 30
1761533684164 0.5686503648757935 31
1761533684494 0.5576030015945435 32
1761533684844 0.5395910739898682 33
1761533685197 0.5416549444198608 34
1761533685569 0.5347885489463806 35
1761533685918 0.5255321264266968 36
1761533686275 0.5185597538948059 37
1761533686657 0.5239336490631104 38
1761533687023 0.5060890316963196 39
1761533687385 0.5015679597854614 40
1761533687747 0.4909454584121704 41
1761533688120 0.47376763820648193 42
1761533688489 0.4698057174682617 43
1761533688883 0.46079927682876587 44
1761533689239 0.48160693049430847 45
1761533689691 0.45796069502830505 46
1761533690062 0.4424903690814972 47
1761533690409 0.4556867778301239 48
1761533690757 0.42863357067108154 49
1761533691101 0.4285855293273926 50
1761533691492 0.432740181684494 51
1761533691833 0.40365082025527954 52
1761533692191 0.4080890715122223 53
1761533692542 0.38946256041526794 54
1761533692887 0.38419896364212036 55
1761533693229 0.3797440528869629 56
1761533693585 0.38540399074554443 57
1761533693936 0.3801787495613098 58
1761533694284 0.3776164948940277 59
1761533694643 0.3693251609802246 60
1761533694995 0.3670309782028198 61
1761533695347 0.36370518803596497 62
1761533695686 0.3571533262729645 63
1761533696043 0.3372285068035126 64
1761533696392 0.34216123819351196 65
1761533696732 0.3358689844608307 66
1761533697082 0.3289278745651245 67
1761533697429 0.32907620072364807 68
1761533697782 0.33338919281959534 69
1761533698132 0.3293950855731964 70
1761533698493 0.32122740149497986 71
1761533698850 0.32189637422561646 72
1761533699208 0.289588063955307 73
1761533699565 0.29858309030532837 74
1761533699926 0.2956905663013458 75
1761533700286 0.30189982056617737 76
1761533700641 0.2944868505001068 77
1761533700987 0.2807011306285858 78
1761533701341 0.28508418798446655 79
1761533701695 0.2874700725078583 80
1761533702058 0.26435619592666626 81
1761533702415 0.27134615182876587 82
1761533702772 0.25393831729888916 83
1761533703121 0.2821778953075409 84
1761533703474 0.26089075207710266 85
1761533703836 0.24308308959007263 86
1761533704199 0.2380732297897339 87
1761533704564 0.2589145004749298 88
1761533704928 0.2587336599826813 89
1761533705277 0.23755303025245667 90
1761533705631 0.24503394961357117 91
1761533705992 0.2306419461965561 92
1761533706339 0.23547424376010895 93
1761533706709 0.2558397054672241 94
1761533707071 0.24123665690422058 95
1761533707439 0.21976739168167114 96
1761533707800 0.22143781185150146 97
1761533708166 0.25291311740875244 98
1761533708530 0.23826320469379425 99
1761533672798 0.8634420037269592 0
