1761585692777 0.49368801712989807 0
1761585693011 0.5532010793685913 1
1761585693245 0.5504959225654602 2
1761585693475 0.5554553866386414 3
1761585693693 0.5545536279678345 4
1761585693935 0.5437331199645996 5
1761585694159 0.5550045371055603 6
1761585694396 0.5568079352378845 7
1761585694614 0.564021646976471 8
1761585694848 0.5595130920410156 9
1761585695056 0.5410279631614685 10
1761585695270 0.5414788126945496 11
1761585695479 0.5671776533126831 12
1761585695697 0.5559062361717224 13
1761585695936 0.5572587847709656 14
1761585696153 0.5527502298355103 15
1761585696403 0.5604147911071777 16
1761585696727 0.5662758946418762 17
1761585696943 0.5568079352378845 18
1761585697197 0.5554553866386414 19
1761585697414 0.5586113333702087 20
1761585697661 0.5581604838371277 21
1761585697877 0.5671776533126831 22
1761585698089 0.5577096343040466 23
1761585698307 0.5568079352378845 24
1761585698520 0.5559062361717224 25
1761585698740 0.5536519289016724 26
1761585698950 0.5563570857048035 27
1761585699169 0.5680793523788452 28
1761585699384 0.5581604838371277 29
1761585699594 0.5604147911071777 30
1761585699811 0.562218189239502 31
1761585700025 0.5554553866386414 32
1761585700247 0.566726803779602 33
1761585700458 0.5626690983772278 34
1761585700670 0.5613164901733398 35
1761585700885 0.5613164901733398 36
1761585701094 0.5613164901733398 37
1761585701330 0.5676285028457642 38
1761585701544 0.5631199479103088 39
1761585701762 0.5550045371055603 40
1761585701980 0.5680793523788452 41
1761585702193 0.564472496509552 42
1761585702408 0.5725879073143005 43
1761585702627 0.5716862082481384 44
1761585702843 0.5685302019119263 45
1761585703055 0.5703336596488953 46
1761585703271 0.566726803779602 47
1761585703484 0.5658250451087952 48
1761585703699 0.5721370577812195 49
1761585703917 0.579801619052887 50
1761585704129 0.5608656406402588 51
1761585704340 0.5676285028457642 52
1761585704550 0.5595130920410156 53
1761585704763 0.5770964622497559 54
1761585704984 0.5766456127166748 55
1761585705199 0.5865644812583923 56
1761585705411 0.5712353587150574 57
1761585705625 0.5721370577812195 58
1761585705844 0.5716862082481384 59
1761585706072 0.5725879073143005 60
1761585706290 0.5784490704536438 61
1761585706503 0.5793507695198059 62
1761585706724 0.5807033181190491 63
1761585706937 0.5847610235214233 64
1761585707149 0.5784490704536438 65
1761585707370 0.5752930641174316 66
1761585707584 0.5865644812583923 67
1761585707796 0.5874661803245544 68
1761585708053 0.5766456127166748 69
1761585708263 0.5793507695198059 70
1761585708488 0.5834084749221802 71
1761585708703 0.5739405155181885 72
1761585708920 0.5892696380615234 73
1761585709130 0.5834084749221802 74
1761585709348 0.579801619052887 75
1761585709561 0.5852118730545044 76
1761585709771 0.5843101739883423 77
1761585709984 0.5838593244552612 78
1761585710196 0.5847610235214233 79
1761585710407 0.5901713371276855 80
1761585710618 0.5906221866607666 81
1761585710825 0.5874661803245544 82
1761585711033 0.5883678793907166 83
1761585711239 0.6023444533348083 84
1761585711454 0.5856627821922302 85
1761585711670 0.5888187289237976 86
1761585711885 0.5861136317253113 87
1761585712100 0.5919747352600098 88
1761585712316 0.596032440662384 89
1761585712531 0.5946798920631409 90
1761585712743 0.5906221866607666 91
1761585712962 0.5919747352600098 92
1761585713182 0.5856627821922302 93
1761585713395 0.597835898399353 94
1761585713609 0.595581591129303 95
1761585713821 0.595581591129303 96
1761585714033 0.597385048866272 97
1761585714247 0.6027953028678894 98
1761585714459 0.5964832901954651 99
1761585692777 0.49368801712989807 0
