1761585692777 0.9283403158187866 0
1761585693011 0.8483235836029053 1
1761585693245 0.8453563451766968 2
1761585693475 0.8485286235809326 3
1761585693693 0.8439791202545166 4
1761585693935 0.8446196913719177 5
1761585694159 0.8460747599601746 6
1761585694396 0.842198371887207 7
1761585694614 0.8438816070556641 8
1761585694848 0.8433251976966858 9
1761585695056 0.8471199870109558 10
1761585695270 0.8475481271743774 11
1761585695479 0.8441619277000427 12
1761585695697 0.8426216244697571 13
1761585695936 0.8398854732513428 14
1761585696153 0.8420237898826599 15
1761585696403 0.8423475623130798 16
1761585696727 0.8444030284881592 17
1761585696943 0.8393911123275757 18
1761585697197 0.8397935628890991 19
1761585697414 0.8375034332275391 20
1761585697661 0.840307891368866 21
1761585697877 0.8404346704483032 22
1761585698089 0.8389103412628174 23
1761585698307 0.8387981057167053 24
1761585698520 0.8413731455802917 25
1761585698740 0.8410971164703369 26
1761585698950 0.8405234217643738 27
1761585699169 0.8353894352912903 28
1761585699384 0.8363226056098938 29
1761585699594 0.8354283571243286 30
1761585699811 0.8373488783836365 31
1761585700025 0.8344780206680298 32
1761585700247 0.8351108431816101 33
1761585700458 0.8350194692611694 34
1761585700670 0.8352926969528198 35
1761585700885 0.8343775272369385 36
1761585701094 0.8368192315101624 37
1761585701330 0.8345025777816772 38
1761585701544 0.8321725130081177 39
1761585701762 0.8347250819206238 40
1761585701980 0.8311461210250854 41
1761585702193 0.8302386403083801 42
1761585702408 0.8291747570037842 43
1761585702627 0.8305617570877075 44
1761585702843 0.8296498656272888 45
1761585703055 0.8307181000709534 46
1761585703271 0.8288720846176147 47
1761585703484 0.8290953040122986 48
1761585703699 0.8254675269126892 49
1761585703917 0.8283637166023254 50
1761585704129 0.8303475379943848 51
1761585704340 0.8276537656784058 52
1761585704550 0.8311461210250854 53
1761585704763 0.8237012028694153 54
1761585704984 0.8230612277984619 55
1761585705199 0.8227562308311462 56
1761585705411 0.8245156407356262 57
1761585705625 0.8218528032302856 58
1761585705844 0.8222386837005615 59
1761585706072 0.8186852335929871 60
1761585706290 0.8210803866386414 61
1761585706503 0.820087730884552 62
1761585706724 0.8189846277236938 63
1761585706937 0.8171811699867249 64
1761585707149 0.8184690475463867 65
1761585707370 0.8199129700660706 66
1761585707584 0.8151595592498779 67
1761585707796 0.8162890076637268 68
1761585708053 0.8153569102287292 69
1761585708263 0.8133968710899353 70
1761585708488 0.8123340606689453 71
1761585708703 0.8166273832321167 72
1761585708920 0.8140262961387634 73
1761585709130 0.8159558773040771 74
1761585709348 0.8127653002738953 75
1761585709561 0.811601996421814 76
1761585709771 0.8108096718788147 77
1761585709984 0.8124464750289917 78
1761585710196 0.8101087808609009 79
1761585710407 0.8094356656074524 80
1761585710618 0.8085498213768005 81
1761585710825 0.8075801730155945 82
1761585711033 0.8093098998069763 83
1761585711239 0.8069182634353638 84
1761585711454 0.8087635636329651 85
1761585711670 0.807474672794342 86
1761585711885 0.8059402704238892 87
1761585712100 0.8048235774040222 88
1761585712316 0.8067679405212402 89
1761585712531 0.8036733269691467 90
1761585712743 0.8024347424507141 91
1761585712962 0.8041198253631592 92
1761585713182 0.805717408657074 93
1761585713395 0.8031719923019409 94
1761585713609 0.8025789260864258 95
1761585713821 0.80005943775177 96
1761585714033 0.8003940582275391 97
1761585714247 0.8012018799781799 98
1761585714459 0.8007693290710449 99
1761585692777 0.9283403158187866 0
