1761514965948 0.5065344572067261 0
1761514966207 0.5601622462272644 1
1761514966426 0.5754844546318054 2
1761514966662 0.5953131914138794 3
1761514966899 0.5984677672386169 4
1761514967132 0.609283447265625 5
1761514967373 0.6196485161781311 6
1761514967616 0.6268589496612549 7
1761514967853 0.6489409804344177 8
1761514968088 0.643983781337738 9
1761514968317 0.6633618474006653 10
1761514968537 0.6611086130142212 11
1761514968764 0.6674177646636963 12
1761514968996 0.6732762455940247 13
1761514969218 0.6611086130142212 14
1761514969424 0.679134726524353 15
1761514969643 0.6890491247177124 16
1761514969860 0.6953582763671875 17
1761514970078 0.6885984539985657 18
1761514970295 0.7012167572975159 19
1761514970510 0.6931049823760986 20
1761514970735 0.6953582763671875 21
1761514970970 0.7097792029380798 22
1761514971181 0.7106804847717285 23
1761514971401 0.7097792029380798 24
1761514971622 0.7061739563941956 25
1761514971837 0.7196935415267944 26
1761514972115 0.7205948829650879 27
1761514972333 0.7242000699043274 28
1761514972553 0.7196935415267944 29
1761514972770 0.7273546457290649 30
1761514972985 0.7214961647987366 31
1761514973217 0.7246507406234741 32
1761514973442 0.7246507406234741 33
1761514973662 0.7417755722999573 34
1761514973883 0.7237494587898254 35
1761514974102 0.7390716671943665 36
1761514974317 0.742676854133606 37
1761514974552 0.7503380179405212 38
1761514974760 0.7485353946685791 39
1761514974989 0.7521405816078186 40
1761514975228 0.7503380179405212 41
1761514975460 0.7552951574325562 42
1761514975685 0.7530419230461121 43
1761514975940 0.7589004039764404 44
1761514976147 0.7539432048797607 45
1761514976382 0.7579991221427917 46
1761514976655 0.7593510746955872 47
1761514976880 0.7661108374595642 48
1761514977104 0.7674628496170044 49
1761514965948 0.5065344572067261 0
