1761514965948 0.9028159379959106 0
1761514966207 0.843090295791626 1
1761514966426 0.8292759656906128 2
1761514966662 0.8210946321487427 3
1761514966899 0.8117429614067078 4
1761514967132 0.8011425137519836 5
1761514967373 0.7905631065368652 6
1761514967616 0.7806686162948608 7
1761514967853 0.7721865177154541 8
1761514968088 0.768431544303894 9
1761514968317 0.7547876238822937 10
1761514968537 0.7441500425338745 11
1761514968764 0.7399535775184631 12
1761514968996 0.7322054505348206 13
1761514969218 0.7391254305839539 14
1761514969424 0.7211551666259766 15
1761514969643 0.7164488434791565 16
1761514969860 0.7081013321876526 17
1761514970078 0.7091991901397705 18
1761514970295 0.6945209503173828 19
1761514970510 0.6969535946846008 20
1761514970735 0.6907081007957458 21
1761514970970 0.6802172064781189 22
1761514971181 0.673098623752594 23
1761514971401 0.6679764986038208 24
1761514971622 0.6725271940231323 25
1761514971837 0.6595556735992432 26
1761514972115 0.6596760749816895 27
1761514972333 0.6526671051979065 28
1761514972553 0.6444422602653503 29
1761514972770 0.6438284516334534 30
1761514972985 0.6405287981033325 31
1761514973217 0.6337915658950806 32
1761514973442 0.6324899792671204 33
1761514973662 0.6244033575057983 34
1761514973883 0.6276134848594666 35
1761514974102 0.6180254817008972 36
1761514974317 0.6100792288780212 37
1761514974552 0.6042644381523132 38
1761514974760 0.6070361733436584 39
1761514974989 0.6009711027145386 40
1761514975228 0.5922357439994812 41
1761514975460 0.5912110805511475 42
1761514975685 0.5967373251914978 43
1761514975940 0.5850085020065308 44
1761514976147 0.5830668807029724 45
1761514976382 0.5818979740142822 46
1761514976655 0.5802128911018372 47
1761514976880 0.574128270149231 48
1761514977104 0.5702879428863525 49
1761514965948 0.9028159379959106 0
