1761596504043 0.39855724573135376 0
1761596504315 0.4337240755558014 1
1761596504551 0.4522092044353485 2
1761596504764 0.4607754647731781 3
1761596504974 0.45266005396842957 4
1761596505207 0.4792605936527252 5
1761596505427 0.4923354387283325 6
1761596505643 0.4896303117275238 7
1761596505864 0.49504056572914124 8
1761596506083 0.5081154108047485 9
1761596506301 0.5067628622055054 10
1761596506516 0.5130748152732849 11
1761596506737 0.5135257244110107 12
1761596506956 0.5135257244110107 13
1761596507188 0.5284039378166199 14
1761596507428 0.5067628622055054 15
1761596507635 0.5369702577590942 16
1761596507846 0.5198376774787903 17
1761596508070 0.5297565460205078 18
1761596508284 0.5347159504890442 19
1761596508533 0.5392245054244995 20
1761596508761 0.5604147911071777 21
1761596509004 0.5500450730323792 22
1761596509248 0.5464382171630859 23
1761596509490 0.5495942234992981 24
1761596509739 0.564021646976471 25
1761596509962 0.5563570857048035 26
1761596510357 0.5653741955757141 27
1761596510640 0.5676285028457642 28
1761596511089 0.5847610235214233 29
1761596511459 0.5766456127166748 30
1761596511863 0.5752930641174316 31
1761596512173 0.5676285028457642 32
1761596512449 0.5775473117828369 33
1761596512744 0.5928764939308167 34
1761596513041 0.5843101739883423 35
1761596513306 0.5843101739883423 36
1761596513549 0.595581591129303 37
1761596513838 0.597385048866272 38
1761596514089 0.5906221866607666 39
1761596514339 0.597385048866272 40
1761596514571 0.5865644812583923 41
1761596514788 0.595581591129303 42
1761596515008 0.6082056164741516 43
1761596515255 0.6032461524009705 44
1761596515483 0.6055004596710205 45
1761596515701 0.613615870475769 46
1761596515923 0.6073038578033447 47
1761596516152 0.613165020942688 48
1761596516384 0.611361563205719 49
1761596504043 0.39855724573135376 0
