1761596504043 1.0842745304107666 0
1761596504315 1.0667264461517334 1
1761596504551 1.0528709888458252 2
1761596504764 1.041947364807129 3
1761596504974 1.036453127861023 4
1761596505207 1.022081732749939 5
1761596505427 1.014316201210022 6
1761596505643 1.011136531829834 7
1761596505864 1.004610300064087 8
1761596506083 0.9968624114990234 9
1761596506301 0.9936205148696899 10
1761596506516 0.9867594838142395 11
1761596506737 0.9825076460838318 12
1761596506956 0.9774954915046692 13
1761596507188 0.9688689708709717 14
1761596507428 0.9717654585838318 15
1761596507635 0.9588381052017212 16
1761596507846 0.9611592888832092 17
1761596508070 0.9538125991821289 18
1761596508284 0.9479149580001831 19
1761596508533 0.9413455128669739 20
1761596508761 0.934471607208252 21
1761596509004 0.9252525568008423 22
1761596509248 0.924937903881073 23
1761596509490 0.9304511547088623 24
1761596509739 0.9134546518325806 25
1761596509962 0.9140099883079529 26
1761596510357 0.9071130156517029 27
1761596510640 0.9028686881065369 28
1761596511089 0.8991457223892212 29
1761596511459 0.8870420455932617 30
1761596511863 0.8894631862640381 31
1761596512173 0.8874501585960388 32
1761596512449 0.8783692717552185 33
1761596512744 0.8766666054725647 34
1761596513041 0.8714642524719238 35
1761596513306 0.869117259979248 36
1761596513549 0.8651093244552612 37
1761596513838 0.8586165904998779 38
1761596514089 0.8667840361595154 39
1761596514339 0.8515753746032715 40
1761596514571 0.8568904399871826 41
1761596514788 0.8455934524536133 42
1761596515008 0.8429684042930603 43
1761596515255 0.8322669267654419 44
1761596515483 0.8363695740699768 45
1761596515701 0.8320326209068298 46
1761596515923 0.8261198997497559 47
1761596516152 0.8256790041923523 48
1761596516384 0.8201292157173157 49
1761596504043 1.0842745304107666 0
