1761604744603 0.35843101143836975 0
1761604744997 0.3683498501777649 1
1761604745364 0.3782687187194824 2
1761604745746 0.37511271238327026 3
1761604746108 0.3755635619163513 4
1761604746459 0.3859332799911499 5
1761604746827 0.377817839384079 6
1761604747168 0.3642921447753906 7
1761604747512 0.39404869079589844 8
1761604747851 0.4048692584037781 9
1761604748194 0.4017132520675659 10
1761604748539 0.3908926844596863 11
1761604748887 0.40532010793685913 12
1761604749233 0.40982866287231445 13
1761604749575 0.419747531414032 14
1761604749917 0.3972046971321106 15
1761604750262 0.41343551874160767 16
1761604750612 0.4346257746219635 17
1761604750963 0.435527503490448 18
1761604751307 0.42470693588256836 19
1761604751645 0.435527503490448 20
1761604751983 0.43237149715423584 21
1761604752339 0.4310189485549927 22
1761604752680 0.4391343593597412 23
1761604753024 0.43778178095817566 24
1761604753392 0.43597835302352905 25
1761604753767 0.4364292025566101 26
1761604754100 0.4328223764896393 27
1761604754447 0.45266005396842957 28
1761604754801 0.4625788927078247 29
1761604755156 0.4562669098377228 30
1761604755512 0.4504057765007019 31
1761604755864 0.45446348190307617 32
1761604756206 0.459873765707016 33
1761604756553 0.45761948823928833 34
1761604756906 0.45266005396842957 35
1761604757251 0.4580703377723694 36
1761604757605 0.46032461524009705 37
1761604757960 0.45852118730545044 38
1761604758312 0.47880974411964417 39
1761604758657 0.47700631618499756 40
1761604759006 0.47339946031570435 41
1761604759348 0.4801623225212097 42
1761604759687 0.4797114431858063 43
1761604760038 0.4972948729991913 44
1761604760420 0.48286744952201843 45
1761604760768 0.4923354387283325 46
1761604761145 0.49954915046691895 47
1761604761504 0.49368801712989807 48
1761604761863 0.4860234558582306 49
1761604744603 0.35843101143836975 0
