1761604744603 1.1043723821640015 0
1761604744997 1.0984278917312622 1
1761604745364 1.0951803922653198 2
1761604745746 1.094857931137085 3
1761604746108 1.1002558469772339 4
1761604746459 1.0938494205474854 5
1761604746827 1.0884270668029785 6
1761604747168 1.0892564058303833 7
1761604747512 1.0845954418182373 8
1761604747851 1.0825130939483643 9
1761604748194 1.0814101696014404 10
1761604748539 1.0821466445922852 11
1761604748887 1.0804333686828613 12
1761604749233 1.0796997547149658 13
1761604749575 1.077039361000061 14
1761604749917 1.0778647661209106 15
1761604750262 1.0745030641555786 16
1761604750612 1.069390058517456 17
1761604750963 1.067613124847412 18
1761604751307 1.0687971115112305 19
1761604751645 1.0694397687911987 20
1761604751983 1.0659140348434448 21
1761604752339 1.059801697731018 22
1761604752680 1.0595396757125854 23
1761604753024 1.0582551956176758 24
1761604753392 1.0594582557678223 25
1761604753767 1.0558823347091675 26
1761604754100 1.0594967603683472 27
1761604754447 1.054023265838623 28
1761604754801 1.050729751586914 29
1761604755156 1.0525145530700684 30
1761604755512 1.05183744430542 31
1761604755864 1.0461052656173706 32
1761604756206 1.042301893234253 33
1761604756553 1.0455386638641357 34
1761604756906 1.040486454963684 35
1761604757251 1.0453546047210693 36
1761604757605 1.0377084016799927 37
1761604757960 1.0381397008895874 38
1761604758312 1.032299280166626 39
1761604758657 1.0272386074066162 40
1761604759006 1.0290448665618896 41
1761604759348 1.0242018699645996 42
1761604759687 1.0246237516403198 43
1761604760038 1.0204936265945435 44
1761604760420 1.0222117900848389 45
1761604760768 1.020986557006836 46
1761604761145 1.011677622795105 47
1761604761504 1.0121647119522095 48
1761604761863 1.0089035034179688 49
1761604744603 1.1043723821640015 0
