1761607682861 0.4941388666629791 0
1761607683733 0.4941388666629791 1
1761607684343 0.500450849533081 2
1761607684905 0.5058611631393433 3
1761607685531 0.491433709859848 4
1761607686110 0.5121731162071228 5
1761607686661 0.5085662603378296 6
1761607687191 0.5036068558692932 7
1761607687887 0.491433709859848 8
1761607688480 0.5045085549354553 9
1761607689053 0.49098286032676697 10
1761607689638 0.5045085549354553 11
1761607690229 0.5121731162071228 12
1761607690847 0.5121731162071228 13
1761607691463 0.5108205676078796 14
1761607692035 0.4972948729991913 15
1761607692585 0.500450849533081 16
1761607693126 0.5027051568031311 17
1761607693687 0.49954915046691895 18
1761607694222 0.5031560063362122 19
1761607694732 0.5081154108047485 20
1761607695276 0.4972948729991913 21
1761607695838 0.5094679594039917 22
1761607696427 0.5180342793464661 23
1761607697003 0.5099188685417175 24
1761607697581 0.5130748152732849 25
1761607698180 0.5338142514228821 26
1761607698792 0.5198376774787903 27
1761607699371 0.5207393765449524 28
1761607700174 0.5293056964874268 29
1761607700772 0.5392245054244995 30
1761607701348 0.5306582450866699 31
1761607701914 0.531559944152832 32
1761607702539 0.5365194082260132 33
1761607703139 0.5563570857048035 34
1761607703766 0.5432822108268738 35
1761607704513 0.5559062361717224 36
1761607705234 0.5541027784347534 37
1761607706004 0.5590622425079346 38
1761607706595 0.562218189239502 39
1761607707259 0.5586113333702087 40
1761607707913 0.5541027784347534 41
1761607708536 0.5807033181190491 42
1761607709179 0.5766456127166748 43
1761607709801 0.5649233460426331 44
1761607710409 0.5685302019119263 45
1761607710997 0.5739405155181885 46
1761607711557 0.5743913650512695 47
1761607712186 0.5779982209205627 48
1761607712759 0.5712353587150574 49
1761607682861 0.4941388666629791 0
