1761601254820 1.0174064636230469 0
1761601255789 1.0000265836715698 1
1761601256708 0.9983059763908386 2
1761601257583 0.9897773265838623 3
1761601258511 0.9851832389831543 4
1761601259386 0.9819657206535339 5
1761601260282 0.9736688137054443 6
1761601261189 0.9736728668212891 7
1761601262068 0.9600988626480103 8
1761601263044 0.9532113075256348 9
1761601263912 0.950803816318512 10
1761601264783 0.9358633160591125 11
1761601265648 0.9326814413070679 12
1761601266515 0.9263916015625 13
1761601267380 0.9073341488838196 14
1761601268257 0.9019449949264526 15
1761601269165 0.890553891658783 16
1761601270047 0.876008152961731 17
1761601270922 0.8601206541061401 18
1761601271805 0.8431668281555176 19
1761601272675 0.8333404064178467 20
1761601273545 0.8260251879692078 21
1761601274431 0.816871702671051 22
1761601275323 0.8026779890060425 23
1761601276197 0.782184362411499 24
1761601277073 0.7724276781082153 25
1761601277975 0.7524470090866089 26
1761601278848 0.7315163016319275 27
1761601279730 0.7323046922683716 28
1761601280617 0.7173899412155151 29
1761601281503 0.7073224186897278 30
1761601282375 0.6853552460670471 31
1761601283240 0.6725883483886719 32
1761601284175 0.6593178510665894 33
1761601285284 0.6320137977600098 34
1761601286403 0.6173130869865417 35
1761601287341 0.6167097091674805 36
1761601288275 0.6316700577735901 37
1761601289320 0.5936873555183411 38
1761601290236 0.5733765959739685 39
1761601291173 0.5710751414299011 40
1761601292161 0.5405822992324829 41
1761601293175 0.5177239775657654 42
1761601294261 0.5149968862533569 43
1761601295296 0.5012797713279724 44
1761601296346 0.5078368782997131 45
1761601297387 0.4693334400653839 46
1761601298463 0.4958648979663849 47
1761601299471 0.4390382170677185 48
1761601300488 0.4544830024242401 49
1761601254820 1.0174064636230469 0
