1761599508001 0.4486023485660553 0
1761599508957 0.4765554666519165 1
1761599509894 0.47520288825035095 2
1761599510768 0.491433709859848 3
1761599511624 0.47790801525115967 4
1761599512495 0.48196572065353394 5
1761599513374 0.5162308216094971 6
1761599514241 0.5094679594039917 7
1761599515128 0.5365194082260132 8
1761599516037 0.5383228063583374 9
1761599516940 0.5387736558914185 10
1761599517910 0.5577096343040466 11
1761599518794 0.5671776533126831 12
1761599519693 0.5811541676521301 13
1761599520605 0.5775473117828369 14
1761599521531 0.5788999199867249 15
1761599522447 0.6100090146064758 16
1761599523355 0.6077547073364258 17
1761599524261 0.6145175695419312 18
1761599525151 0.6149684190750122 19
1761599526094 0.6154192686080933 20
1761599527018 0.6248872876167297 21
1761599527906 0.6451758146286011 22
1761599528791 0.646077573299408 23
1761599529673 0.6424707174301147 24
1761599530544 0.6415689587593079 25
1761599531449 0.6659152507781982 26
1761599532349 0.6789900660514832 27
1761599533248 0.6668169498443604 28
1761599534160 0.6844003796577454 29
1761599535071 0.6974751949310303 30
1761599535978 0.6920649409294128 31
1761599536882 0.6988277435302734 32
1761599537813 0.7046889066696167 33
1761599538714 0.7082957625389099 34
1761599539724 0.7177637219429016 35
1761599540736 0.7150586247444153 36
1761599541847 0.7231740355491638 37
1761599542834 0.7357980012893677 38
1761599543893 0.7353471517562866 39
1761599544936 0.7407574653625488 40
1761599546042 0.7538322806358337 41
1761599547072 0.7520288825035095 42
1761599548167 0.7587916851043701 43
1761599549179 0.7822362780570984 44
1761599550169 0.7673580050468445 45
1761599551168 0.7768259644508362 46
1761599552073 0.7858430743217468 47
1761599553025 0.7876465320587158 48
1761599554107 0.788999080657959 49
1761599508001 0.4486023485660553 0
