1761599508001 1.0449484586715698 0
1761599508957 1.025503158569336 1
1761599509894 1.021933674812317 2
1761599510768 1.0132133960723877 3
1761599511624 1.0115015506744385 4
1761599512495 1.0052837133407593 5
1761599513374 0.9960598349571228 6
1761599514241 0.9913483262062073 7
1761599515128 0.974519670009613 8
1761599516037 0.9626759886741638 9
1761599516940 0.9593549966812134 10
1761599517910 0.9463141560554504 11
1761599518794 0.9293544292449951 12
1761599519693 0.9160688519477844 13
1761599520605 0.9100232124328613 14
1761599521531 0.9082584977149963 15
1761599522447 0.8777759671211243 16
1761599523355 0.8572073578834534 17
1761599524261 0.845427930355072 18
1761599525151 0.8529106378555298 19
1761599526094 0.8361071944236755 20
1761599527018 0.816413938999176 21
1761599527906 0.7880290746688843 22
1761599528791 0.7937053442001343 23
1761599529673 0.7954248785972595 24
1761599530544 0.7896005511283875 25
1761599531449 0.7585344910621643 26
1761599532349 0.7476090788841248 27
1761599533248 0.7308562994003296 28
1761599534160 0.7329413890838623 29
1761599535071 0.700150191783905 30
1761599535978 0.6937106847763062 31
1761599536882 0.6754125356674194 32
1761599537813 0.6845512986183167 33
1761599538714 0.6751134991645813 34
1761599539724 0.6503584980964661 35
1761599540736 0.6549336314201355 36
1761599541847 0.623494029045105 37
1761599542834 0.6201224327087402 38
1761599543893 0.6127827167510986 39
1761599544936 0.5901203751564026 40
1761599546042 0.5770440101623535 41
1761599547072 0.5772425532341003 42
1761599548167 0.5572440028190613 43
1761599549179 0.5237441658973694 44
1761599550169 0.5381817817687988 45
1761599551168 0.5235916972160339 46
1761599552073 0.4909534752368927 47
1761599553025 0.5031218528747559 48
1761599554107 0.5057322978973389 49
1761599508001 1.0449484586715698 0
