1761599409180 0.4431920647621155 0
1761599409640 0.4571686089038849 1
1761599410106 0.46212804317474365 2
1761599410519 0.47339946031570435 3
1761599410949 0.45175835490226746 4
1761599411365 0.46393147110939026 5
1761599411779 0.4670874774456024 6
1761599412172 0.47339946031570435 7
1761599412576 0.47339946031570435 8
1761599412992 0.47339946031570435 9
1761599413419 0.47339946031570435 10
1761599413866 0.4679891765117645 11
1761599414250 0.47339946031570435 12
1761599414657 0.47339946031570435 13
1761599415068 0.47339946031570435 14
1761599415475 0.47339946031570435 15
1761599415883 0.47339946031570435 16
1761599416292 0.47339946031570435 17
1761599416700 0.47339946031570435 18
1761599417108 0.47339946031570435 19
1761599417519 0.47339946031570435 20
1761599417929 0.47339946031570435 21
1761599418332 0.47339946031570435 22
1761599418740 0.47339946031570435 23
1761599419144 0.47339946031570435 24
1761599419550 0.47339946031570435 25
1761599419964 0.47339946031570435 26
1761599420369 0.47339946031570435 27
1761599420789 0.47339946031570435 28
1761599421224 0.47339946031570435 29
1761599421635 0.47339946031570435 30
1761599422040 0.47339946031570435 31
1761599422449 0.47339946031570435 32
1761599422866 0.47339946031570435 33
1761599423279 0.47339946031570435 34
1761599423683 0.47339946031570435 35
1761599424088 0.47339946031570435 36
1761599424499 0.47339946031570435 37
1761599424905 0.47339946031570435 38
1761599425308 0.4729486107826233 39
1761599425719 0.47430115938186646 40
1761599426130 0.4738503098487854 41
1761599426557 0.4711451828479767 42
1761599426963 0.4693417549133301 43
1761599427375 0.4738503098487854 44
1761599427796 0.47249773144721985 45
1761599428215 0.46573489904403687 46
1761599428632 0.4729486107826233 47
1761599429050 0.47159603238105774 48
1761599429453 0.4729486107826233 49
1761599409180 0.4431920647621155 0
