1761499918259 0.47949525713920593 0
1761499918547 0.5101397037506104 1
1761499918794 0.5209553837776184 2
1761499919016 0.5263632535934448 3
1761499919232 0.5227580070495605 4
1761499919435 0.5344749689102173 5
1761499919652 0.5412347912788391 6
1761499919871 0.5511491894721985 7
1761499920143 0.5452906489372253 8
1761499920351 0.5597115755081177 9
1761499920562 0.5497971773147583 10
1761499920778 0.5511491894721985 11
1761499920986 0.5475439429283142 12
1761499921196 0.5565569996833801 13
1761499921409 0.5552050471305847 14
1761499921610 0.5615141987800598 15
1761499921825 0.5669220089912415 16
1761499922034 0.5439386963844299 17
1761499922248 0.554303765296936 18
1761499922458 0.5525011420249939 19
1761499922668 0.559260904788971 20
1761499922877 0.5556557178497314 21
1761499923088 0.5583596229553223 22
1761499923308 0.5619648694992065 23
1761499923516 0.5515998005867004 24
1761499923729 0.5565569996833801 25
1761499923941 0.5583596229553223 26
1761499924159 0.5520504713058472 27
1761499924369 0.5583596229553223 28
1761499924579 0.559260904788971 29
1761499924793 0.5646687746047974 30
1761499925005 0.5646687746047974 31
1761499925217 0.5646687746047974 32
1761499925429 0.559260904788971 33
1761499925640 0.5601622462272644 34
1761499925845 0.5664713978767395 35
1761499926046 0.5646687746047974 36
1761499926254 0.5660207271575928 37
1761499926464 0.5619648694992065 38
1761499926676 0.5606129169464111 39
1761499926886 0.5606129169464111 40
1761499927112 0.5678233504295349 41
1761499927323 0.5628661513328552 42
1761499927534 0.5660207271575928 43
1761499927744 0.5651194453239441 44
1761499927956 0.5669220089912415 45
1761499928170 0.565570056438446 46
1761499928374 0.5682740211486816 47
1761499928580 0.5687246322631836 48
1761499928785 0.5705272555351257 49
1761499918259 0.47949525713920593 0
