1761469435556 0.48850834369659424 0
1761469436400 0.5182514786720276 1
1761469437544 0.5227580070495605 2
1761469438404 0.5398828387260437 3
1761469439469 0.5407841205596924 4
1761469440500 0.5461919903755188 5
1761469441761 0.5511491894721985 6
1761469442936 0.5565569996833801 7
1761469443939 0.558810293674469 8
1761469444929 0.5651194453239441 9
1761469446006 0.57413250207901 10
1761469447091 0.5781883597373962 11
1761469447679 0.5664713978767395 12
1761469448339 0.5840468406677246 13
1761469449292 0.5849481821060181 14
1761469450278 0.5754844546318054 15
1761469451013 0.5971158146858215 16
1761469451959 0.5984677672386169 17
1761469452681 0.6070302128791809 18
1761469453318 0.6007210612297058 19
1761469454026 0.6164939403533936 20
1761469454696 0.6173952221870422 21
1761469455415 0.6241550445556641 22
1761469456556 0.617845892906189 23
1761469457564 0.6426318287849426 24
1761469458557 0.6475890278816223 25
1761469459307 0.6435331106185913 26
1761469459906 0.6493915915489197 27
1761469460411 0.6358720064163208 28
1761469461034 0.6457864046096802 29
1761469461677 0.6372239589691162 30
1761469462480 0.6710230112075806 31
1761469463409 0.6557007431983948 32
1761469464484 0.6647138595581055 33
1761469465241 0.6615592837333679 34
1761469466150 0.6822893023490906 35
1761469467629 0.6633618474006653 36
1761469468575 0.6741775870323181 37
1761469469500 0.6890491247177124 38
1761469470423 0.6998648047447205 39
1761469471253 0.6692203879356384 40
1761469471882 0.6890491247177124 41
1761469473018 0.7025687098503113 42
1761469473589 0.6885984539985657 43
1761469474347 0.7138350605964661 44
1761469475525 0.7021180987358093 45
1761469476839 0.6989635229110718 46
1761469477486 0.7052726745605469 47
1761469478126 0.7057232856750488 48
1761469478722 0.7156376838684082 49
1761469435556 0.48850834369659424 0
