1761469435556 0.951872706413269 0
1761469436400 0.9260048270225525 1
1761469437544 0.9253023266792297 2
1761469438404 0.9159062504768372 3
1761469439469 0.9078648090362549 4
1761469440500 0.9088554382324219 5
1761469441761 0.9031190276145935 6
1761469442936 0.8980984687805176 7
1761469443939 0.8957318663597107 8
1761469444929 0.8859006762504578 9
1761469446006 0.8857918977737427 10
1761469447091 0.8761900067329407 11
1761469447679 0.88135826587677 12
1761469448339 0.8779057860374451 13
1761469449292 0.8616373538970947 14
1761469450278 0.86858731508255 15
1761469451013 0.8642551898956299 16
1761469451959 0.8499742150306702 17
1761469452681 0.8494433760643005 18
1761469453318 0.8417726159095764 19
1761469454026 0.8303802013397217 20
1761469454696 0.8308066725730896 21
1761469455415 0.8260805606842041 22
1761469456556 0.8278986215591431 23
1761469457564 0.8061220645904541 24
1761469458557 0.8026357889175415 25
1761469459307 0.79328453540802 26
1761469459906 0.7847432494163513 27
1761469460411 0.8123300671577454 28
1761469461034 0.780113697052002 29
1761469461677 0.7812662720680237 30
1761469462480 0.7599970102310181 31
1761469463409 0.7660781145095825 32
1761469464484 0.761993408203125 33
1761469465241 0.7562437057495117 34
1761469466150 0.7397565245628357 35
1761469467629 0.7529154419898987 36
1761469468575 0.7361452579498291 37
1761469469500 0.7260062098503113 38
1761469470423 0.7123152017593384 39
1761469471253 0.7335425019264221 40
1761469471882 0.7157981395721436 41
1761469473018 0.7124446630477905 42
1761469473589 0.7010596990585327 43
1761469474347 0.6844905614852905 44
1761469475525 0.6971493363380432 45
1761469476839 0.6858164072036743 46
1761469477486 0.6833310127258301 47
1761469478126 0.6794891357421875 48
1761469478722 0.6704850792884827 49
1761469435556 0.951872706413269 0
