1761519228815 0.8870682120323181 0
1761519229065 0.7949434518814087 1
1761519229291 0.7884247899055481 2
1761519229504 0.7823776602745056 3
1761519229725 0.7761653065681458 4
1761519229935 0.7696211934089661 5
1761519230162 0.7679889798164368 6
1761519230401 0.7591514587402344 7
1761519230638 0.7513652443885803 8
1761519230862 0.7412602305412292 9
1761519231102 0.7359416484832764 10
1761519231366 0.7283743023872375 11
1761519231598 0.7216184735298157 12
1761519231815 0.7190910577774048 13
1761519232047 0.707077145576477 14
1761519232272 0.6996636390686035 15
1761519232494 0.6954033970832825 16
1761519232739 0.6859222054481506 17
1761519232967 0.6813398599624634 18
1761519233191 0.671877384185791 19
1761519233412 0.6737456917762756 20
1761519233623 0.6573542952537537 21
1761519233855 0.6543869972229004 22
1761519234091 0.6436552405357361 23
1761519234314 0.6352989077568054 24
1761519234536 0.6311697959899902 25
1761519234762 0.6309322714805603 26
1761519234984 0.62008136510849 27
1761519235223 0.6190919280052185 28
1761519235437 0.6035484671592712 29
1761519235657 0.6052915453910828 30
1761519235878 0.5938347578048706 31
1761519236099 0.594706118106842 32
1761519236342 0.5894684791564941 33
1761519236595 0.5780771970748901 34
1761519236813 0.5800648927688599 35
1761519237038 0.5773680806159973 36
1761519237260 0.5697782635688782 37
1761519237492 0.566745400428772 38
1761519237716 0.5622521042823792 39
1761519237935 0.5607901215553284 40
1761519238175 0.5487613081932068 41
1761519238397 0.551310658454895 42
1761519238626 0.5577049851417542 43
1761519238856 0.534460186958313 44
1761519239079 0.5336137413978577 45
1761519239315 0.5284322500228882 46
1761519239543 0.5301679968833923 47
1761519239777 0.5279076099395752 48
1761519239998 0.5173704624176025 49
1761519228815 0.8870682120323181 0
