1761516418475 0.45561063289642334 0
1761516418780 0.46101847290992737 1
1761516419034 0.4529067277908325 2
1761516419246 0.45470932126045227 3
1761516419516 0.465074360370636 4
1761516419726 0.4574132561683655 5
1761516419937 0.4628210961818695 6
1761516420150 0.46732762455940247 7
1761516420360 0.4727354645729065 8
1761516420568 0.4524560570716858 9
1761516420782 0.45696258544921875 10
1761516420992 0.45831456780433655 11
1761516421202 0.4641730487346649 12
1761516421410 0.4686795771121979 13
1761516421612 0.46327173709869385 14
1761516421820 0.465074360370636 15
1761516422034 0.4641730487346649 16
1761516422245 0.4700315594673157 17
1761516422452 0.47453808784484863 18
1761516422655 0.4623704254627228 19
1761516422865 0.47363677620887756 20
1761516423075 0.4718341529369354 21
1761516423287 0.4623704254627228 22
1761516423498 0.47093284130096436 23
1761516423722 0.4767913520336151 24
1761516423932 0.465074360370636 25
1761516424133 0.47228482365608215 26
1761516424346 0.47453808784484863 27
1761516424557 0.4700315594673157 28
1761516424765 0.47994592785835266 29
1761516424972 0.4686795771121979 30
1761516425170 0.47859397530555725 31
1761516425382 0.46958088874816895 32
1761516425591 0.4700315594673157 33
1761516425803 0.47859397530555725 34
1761516426011 0.47228482365608215 35
1761516426221 0.4776926636695862 36
1761516426438 0.48219919204711914 37
1761516426648 0.47724199295043945 38
1761516426864 0.48580440878868103 39
1761516427078 0.48490309715270996 40
1761516427291 0.4840018153190613 41
1761516427502 0.48986029624938965 42
1761516427713 0.4740874171257019 43
1761516427925 0.4790446162223816 44
1761516428127 0.48129788041114807 45
1761516428334 0.4763406813144684 46
1761516428535 0.47994592785835266 47
1761516428740 0.47994592785835266 48
1761516428946 0.4754393994808197 49
1761516418475 0.45561063289642334 0
