1761516418475 1.0662387609481812 0
1761516418780 1.0585776567459106 1
1761516419034 1.0528161525726318 2
1761516419246 1.050500512123108 3
1761516419516 1.0463993549346924 4
1761516419726 1.0468097925186157 5
1761516419937 1.044750690460205 6
1761516420150 1.0437759160995483 7
1761516420360 1.0411639213562012 8
1761516420568 1.0396593809127808 9
1761516420782 1.041608452796936 10
1761516420992 1.040791630744934 11
1761516421202 1.0351256132125854 12
1761516421410 1.0358271598815918 13
1761516421612 1.0342820882797241 14
1761516421820 1.0354526042938232 15
1761516422034 1.0350964069366455 16
1761516422245 1.0352286100387573 17
1761516422452 1.0330896377563477 18
1761516422655 1.0354783535003662 19
1761516422865 1.0337806940078735 20
1761516423075 1.030991792678833 21
1761516423287 1.0335540771484375 22
1761516423498 1.0307477712631226 23
1761516423722 1.0303492546081543 24
1761516423932 1.0304641723632812 25
1761516424133 1.0311872959136963 26
1761516424346 1.02839994430542 27
1761516424557 1.0304076671600342 28
1761516424765 1.026382565498352 29
1761516424972 1.0289164781570435 30
1761516425170 1.0310335159301758 31
1761516425382 1.026824951171875 32
1761516425591 1.0260684490203857 33
1761516425803 1.0241484642028809 34
1761516426011 1.0288137197494507 35
1761516426221 1.0277013778686523 36
1761516426438 1.026932716369629 37
1761516426648 1.0243462324142456 38
1761516426864 1.0243468284606934 39
1761516427078 1.02178955078125 40
1761516427291 1.0210304260253906 41
1761516427502 1.0204299688339233 42
1761516427713 1.0218490362167358 43
1761516427925 1.020851492881775 44
1761516428127 1.0203200578689575 45
1761516428334 1.0207629203796387 46
1761516428535 1.018599510192871 47
1761516428740 1.01796293258667 48
1761516428946 1.021580696105957 49
1761516418475 1.0662387609481812 0
