1761605936479 0.44229036569595337 0
1761605936881 0.4562669098377228 1
1761605937249 0.4860234558582306 2
1761605937627 0.515779972076416 3
1761605938004 0.5414788126945496 4
1761605938375 0.5586113333702087 5
1761605938756 0.5694319009780884 6
1761605939135 0.5739405155181885 7
1761605939509 0.6032461524009705 8
1761605939901 0.6014427542686462 9
1761605940302 0.6212804317474365 10
1761605940671 0.6330026984214783 11
1761605941046 0.6424707174301147 12
1761605941416 0.6523895263671875 13
1761605941782 0.6659152507781982 14
1761605942162 0.6812443733215332 15
1761605942514 0.6825969219207764 16
1761605942882 0.6875563859939575 17
1761605943251 0.7046889066696167 18
1761605943610 0.7222723364830017 19
1761605943965 0.7177637219429016 20
1761605944320 0.7335437536239624 21
1761605944684 0.740306556224823 22
1761605945037 0.7339946031570435 23
1761605945388 0.7466185688972473 24
1761605945769 0.7398557066917419 25
1761605946139 0.7592425346374512 26
1761605946510 0.7682597041130066 27
1761605946882 0.7542831301689148 28
1761605947253 0.7696122527122498 29
1761605947629 0.773669958114624 30
1761605948000 0.7939585447311401 31
1761605948368 0.7993687987327576 32
1761605948738 0.7993687987327576 33
1761605949108 0.7876465320587158 34
1761605949478 0.808836817741394 35
1761605949846 0.8052299618721008 36
1761605950213 0.8151487708091736 37
1761605950583 0.8115419149398804 38
1761605950952 0.8165013790130615 39
1761605951320 0.8115419149398804 40
1761605951694 0.8187556266784668 41
1761605952067 0.8250676393508911 42
1761605952445 0.8178539276123047 43
1761605952802 0.8169522285461426 44
1761605953176 0.8232641816139221 45
1761605953554 0.8372407555580139 46
1761605953931 0.839495062828064 47
1761605954309 0.8349864482879639 48
1761605954689 0.8462578654289246 49
1761605936479 0.44229036569595337 0
