1761519836239 1.092340111732483 0
1761519836765 1.0792979001998901 1
1761519837195 1.0850187540054321 2
1761519837603 1.0894224643707275 3
1761519838027 1.0841832160949707 4
1761519838446 1.0771633386611938 5
1761519838891 1.079827070236206 6
1761519839329 1.0807300806045532 7
1761519839766 1.0760103464126587 8
1761519840193 1.0825241804122925 9
1761519840600 1.076555609703064 10
1761519841050 1.084100365638733 11
1761519841456 1.0770543813705444 12
1761519841887 1.0794788599014282 13
1761519842322 1.0752243995666504 14
1761519842731 1.0774441957473755 15
1761519843131 1.0813950300216675 16
1761519843556 1.0823783874511719 17
1761519843953 1.0786081552505493 18
1761519844376 1.077815055847168 19
1761519844794 1.0793817043304443 20
1761519845218 1.0787639617919922 21
1761519845637 1.0783066749572754 22
1761519846054 1.075783610343933 23
1761519846475 1.0779014825820923 24
1761519846878 1.0773133039474487 25
1761519847330 1.077362298965454 26
1761519847749 1.0786254405975342 27
1761519848149 1.075801134109497 28
1761519848587 1.0770394802093506 29
1761519849043 1.0768916606903076 30
1761519849441 1.0771963596343994 31
1761519849856 1.0772701501846313 32
1761519850274 1.0755829811096191 33
1761519850672 1.0746848583221436 34
1761519851109 1.0760960578918457 35
1761519851520 1.076534628868103 36
1761519851926 1.0760173797607422 37
1761519852350 1.0743156671524048 38
1761519852736 1.0734400749206543 39
1761519853135 1.074377179145813 40
1761519853536 1.0735888481140137 41
1761519853929 1.0735222101211548 42
1761519854348 1.0713938474655151 43
1761519854770 1.0711650848388672 44
1761519855230 1.0720782279968262 45
1761519855639 1.0691708326339722 46
1761519856044 1.0700944662094116 47
1761519856460 1.0700969696044922 48
1761519856861 1.065712809562683 49
1761519836239 1.092340111732483 0
