1761610135090 0.4738503098487854 0
1761610135495 0.515329122543335 1
1761610135865 0.5234445333480835 2
1761610136251 0.5414788126945496 3
1761610136622 0.5522993803024292 4
1761610136989 0.5671776533126831 5
1761610137356 0.5775473117828369 6
1761610137726 0.5879170298576355 7
1761610138095 0.6000901460647583 8
1761610138461 0.6145175695419312 9
1761610138835 0.6185752749443054 10
1761610139211 0.6330026984214783 11
1761610139576 0.6474301218986511 12
1761610139930 0.6487826704978943 13
1761610140297 0.6478809714317322 14
1761610140674 0.6487826704978943 15
1761610141048 0.6771866679191589 16
1761610141415 0.6708746552467346 17
1761610141784 0.6821460723876953 18
1761610142151 0.6992786526679993 19
1761610142522 0.6735798120498657 20
1761610142894 0.6875563859939575 21
1761610143261 0.7064923644065857 22
1761610143626 0.724977433681488 23
1761610143995 0.7182146310806274 24
1761610144365 0.7231740355491638 25
1761610144734 0.7348963022232056 26
1761610145105 0.7439134120941162 27
1761610145473 0.7394048571586609 28
1761610145841 0.757439136505127 29
1761610146208 0.755635678768158 30
1761610146586 0.7538322806358337 31
1761610146956 0.7646528482437134 32
1761610147340 0.7651036977767944 33
1761610147710 0.7759242653846741 34
1761610148077 0.7786294221878052 35
1761610148448 0.7813345193862915 36
1761610148814 0.7853922247886658 37
1761610149175 0.7808836698532104 38
1761610149545 0.7926059365272522 39
1761610149911 0.7853922247886658 40
1761610150282 0.7939585447311401 41
1761610150648 0.7962127923965454 42
1761610151008 0.7980162501335144 43
1761610151383 0.8038773536682129 44
1761610151738 0.8092876672744751 45
1761610152112 0.8115419149398804 46
1761610152479 0.7953110933303833 47
1761610152849 0.8205590844154358 48
1761610153216 0.821911633014679 49
1761610135090 0.4738503098487854 0
