1761610135090 1.0204969644546509 0
1761610135495 0.9957817196846008 1
1761610135865 0.9824616312980652 2
1761610136251 0.9688284993171692 3
1761610136622 0.9552512764930725 4
1761610136989 0.9369155168533325 5
1761610137356 0.9228001236915588 6
1761610137726 0.9091605544090271 7
1761610138095 0.8940620422363281 8
1761610138461 0.8704260587692261 9
1761610138835 0.8569943308830261 10
1761610139211 0.8441445827484131 11
1761610139576 0.8194547295570374 12
1761610139930 0.8207547664642334 13
1761610140297 0.80478835105896 14
1761610140674 0.7919530272483826 15
1761610141048 0.7612947821617126 16
1761610141415 0.7659929990768433 17
1761610141784 0.740372896194458 18
1761610142151 0.7170756459236145 19
1761610142522 0.7366372346878052 20
1761610142894 0.7138984799385071 21
1761610143261 0.6978901624679565 22
1761610143626 0.6693768501281738 23
1761610143995 0.6607352495193481 24
1761610144365 0.6529603600502014 25
1761610144734 0.6368905305862427 26
1761610145105 0.6135406494140625 27
1761610145473 0.6157476902008057 28
1761610145841 0.6009902358055115 29
1761610146208 0.598756730556488 30
1761610146586 0.5869007706642151 31
1761610146956 0.5650233626365662 32
1761610147340 0.5586575269699097 33
1761610147710 0.5542976260185242 34
1761610148077 0.5401293039321899 35
1761610148448 0.5220820903778076 36
1761610148814 0.5321057438850403 37
1761610149175 0.5281959176063538 38
1761610149545 0.516013503074646 39
1761610149911 0.5160311460494995 40
1761610150282 0.4958733320236206 41
1761610150648 0.49842938780784607 42
1761610151008 0.4963725209236145 43
1761610151383 0.47404536604881287 44
1761610151738 0.4789692461490631 45
1761610152112 0.460354208946228 46
1761610152479 0.48096153140068054 47
1761610152849 0.43654367327690125 48
1761610153216 0.4421010911464691 49
1761610135090 1.0204969644546509 0
