1761524700454 0.4867057204246521 0
1761524701603 0.5123929977416992 1
1761524702799 0.5232086777687073 2
1761524703798 0.5236592888832092 3
1761524704774 0.534925639629364 4
1761524705848 0.5497971773147583 5
1761524706505 0.5443893671035767 6
1761524707358 0.5520504713058472 7
1761524708386 0.5660207271575928 8
1761524708919 0.5745831727981567 9
1761524709502 0.5750337839126587 10
1761524710076 0.5917080044746399 11
1761524710667 0.5957638621330261 12
1761524711454 0.6142406463623047 13
1761524712709 0.6200991272926331 14
1761524713737 0.6241550445556641 15
1761524714733 0.6390265822410583 16
1761524715280 0.6502929329872131 17
1761524715858 0.6516448855400085 18
1761524716401 0.6629112362861633 19
1761524717028 0.6755295395851135 20
1761524718203 0.6867958307266235 21
1761524719519 0.687697172164917 22
1761524720877 0.6885984539985657 23
1761524722165 0.7025687098503113 24
1761524723234 0.694456934928894 25
1761524724228 0.7192429304122925 26
1761524725260 0.7251014113426208 27
1761524726343 0.7242000699043274 28
1761524727426 0.7214961647987366 29
1761524728632 0.7354664206504822 30
1761524729637 0.7251014113426208 31
1761524730612 0.7530419230461121 32
1761524731662 0.7435781955718994 33
1761524732609 0.7543938755989075 34
1761524733584 0.7661108374595642 35
1761524734696 0.7607030272483826 36
1761524735968 0.7679134607315063 37
1761524737103 0.7706173658370972 38
1761524738224 0.7769265174865723 39
1761524739444 0.7791798114776611 40
1761524740273 0.7868409156799316 41
1761524741259 0.7805317640304565 42
1761524742283 0.7908967733383179 43
1761524743496 0.7890942096710205 44
1761524744650 0.8035150766372681 45
1761524745607 0.7981072664260864 46
1761524746572 0.8062190413475037 47
1761524747615 0.7954033613204956 48
1761524748618 0.8170347213745117 49
1761524700454 0.4867057204246521 0
