1761593340876 0.37917041778564453 0
1761593341328 0.3773669898509979 1
1761593341745 0.3755635619163513 2
1761593342239 0.3917944133281708 3
1761593342641 0.3908926844596863 4
1761593343122 0.37917041778564453 5
1761593343622 0.3719567060470581 6
1761593344103 0.39855724573135376 7
1761593344633 0.3917944133281708 8
1761593345074 0.3728584349155426 9
1761593345546 0.3796212673187256 10
1761593346008 0.3832281231880188 11
1761593346429 0.38999098539352417 12
1761593346884 0.3972046971321106 13
1761593347309 0.3981063961982727 14
1761593347759 0.3944995403289795 15
1761593348204 0.39765554666519165 16
1761593348659 0.3972046971321106 17
1761593349085 0.4026149809360504 18
1761593349545 0.4008115530014038 19
1761593350058 0.39945897459983826 20
1761593350495 0.40306583046913147 21
1761593351006 0.4048692584037781 22
1761593351435 0.4120829701423645 23
1761593351905 0.4008115530014038 24
1761593352352 0.40306583046913147 25
1761593352754 0.4039675295352936 26
1761593353162 0.4008115530014038 27
1761593353644 0.40712353587150574 28
1761593354099 0.40036067366600037 29
1761593354552 0.4138863980770111 30
1761593354973 0.4017132520675659 31
1761593355387 0.40532010793685913 32
1761593355849 0.4066726863384247 33
1761593356296 0.402164101600647 34
1761593356728 0.4026149809360504 35
1761593357147 0.4017132520675659 36
1761593357536 0.4120829701423645 37
1761593357977 0.40982866287231445 38
1761593358399 0.39945897459983826 39
1761593358805 0.4066726863384247 40
1761593359273 0.40802523493766785 41
1761593360035 0.426961213350296 42
1761593360528 0.40036067366600037 43
1761593361075 0.41749322414398193 44
1761593361769 0.39855724573135376 45
1761593362315 0.40622180700302124 46
1761593362790 0.41163209080696106 47
1761593363251 0.4084761142730713 48
1761593363833 0.40712353587150574 49
1761593364431 0.4170423746109009 50
1761593364984 0.4093778133392334 51
1761593365497 0.40802523493766785 52
1761593365961 0.40892696380615234 53
1761593366424 0.4017132520675659 54
1761593366856 0.4102795422077179 55
1761593367300 0.4057709574699402 56
1761593367758 0.4179441034793854 57
1761593368216 0.4206492304801941 58
1761593368653 0.4215509593486786 59
1761593369140 0.4102795422077179 60
1761593369576 0.40712353587150574 61
1761593370009 0.4224526584148407 62
1761593370448 0.4152389466762543 63
1761593370875 0.40802523493766785 64
1761593371367 0.4287646412849426 65
1761593371899 0.41433724761009216 66
1761593372345 0.4251577854156494 67
1761593372819 0.4301172196865082 68
1761593373225 0.42019838094711304 69
1761593373655 0.40532010793685913 70
1761593374065 0.41839495301246643 71
1761593374501 0.4373309314250946 72
1761593374970 0.43237149715423584 73
1761593375375 0.4301172196865082 74
1761593375787 0.4152389466762543 75
1761593376250 0.4224526584148407 76
1761593376721 0.4319206476211548 77
1761593377204 0.4233543872833252 78
1761593377672 0.44229036569595337 79
1761593378085 0.4310189485549927 80
1761593378524 0.4440937638282776 81
1761593378982 0.4346257746219635 82
1761593379455 0.4346257746219635 83
1761593379920 0.44229036569595337 84
1761593380372 0.43868350982666016 85
1761593380833 0.4431920647621155 86
1761593381322 0.4522092044353485 87
1761593381785 0.4625788927078247 88
1761593382213 0.44815149903297424 89
1761593382668 0.459873765707016 90
1761593383104 0.46393147110939026 91
1761593383531 0.4571686089038849 92
1761593383976 0.4607754647731781 93
1761593384544 0.4553651809692383 94
1761593385011 0.4747520387172699 95
1761593385497 0.46573489904403687 96
1761593385977 0.47249773144721985 97
1761593386446 0.4774571657180786 98
1761593386924 0.46393147110939026 99
1761593340876 0.37917041778564453 0
