1761593340876 1.0995121002197266 0
1761593341328 1.102784276008606 1
1761593341745 1.0977628231048584 2
1761593342239 1.0931185483932495 3
1761593342641 1.0922863483428955 4
1761593343122 1.0967649221420288 5
1761593343622 1.0959467887878418 6
1761593344103 1.0959092378616333 7
1761593344633 1.0932319164276123 8
1761593345074 1.0971332788467407 9
1761593345546 1.0948622226715088 10
1761593346008 1.0911060571670532 11
1761593346429 1.09108567237854 12
1761593346884 1.0907167196273804 13
1761593347309 1.0896306037902832 14
1761593347759 1.0907692909240723 15
1761593348204 1.0870283842086792 16
1761593348659 1.0853899717330933 17
1761593349085 1.085697889328003 18
1761593349545 1.0826889276504517 19
1761593350058 1.081211805343628 20
1761593350495 1.0842174291610718 21
1761593351006 1.0795518159866333 22
1761593351435 1.0805554389953613 23
1761593351905 1.08194899559021 24
1761593352352 1.0828384160995483 25
1761593352754 1.0814437866210938 26
1761593353162 1.0787527561187744 27
1761593353644 1.0781339406967163 28
1761593354099 1.0759854316711426 29
1761593354552 1.0777405500411987 30
1761593354973 1.0801769495010376 31
1761593355387 1.0773370265960693 32
1761593355849 1.0754241943359375 33
1761593356296 1.0768605470657349 34
1761593356728 1.0761682987213135 35
1761593357147 1.075863003730774 36
1761593357536 1.075700044631958 37
1761593357977 1.075539231300354 38
1761593358399 1.0754988193511963 39
1761593358805 1.074023723602295 40
1761593359273 1.075419306755066 41
1761593360035 1.073344349861145 42
1761593360528 1.0759092569351196 43
1761593361075 1.0715597867965698 44
1761593361769 1.073446273803711 45
1761593362315 1.0751066207885742 46
1761593362790 1.073609471321106 47
1761593363251 1.0720348358154297 48
1761593363833 1.0727719068527222 49
1761593364431 1.0708129405975342 50
1761593364984 1.0730823278427124 51
1761593365497 1.068961262702942 52
1761593365961 1.072995901107788 53
1761593366424 1.072483777999878 54
1761593366856 1.0694270133972168 55
1761593367300 1.0715179443359375 56
1761593367758 1.0664833784103394 57
1761593368216 1.0688167810440063 58
1761593368653 1.0664284229278564 59
1761593369140 1.06693696975708 60
1761593369576 1.0697137117385864 61
1761593370009 1.064815640449524 62
1761593370448 1.0648722648620605 63
1761593370875 1.067478895187378 64
1761593371367 1.063098430633545 65
1761593371899 1.0652035474777222 66
1761593372345 1.0628812313079834 67
1761593372819 1.0615150928497314 68
1761593373225 1.062464952468872 69
1761593373655 1.06494140625 70
1761593374065 1.0593366622924805 71
1761593374501 1.0569590330123901 72
1761593374970 1.0586568117141724 73
1761593375375 1.0555636882781982 74
1761593375787 1.057800531387329 75
1761593376250 1.0543416738510132 76
1761593376721 1.0512011051177979 77
1761593377204 1.0522693395614624 78
1761593377672 1.0481140613555908 79
1761593378085 1.0504674911499023 80
1761593378524 1.0451548099517822 81
1761593378982 1.048354983329773 82
1761593379455 1.0421383380889893 83
1761593379920 1.046422004699707 84
1761593380372 1.041538953781128 85
1761593380833 1.0437818765640259 86
1761593381322 1.0384141206741333 87
1761593381785 1.036853313446045 88
1761593382213 1.0358058214187622 89
1761593382668 1.0311944484710693 90
1761593383104 1.0323518514633179 91
1761593383531 1.0320147275924683 92
1761593383976 1.0330172777175903 93
1761593384544 1.0299466848373413 94
1761593385011 1.0267332792282104 95
1761593385497 1.0248655080795288 96
1761593385977 1.0243831872940063 97
1761593386446 1.0278544425964355 98
1761593386924 1.023193359375 99
1761593340876 1.0995121002197266 0
