1761522033248 0.5461919903755188 0
1761522034333 0.5529517531394958 1
1761522035477 0.563316822052002 2
1761522036493 0.578639030456543 3
1761522037660 0.5831455588340759 4
1761522038762 0.5926092863082886 5
1761522039842 0.6061288714408875 6
1761522041014 0.5930599570274353 7
1761522042168 0.613789975643158 8
1761522043361 0.6074808239936829 9
1761522044529 0.6426318287849426 10
1761522045660 0.6381253004074097 11
1761522046708 0.6498422622680664 12
1761522047515 0.6538981795310974 13
1761522048393 0.6566020846366882 14
1761522049226 0.6732762455940247 15
1761522050507 0.6651644706726074 16
1761522051802 0.6908517479896545 17
1761522052976 0.6822893023490906 18
1761522053941 0.694456934928894 19
1761522054794 0.6971608996391296 20
1761522055559 0.7070752382278442 21
1761522056700 0.7223974466323853 22
1761522057798 0.7291572690010071 23
1761522058854 0.7368183732032776 24
1761522059861 0.7327625155448914 25
1761522060984 0.746732771396637 26
1761522062160 0.7332131862640381 27
1761522063319 0.7552951574325562 28
1761522063963 0.7634069323539734 29
1761522064755 0.7561964988708496 30
1761522065959 0.7543938755989075 31
1761522067172 0.7670121788978577 32
1761522068232 0.7733213305473328 33
1761522069491 0.7931500673294067 34
1761522070711 0.7827850580215454 35
1761522071672 0.7981072664260864 36
1761522072876 0.7908967733383179 37
1761522074097 0.7940513491630554 38
1761522075279 0.7940513491630554 39
1761522076329 0.8035150766372681 40
1761522077266 0.7990085482597351 41
1761522078271 0.8026137948036194 42
1761522079496 0.8098242282867432 43
1761522080596 0.8125281929969788 44
1761522081738 0.8111761808395386 45
1761522082965 0.8201892971992493 46
1761522084052 0.8224425315856934 47
1761522085156 0.8310049772262573 48
1761522086109 0.8219918608665466 49
1761522033248 0.5461919903755188 0
