1761522033248 0.8781348466873169 0
1761522034333 0.8515942096710205 1
1761522035477 0.8466821312904358 2
1761522036493 0.8377583622932434 3
1761522037660 0.8313698172569275 4
1761522038762 0.8251163363456726 5
1761522039842 0.8141558170318604 6
1761522041014 0.8076925873756409 7
1761522042168 0.8004164695739746 8
1761522043361 0.8001253604888916 9
1761522044529 0.7870683073997498 10
1761522045660 0.7763332724571228 11
1761522046708 0.7667604088783264 12
1761522047515 0.7599155902862549 13
1761522048393 0.750160276889801 14
1761522049226 0.7413347363471985 15
1761522050507 0.7428039312362671 16
1761522051802 0.7130743861198425 17
1761522052976 0.7129198312759399 18
1761522053941 0.693024754524231 19
1761522054794 0.6871774196624756 20
1761522055559 0.6713011264801025 21
1761522056700 0.6673563122749329 22
1761522057798 0.6450232863426208 23
1761522058854 0.6451915502548218 24
1761522059861 0.6334488987922668 25
1761522060984 0.6166459321975708 26
1761522062160 0.6207147240638733 27
1761522063319 0.6022272109985352 28
1761522063963 0.5900760889053345 29
1761522064755 0.5882714986801147 30
1761522065959 0.5808016061782837 31
1761522067172 0.5614507794380188 32
1761522068232 0.5564839243888855 33
1761522069491 0.5370078086853027 34
1761522070711 0.5432875752449036 35
1761522071672 0.5215757489204407 36
1761522072876 0.5142749547958374 37
1761522074097 0.5120888948440552 38
1761522075279 0.5163447856903076 39
1761522076329 0.49475714564323425 40
1761522077266 0.48676007986068726 41
1761522078271 0.49883195757865906 42
1761522079496 0.4798213839530945 43
1761522080596 0.4635753631591797 44
1761522081738 0.4729909300804138 45
1761522082965 0.4492764472961426 46
1761522084052 0.45369940996170044 47
1761522085156 0.437608927488327 48
1761522086109 0.4436586797237396 49
1761522033248 0.8781348466873169 0
