1761466609805 0.5868754386901855 0
1761466610919 0.6010439991950989 1
1761466611790 0.6010439991950989 2
1761466612701 0.6025354266166687 3
1761466613565 0.6263982057571411 4
1761466614606 0.6286353468894958 5
1761466615565 0.6070097088813782 6
1761466616669 0.6241610646247864 7
1761466617519 0.6234153509140015 8
1761466618416 0.6256524920463562 9
1761466619521 0.627143919467926 10
1761466620815 0.6263982057571411 11
1761466622197 0.6316182017326355 12
1761466622933 0.6390753388404846 13
1761466624186 0.6428039073944092 14
1761466625078 0.654735267162323 15
1761466626327 0.6577181220054626 16
1761466627648 0.6614466905593872 17
1761466628604 0.6644295454025269 18
1761466629342 0.673378050327301 19
1761466630187 0.6838180422782898 20
1761466631545 0.6868008971214294 21
1761466632642 0.6868008971214294 22
1761466633763 0.7166293859481812 23
1761466634694 0.699478030204773 24
1761466635505 0.7046979665756226 25
1761466636388 0.6957494616508484 26
1761466637704 0.7188665270805359 27
1761466639146 0.7240865230560303 28
1761466640291 0.7427293062210083 29
1761466641017 0.7576435208320618 30
1761466642076 0.7561521530151367 31
1761466643008 0.7404921650886536 32
1761466644292 0.7486950159072876 33
1761466645541 0.7568978667259216 34
1761466646547 0.7531692981719971 35
1761466647317 0.781506359577179 36
1761466648110 0.7964205741882324 37
1761466649281 0.7934377193450928 38
1761466650574 0.7994034290313721 39
1761466651544 0.8031319975852966 40
1761466652461 0.8061148524284363 41
1761466653205 0.818791925907135 42
1761466654037 0.8284862041473389 43
1761466654959 0.7971662878990173 44
1761466656187 0.8314690589904785 45
1761466657449 0.8076062798500061 46
1761466658398 0.8314690589904785 47
1761466659136 0.8501118421554565 48
1761466660071 0.8471289873123169 49
1761466609805 0.5868754386901855 0
