1761466609805 0.9455763697624207 0
1761466610919 0.9081476926803589 1
1761466611790 0.9074344635009766 2
1761466612701 0.9022809267044067 3
1761466613565 0.8775255084037781 4
1761466614606 0.8669984936714172 5
1761466615565 0.8728165626525879 6
1761466616669 0.8584684133529663 7
1761466617519 0.8332077264785767 8
1761466618416 0.8432581424713135 9
1761466619521 0.8298422694206238 10
1761466620815 0.8345625996589661 11
1761466622197 0.8156758546829224 12
1761466622933 0.7938703894615173 13
1761466624186 0.7800659537315369 14
1761466625078 0.779926061630249 15
1761466626327 0.7681648135185242 16
1761466627648 0.7561155557632446 17
1761466628604 0.7388996481895447 18
1761466629342 0.7118498682975769 19
1761466630187 0.7084022164344788 20
1761466631545 0.7091573476791382 21
1761466632642 0.6796146631240845 22
1761466633763 0.6542744636535645 23
1761466634694 0.6561211943626404 24
1761466635505 0.6419735550880432 25
1761466636388 0.6439506411552429 26
1761466637704 0.6150896549224854 27
1761466639146 0.6092862486839294 28
1761466640291 0.586462140083313 29
1761466641017 0.5678919553756714 30
1761466642076 0.543865442276001 31
1761466643008 0.5755017399787903 32
1761466644292 0.5466554164886475 33
1761466645541 0.5148187279701233 34
1761466646547 0.5260193347930908 35
1761466647317 0.4887247383594513 36
1761466648110 0.476528137922287 37
1761466649281 0.46019870042800903 38
1761466650574 0.4547393023967743 39
1761466651544 0.4510062336921692 40
1761466652461 0.4510609209537506 41
1761466653205 0.44134971499443054 42
1761466654037 0.422098308801651 43
1761466654959 0.46713700890541077 44
1761466656187 0.39379969239234924 45
1761466657449 0.4082798659801483 46
1761466658398 0.3739164471626282 47
1761466659136 0.3543586730957031 48
1761466660071 0.3602832555770874 49
1761466609805 0.9455763697624207 0
