1761587385817 0.41163209080696106 0
1761587386921 0.4301172196865082 1
1761587387936 0.45671775937080383 2
1761587388968 0.45671775937080383 3
1761587389937 0.46122634410858154 4
1761587391084 0.48467087745666504 5
1761587392101 0.5072137117385864 6
1761587393105 0.5112714171409607 7
1761587394092 0.5225428342819214 8
1761587395083 0.5464382171630859 9
1761587396087 0.5387736558914185 10
1761587397261 0.5518485307693481 11
1761587398263 0.5784490704536438 12
1761587399272 0.5761947631835938 13
1761587400292 0.5937781929969788 14
1761587401300 0.6032461524009705 15
1761587402444 0.6181244254112244 16
1761587403481 0.6271415948867798 17
1761587404469 0.6474301218986511 18
1761587405501 0.6411181092262268 19
1761587406525 0.6591523885726929 20
1761587407532 0.6487826704978943 21
1761587408729 0.660054087638855 22
1761587409992 0.6699729561805725 23
1761587411391 0.6794409155845642 24
1761587412703 0.695671796798706 25
1761587413851 0.71055006980896 26
1761587415052 0.6970243453979492 27
1761587416283 0.7096483111381531 28
1761587417557 0.7204688787460327 29
1761587418720 0.7362488508224487 30
1761587419910 0.7430117130279541 31
1761587420981 0.7380523085594177 32
1761587422211 0.7457168698310852 33
1761587423534 0.7538322806358337 34
1761587424777 0.7642019987106323 35
1761587426116 0.775022566318512 36
1761587427500 0.7655545473098755 37
1761587428757 0.7939585447311401 38
1761587429868 0.7903516888618469 39
1761587430965 0.7867448329925537 40
1761587432097 0.8025248050689697 41
1761587433252 0.7930567860603333 42
1761587434452 0.8020739555358887 43
1761587435477 0.8273218870162964 44
1761587436533 0.8322813510894775 45
1761587437569 0.821911633014679 46
1761587438635 0.8431019186973572 47
1761587439671 0.8286744952201843 48
1761587440727 0.8417493104934692 49
1761587441897 0.8309287428855896 50
1761587443065 0.8403967618942261 51
1761587444266 0.8548241853713989 52
1761587445492 0.8746618628501892 53
1761587446790 0.8660956025123596 54
1761587448128 0.8566275835037231 55
1761587449396 0.8570784330368042 56
1761587450630 0.8656447529792786 57
1761587451781 0.8706041574478149 58
1761587453107 0.869251549243927 59
1761587454507 0.8706041574478149 60
1761587455789 0.8854824304580688 61
1761587457100 0.8904418349266052 62
1761587458460 0.8818755745887756 63
1761587459833 0.9003607034683228 64
1761587461201 0.8832281231880188 65
1761587462494 0.8859332799911499 66
1761587463657 0.9012624025344849 67
1761587464816 0.9129846692085266 68
1761587466034 0.8990080952644348 69
1761587467251 0.9030658006668091 70
1761587468410 0.9012624025344849 71
1761587469636 0.903967559337616 72
1761587470723 0.9152389764785767 73
1761587471847 0.9265103936195374 74
1761587473111 0.919747531414032 75
1761587474313 0.9161406755447388 76
1761587475459 0.9156898260116577 77
1761587476569 0.9305680990219116 78
1761587477759 0.9328223466873169 79
1761587478958 0.9256086349487305 80
1761587480220 0.9242560863494873 81
1761587481655 0.9260594844818115 82
1761587482984 0.9278629422187805 83
1761587484227 0.9310189485549927 84
1761587485423 0.9220017790794373 85
1761587486765 0.9319206476211548 86
1761587488063 0.917944073677063 87
1761587489241 0.9323714971542358 88
1761587490475 0.9211000800132751 89
1761587491598 0.9310189485549927 90
1761587492893 0.9382326602935791 91
1761587494063 0.9314697980880737 92
1761587495361 0.9409377574920654 93
1761587496736 0.9400360584259033 94
1761587497937 0.9395852088928223 95
1761587499248 0.9486023187637329 96
1761587500468 0.9522091746330261 97
1761587501632 0.9436429142951965 98
1761587502957 0.9481514692306519 99
1761587385817 0.41163209080696106 0
