1761587385817 1.0832957029342651 0
1761587386921 1.0616350173950195 1
1761587387936 1.0452464818954468 2
1761587388968 1.0347797870635986 3
1761587389937 1.0402241945266724 4
1761587391084 1.0115821361541748 5
1761587392101 0.9979802966117859 6
1761587393105 0.994649350643158 7
1761587394092 0.9760002493858337 8
1761587395083 0.9548795819282532 9
1761587396087 0.9382079839706421 10
1761587397261 0.9317036867141724 11
1761587398263 0.9183993935585022 12
1761587399272 0.9009770750999451 13
1761587400292 0.876922070980072 14
1761587401300 0.8592920899391174 15
1761587402444 0.8420352339744568 16
1761587403481 0.8365240693092346 17
1761587404469 0.8064456582069397 18
1761587405501 0.7923988103866577 19
1761587406525 0.7687354683876038 20
1761587407532 0.7565646171569824 21
1761587408729 0.745680034160614 22
1761587409992 0.740257203578949 23
1761587411391 0.7081769704818726 24
1761587412703 0.6914882063865662 25
1761587413851 0.6644604802131653 26
1761587415052 0.6631692051887512 27
1761587416283 0.6461548805236816 28
1761587417557 0.6425172090530396 29
1761587418720 0.6095649003982544 30
1761587419910 0.5890507102012634 31
1761587420981 0.5822777152061462 32
1761587422211 0.5984492301940918 33
1761587423534 0.5532048344612122 34
1761587424777 0.5277718901634216 35
1761587426116 0.5144438743591309 36
1761587427500 0.531391978263855 37
1761587428757 0.47928762435913086 38
1761587429868 0.5006347298622131 39
1761587430965 0.49039602279663086 40
1761587432097 0.4561184346675873 41
1761587433252 0.47627800703048706 42
1761587434452 0.45577844977378845 43
1761587435477 0.4225970208644867 44
1761587436533 0.40030816197395325 45
1761587437569 0.4172309935092926 46
1761587438635 0.37860578298568726 47
1761587439671 0.3862702548503876 48
1761587440727 0.3556671142578125 49
1761587441897 0.39825692772865295 50
1761587443065 0.3825328052043915 51
1761587444266 0.3417397737503052 52
1761587445492 0.30571287870407104 53
1761587446790 0.32758980989456177 54
1761587448128 0.3380200266838074 55
1761587449396 0.32008734345436096 56
1761587450630 0.31492340564727783 57
1761587451781 0.2940637767314911 58
1761587453107 0.30477914214134216 59
1761587454507 0.31867262721061707 60
1761587455789 0.27570128440856934 61
1761587457100 0.27968376874923706 62
1761587458460 0.2766460180282593 63
1761587459833 0.23672504723072052 64
1761587461201 0.2787162959575653 65
1761587462494 0.2735929489135742 66
1761587463657 0.23901169002056122 67
1761587464816 0.22163759171962738 68
1761587466034 0.23547880351543427 69
1761587467251 0.24074433743953705 70
1761587468410 0.2500147521495819 71
1761587469636 0.23948411643505096 72
1761587470723 0.2098877727985382 73
1761587471847 0.1908198744058609 74
1761587473111 0.19831667840480804 75
1761587474313 0.2015301138162613 76
1761587475459 0.19810083508491516 77
1761587476569 0.1784905046224594 78
1761587477759 0.17970313131809235 79
1761587478958 0.182940274477005 80
1761587480220 0.1856955736875534 81
1761587481655 0.19745634496212006 82
1761587482984 0.18959370255470276 83
1761587484227 0.17722824215888977 84
1761587485423 0.2061539739370346 85
1761587486765 0.1672833114862442 86
1761587488063 0.21250265836715698 87
1761587489241 0.16045914590358734 88
1761587490475 0.18696393072605133 89
1761587491598 0.16921313107013702 90
1761587492893 0.15714876353740692 91
1761587494063 0.17252959311008453 92
1761587495361 0.16536478698253632 93
1761587496736 0.15490739047527313 94
1761587497937 0.1597345918416977 95
1761587499248 0.1412225216627121 96
1761587500468 0.11503437906503677 97
1761587501632 0.14772796630859375 98
1761587502957 0.14055384695529938 99
1761587385817 1.0832957029342651 0
