1761518331582 0.898953914642334 0
1761518332076 0.8805199861526489 1
1761518332488 0.8790178894996643 2
1761518332911 0.8774608969688416 3
1761518333299 0.8748934864997864 4
1761518333706 0.8764785528182983 5
1761518334112 0.8827770948410034 6
1761518334546 0.8774524927139282 7
1761518334953 0.877501368522644 8
1761518335366 0.876519501209259 9
1761518335769 0.8742110729217529 10
1761518336178 0.8738116025924683 11
1761518336587 0.8752287030220032 12
1761518336992 0.8772794604301453 13
1761518337400 0.8768969774246216 14
1761518337805 0.873905599117279 15
1761518338212 0.873809278011322 16
1761518338616 0.8735954165458679 17
1761518339025 0.8737658262252808 18
1761518339433 0.8744623064994812 19
1761518339840 0.8743523359298706 20
1761518340246 0.8739166855812073 21
1761518340654 0.8744974732398987 22
1761518341044 0.8734930157661438 23
1761518341433 0.8742990493774414 24
1761518341838 0.8741943836212158 25
1761518342244 0.8738003373146057 26
1761518342646 0.8746755123138428 27
1761518343054 0.8745142221450806 28
1761518343454 0.8730742931365967 29
1761518343859 0.873895525932312 30
1761518344265 0.8745307326316833 31
1761518344676 0.8745270371437073 32
1761518345077 0.8733765482902527 33
1761518345483 0.8744460344314575 34
1761518345871 0.8735925555229187 35
1761518346258 0.8734933733940125 36
1761518346660 0.8733630776405334 37
1761518347068 0.87385094165802 38
1761518347473 0.873547375202179 39
1761518347879 0.8732670545578003 40
1761518348282 0.873680055141449 41
1761518348687 0.8736617565155029 42
1761518349090 0.8737655282020569 43
1761518349496 0.873601496219635 44
1761518349896 0.8729633092880249 45
1761518350286 0.8741676211357117 46
1761518350695 0.8733949661254883 47
1761518351099 0.8729541301727295 48
1761518351504 0.8743300437927246 49
1761518331582 0.898953914642334 0
