1761606434375 0.4990983009338379 0
1761606435369 0.5162308216094971 1
1761606436294 0.5320107936859131 2
1761606437185 0.5347159504890442 3
1761606438079 0.5572587847709656 4
1761606438959 0.5703336596488953 5
1761606439853 0.5919747352600098 6
1761606440733 0.6000901460647583 7
1761606441611 0.6163210272789001 8
1761606442495 0.6167718768119812 9
1761606443425 0.6406672596931458 10
1761606444314 0.6627592444419861 11
1761606445228 0.6587015390396118 12
1761606446112 0.6717763543128967 13
1761606447002 0.6749323606491089 14
1761606447903 0.6974751949310303 15
1761606448808 0.7055906057357788 16
1761606449696 0.7064923644065857 17
1761606450609 0.7272317409515381 18
1761606451552 0.7258791923522949 19
1761606452450 0.7439134120941162 20
1761606453356 0.7412083148956299 21
1761606454248 0.757439136505127 22
1761606455151 0.7655545473098755 23
1761606456054 0.773669958114624 24
1761606456953 0.7790802717208862 25
1761606457824 0.7786294221878052 26
1761606458693 0.8052299618721008 27
1761606459564 0.7953110933303833 28
1761606460461 0.8052299618721008 29
1761606461339 0.808836817741394 30
1761606462226 0.8169522285461426 31
1761606463117 0.8228133320808411 32
1761606464000 0.8137962222099304 33
1761606464879 0.8489630222320557 34
1761606465829 0.8422001600265503 35
1761606466751 0.837691605091095 36
1761606467668 0.8412984609603882 37
1761606468611 0.853922426700592 38
1761606469532 0.853471577167511 39
1761606470491 0.8485121726989746 40
1761606471430 0.8651938438415527 41
1761606472349 0.8624887466430664 42
1761606473273 0.8782687187194824 43
1761606474190 0.869251549243927 44
1761606475155 0.8832281231880188 45
1761606476138 0.8787195682525635 46
1761606477131 0.8845807313919067 47
1761606478127 0.8827772736549377 48
1761606479152 0.8958521485328674 49
1761606434375 0.4990983009338379 0
