1761606434375 1.013582468032837 0
1761606435369 0.9912174344062805 1
1761606436294 0.9729704260826111 2
1761606437185 0.9638879895210266 3
1761606438079 0.9452304840087891 4
1761606438959 0.9239557981491089 5
1761606439853 0.8984796404838562 6
1761606440733 0.8821152448654175 7
1761606441611 0.8612471222877502 8
1761606442495 0.8626917004585266 9
1761606443425 0.834332287311554 10
1761606444314 0.8064378499984741 11
1761606445228 0.7978739142417908 12
1761606446112 0.7757006883621216 13
1761606447002 0.7434698939323425 14
1761606447903 0.7185479402542114 15
1761606448808 0.7152464985847473 16
1761606449696 0.6841580271720886 17
1761606450609 0.651826024055481 18
1761606451552 0.6631060838699341 19
1761606452450 0.607014000415802 20
1761606453356 0.6143394708633423 21
1761606454248 0.5889759063720703 22
1761606455151 0.5637199878692627 23
1761606456054 0.5288183093070984 24
1761606456953 0.5270770192146301 25
1761606457824 0.5420107245445251 26
1761606458693 0.47946643829345703 27
1761606459564 0.48641151189804077 28
1761606460461 0.4591132700443268 29
1761606461339 0.46575063467025757 30
1761606462226 0.4378388524055481 31
1761606463117 0.4201078712940216 32
1761606464000 0.4329478144645691 33
1761606464879 0.3706792891025543 34
1761606465829 0.3843918740749359 35
1761606466751 0.3914348781108856 36
1761606467668 0.38523727655410767 37
1761606468611 0.3577841818332672 38
1761606469532 0.35421833395957947 39
1761606470491 0.3587571382522583 40
1761606471430 0.3286098539829254 41
1761606472349 0.3339459300041199 42
1761606473273 0.28531134128570557 43
1761606474190 0.31284061074256897 44
1761606475155 0.2799473702907562 45
1761606476138 0.29575181007385254 46
1761606477131 0.2909930348396301 47
1761606478127 0.2823006510734558 48
1761606479152 0.24651449918746948 49
1761606434375 1.013582468032837 0
