1761462607707 0.36097341775894165 0
1761462609268 0.3866606652736664 1
1761462610733 0.39522308111190796 2
1761462612222 0.410545289516449 3
1761462613708 0.4186570644378662 4
1761462615203 0.43172600865364075 5
1761462616634 0.43938711285591125 6
1761462618257 0.44930148124694824 7
1761462619733 0.45561063289642334 8
1761462621224 0.4623704254627228 9
1761462622740 0.48129788041114807 10
1761462624207 0.4916629195213318 11
1761462625672 0.5011266469955444 12
1761462627144 0.5078864097595215 13
1761462628602 0.5096890330314636 14
1761462630083 0.5272645354270935 15
1761462631526 0.5470932722091675 16
1761462632980 0.5412347912788391 17
1761462634475 0.5610635280609131 18
1761462635906 0.5624154806137085 19
1761462637414 0.5714285969734192 20
1761462638836 0.5998197197914124 21
1761462640321 0.6043262481689453 22
1761462641798 0.6061288714408875 23
1761462643292 0.6453357338905334 24
1761462644764 0.6309148073196411 25
1761462646238 0.6502929329872131 26
1761462647701 0.6538981795310974 27
1761462649184 0.679134726524353 28
1761462650749 0.6809373497962952 29
1761462652328 0.6926543712615967 30
1761462653847 0.698512852191925 31
1761462655340 0.7088778614997864 32
1761462656818 0.726904034614563 33
1761462658272 0.7368183732032776 34
1761462659745 0.737719714641571 35
1761462661264 0.7503380179405212 36
1761462662737 0.7512392997741699 37
1761462664224 0.7674628496170044 38
1761462665717 0.7652095556259155 39
1761462667180 0.7683641314506531 40
1761462668657 0.7841370105743408 41
1761462670130 0.7877421975135803 42
1761462671584 0.7917981147766113 43
1761462673044 0.8111761808395386 44
1761462674482 0.8098242282867432 45
1761462675949 0.79269939661026 46
1761462677453 0.8201892971992493 47
1761462678899 0.8264984488487244 48
1761462680383 0.8233438730239868 49
1761462607707 0.36097341775894165 0
