1761462607707 1.0970085859298706 0
1761462609268 1.0912340879440308 1
1761462610733 1.0838446617126465 2
1761462612222 1.0755791664123535 3
1761462613708 1.0681856870651245 4
1761462615203 1.0571061372756958 5
1761462616634 1.0503219366073608 6
1761462618257 1.0438807010650635 7
1761462619733 1.036620020866394 8
1761462621224 1.0238474607467651 9
1761462622740 1.010403037071228 10
1761462624207 1.0030603408813477 11
1761462625672 0.9905713796615601 12
1761462627144 0.982237696647644 13
1761462628602 0.9673666954040527 14
1761462630083 0.9572593569755554 15
1761462631526 0.9351611137390137 16
1761462632980 0.9269642233848572 17
1761462634475 0.9120000600814819 18
1761462635906 0.8979498744010925 19
1761462637414 0.9020926356315613 20
1761462638836 0.8597978353500366 21
1761462640321 0.8456751108169556 22
1761462641798 0.8284459710121155 23
1761462643292 0.7918077111244202 24
1761462644764 0.7974714636802673 25
1761462646238 0.7780373692512512 26
1761462647701 0.7416433691978455 27
1761462649184 0.7332066297531128 28
1761462650749 0.7130270004272461 29
1761462652328 0.7020179033279419 30
1761462653847 0.6771043539047241 31
1761462655340 0.6548250317573547 32
1761462656818 0.6352480053901672 33
1761462658272 0.6274651288986206 34
1761462659745 0.6042968034744263 35
1761462661264 0.5861285924911499 36
1761462662737 0.5738321542739868 37
1761462664224 0.5387750267982483 38
1761462665717 0.5330249667167664 39
1761462667180 0.5192148089408875 40
1761462668657 0.5178483724594116 41
1761462670130 0.4944796562194824 42
1761462671584 0.480574369430542 43
1761462673044 0.4514829218387604 44
1761462674482 0.4612400233745575 45
1761462675949 0.47501876950263977 46
1761462677453 0.4335425794124603 47
1761462678899 0.4171859622001648 48
1761462680383 0.41619205474853516 49
1761462607707 1.0970085859298706 0
