1761512693436 0.5029292702674866 0
1761512694337 0.5313203930854797 1
1761512695177 0.5691753029823303 2
1761512695995 0.5673726797103882 3
1761512696836 0.593961238861084 4
1761512697666 0.6065795421600342 5
1761512698540 0.6358720064163208 6
1761512699424 0.6457864046096802 7
1761512700566 0.6561514139175415 8
1761512701462 0.6579540371894836 9
1761512702554 0.6624605655670166 10
1761512703521 0.6931049823760986 11
1761512704393 0.6980621814727783 12
1761512705299 0.7066246271133423 13
1761512706188 0.7129337787628174 14
1761512707096 0.718341588973999 15
1761512708056 0.7345651388168335 16
1761512709088 0.7260026931762695 17
1761512710269 0.7435781955718994 18
1761512711139 0.7453808188438416 19
1761512711992 0.7737719416618347 20
1761512712846 0.7724199891090393 21
1761512713667 0.772870659828186 22
1761512714512 0.7886435389518738 23
1761512715347 0.7931500673294067 24
1761512716169 0.7990085482597351 25
1761512717007 0.8098242282867432 26
1761512717847 0.8174853324890137 27
1761512718664 0.8183866739273071 28
1761512719482 0.8188372850418091 29
1761512720333 0.8436232805252075 30
1761512721174 0.8278504014015198 31
1761512722006 0.8521856665611267 32
1761512722880 0.8337088823318481 33
1761512723731 0.8535376191139221 34
1761512724611 0.8539882898330688 35
1761512725458 0.8422712683677673 36
1761512726340 0.8652546405792236 37
1761512727367 0.8526363372802734 38
1761512728298 0.8639026880264282 39
1761512729174 0.8693104982376099 40
1761512730032 0.8805768489837646 41
1761512730892 0.8751689791679382 42
1761512731729 0.8828300833702087 43
1761512732575 0.8751689791679382 44
1761512733434 0.8927444815635681 45
1761512734296 0.8837314248085022 46
1761512735144 0.8891392350196838 47
1761512736003 0.8945471048355103 48
1761512736931 0.8760703206062317 49
1761512693436 0.5029292702674866 0
