1761512693436 0.8144411444664001 0
1761512694337 0.7981314063072205 1
1761512695177 0.7707430124282837 2
1761512695995 0.7655344605445862 3
1761512696836 0.7508987784385681 4
1761512697666 0.7340936660766602 5
1761512698540 0.7303400635719299 6
1761512699424 0.7086111307144165 7
1761512700566 0.6970415711402893 8
1761512701462 0.6867667436599731 9
1761512702554 0.6862899661064148 10
1761512703521 0.6629369258880615 11
1761512704393 0.6514425277709961 12
1761512705299 0.6330469250679016 13
1761512706188 0.6249145865440369 14
1761512707096 0.6124415397644043 15
1761512708056 0.5919111967086792 16
1761512709088 0.5891901850700378 17
1761512710269 0.5674917697906494 18
1761512711139 0.554467499256134 19
1761512711992 0.5311219692230225 20
1761512712846 0.5283297896385193 21
1761512713667 0.5168774724006653 22
1761512714512 0.5119407773017883 23
1761512715347 0.49746590852737427 24
1761512716169 0.4810156226158142 25
1761512717007 0.446757048368454 26
1761512717847 0.4451431334018707 27
1761512718664 0.43998730182647705 28
1761512719482 0.4202491343021393 29
1761512720333 0.3935588300228119 30
1761512721174 0.4056980609893799 31
1761512722006 0.3759647607803345 32
1761512722880 0.3991808295249939 33
1761512723731 0.3579774498939514 34
1761512724611 0.35726839303970337 35
1761512725458 0.3692532777786255 36
1761512726340 0.3378143906593323 37
1761512727367 0.34740954637527466 38
1761512728298 0.3195333480834961 39
1761512729174 0.3152274489402771 40
1761512730032 0.29088902473449707 41
1761512730892 0.30859920382499695 42
1761512731729 0.28761616349220276 43
1761512732575 0.30543485283851624 44
1761512733434 0.26625099778175354 45
1761512734296 0.267168790102005 46
1761512735144 0.281002938747406 47
1761512736003 0.25566327571868896 48
1761512736931 0.28987205028533936 49
1761512693436 0.8144411444664001 0
