1761444944013 0.37629562616348267 0
1761444944629 0.41009464859962463 1
1761444944997 0.41910770535469055 2
1761444945371 0.43578189611434937 3
1761444946006 0.4335286021232605 4
1761444946773 0.4308246970176697 5
1761444947528 0.4375844895839691 6
1761444948173 0.4299233853816986 7
1761444948824 0.4272194802761078 8
1761444949357 0.4371338486671448 9
1761444949916 0.4339792728424072 10
1761444950468 0.44164037704467773 11
1761444951023 0.42902207374572754 12
1761444951580 0.4438936412334442 13
1761444952137 0.44299232959747314 14
1761444952975 0.44975215196609497 15
1761444953593 0.4452455937862396 16
1761444954154 0.4339792728424072 17
1761444954617 0.4465975761413574 18
1761444954973 0.45831456780433655 19
1761444955483 0.4434430003166199 20
1761444956033 0.43938711285591125 21
1761444956584 0.4438936412334442 22
1761444957124 0.44434431195259094 23
1761444957782 0.44794952869415283 24
1761444958438 0.45065343379974365 25
1761444959057 0.4565119445323944 26
1761444959703 0.4447949528694153 27
1761444960358 0.44794952869415283 28
1761444961016 0.44930148124694824 29
1761444961624 0.44299232959747314 30
1761444962150 0.44975215196609497 31
1761444962703 0.4511041045188904 32
1761444963225 0.44299232959747314 33
1761444963757 0.4587652087211609 34
1761444964296 0.44975215196609497 35
1761444964791 0.45561063289642334 36
1761444965342 0.44704821705818176 37
1761444965893 0.45696258544921875 38
1761444966492 0.455159991979599 39
1761444967200 0.45831456780433655 40
1761444967890 0.4515547454357147 41
1761444968546 0.45335736870765686 42
1761444969194 0.4511041045188904 43
1761444969638 0.4529067277908325 44
1761444970317 0.4614691436290741 45
1761444970662 0.4511041045188904 46
1761444971269 0.45831456780433655 47
1761444971837 0.4538080096244812 48
1761444972391 0.4538080096244812 49
1761444944013 0.37629562616348267 0
