1761602357262 0.4625788927078247 0
1761602357511 0.47700631618499756 1
1761602357757 0.4810640215873718 2
1761602357982 0.49188458919525146 3
1761602358201 0.4810640215873718 4
1761602358421 0.48827773332595825 5
1761602358647 0.5072137117385864 6
1761602358889 0.4941388666629791 7
1761602359138 0.49368801712989807 8
1761602359366 0.5045085549354553 9
1761602359594 0.5139765739440918 10
1761602359820 0.5198376774787903 11
1761602360056 0.49684399366378784 12
1761602360272 0.5049594044685364 13
1761602360493 0.49954915046691895 14
1761602360724 0.5009016990661621 15
1761602360965 0.5275022387504578 16
1761602361196 0.5256988406181335 17
1761602361427 0.5256988406181335 18
1761602361666 0.5284039378166199 19
1761602361886 0.5302073955535889 20
1761602362107 0.5396753549575806 21
1761602362331 0.517583429813385 22
1761602362552 0.5211902856826782 23
1761602362776 0.5365194082260132 24
1761602363007 0.5279530882835388 25
1761602363228 0.5401262640953064 26
1761602363452 0.5419296622276306 27
1761602363676 0.5405771136283875 28
1761602363903 0.5387736558914185 29
1761602364127 0.53291255235672 30
1761602364349 0.5410279631614685 31
1761602364570 0.546889066696167 32
1761602364794 0.5419296622276306 33
1761602365022 0.5599639415740967 34
1761602365262 0.5477908253669739 35
1761602365486 0.5608656406402588 36
1761602365711 0.5577096343040466 37
1761602365931 0.5604147911071777 38
1761602366158 0.5590622425079346 39
1761602366388 0.5676285028457642 40
1761602366616 0.5536519289016724 41
1761602366842 0.5676285028457642 42
1761602367066 0.5671776533126831 43
1761602367291 0.5748422145843506 44
1761602367513 0.5698827505111694 45
1761602367738 0.5721370577812195 46
1761602367972 0.5856627821922302 47
1761602368202 0.5829576253890991 48
1761602368423 0.5825067758560181 49
1761602357262 0.4625788927078247 0
