1761465258020 0.3776475787162781 0
1761465259142 0.39882829785346985 1
1761465260219 0.41775575280189514 2
1761465261418 0.4195583462715149 3
1761465262582 0.4249661862850189 4
1761465263650 0.4447949528694153 5
1761465264726 0.44930148124694824 6
1761465265780 0.45065343379974365 7
1761465266911 0.4529067277908325 8
1761465268160 0.48355114459991455 9
1761465269218 0.4601171612739563 10
1761465270256 0.4853537678718567 11
1761465271288 0.49752140045166016 12
1761465272434 0.49887335300445557 13
1761465273611 0.49887335300445557 14
1761465274701 0.5092384219169617 15
1761465275815 0.5245606303215027 16
1761465276967 0.519603431224823 17
1761465278194 0.5380802154541016 18
1761465279457 0.5457413196563721 19
1761465280559 0.5385308861732483 20
1761465281637 0.5606129169464111 21
1761465282711 0.5615141987800598 22
1761465283935 0.5732311606407166 23
1761465285179 0.5863001346588135 24
1761465286207 0.5971158146858215 25
1761465287216 0.6052275896072388 26
1761465288248 0.6200991272926331 27
1761465289398 0.629112184047699 28
1761465290529 0.6520955562591553 29
1761465291560 0.6511942148208618 30
1761465292576 0.6480396389961243 31
1761465293576 0.6705723404884338 32
1761465294578 0.7007660865783691 33
1761465295700 0.7016674280166626 34
1761465296823 0.7138350605964661 35
1761465297817 0.7070752382278442 36
1761465298790 0.7363677620887756 37
1761465299777 0.7449301481246948 38
1761465300920 0.7386209964752197 39
1761465301993 0.7647588849067688 40
1761465303278 0.7701667547225952 41
1761465304331 0.781883716583252 42
1761465305362 0.7863902449607849 43
1761465306496 0.7990085482597351 44
1761465307610 0.7994592189788818 45
1761465308626 0.8134294748306274 46
1761465309634 0.8147814273834229 47
1761465310620 0.8143307566642761 48
1761465311676 0.8494817614555359 49
1761465258020 0.3776475787162781 0
