1761610261836 0.4540126323699951 0
1761610262153 0.49684399366378784 1
1761610262440 0.5036068558692932 2
1761610262756 0.4905320107936859 3
1761610263034 0.5031560063362122 4
1761610263321 0.5040577054023743 5
1761610263607 0.5189359784126282 6
1761610263893 0.5045085549354553 7
1761610264176 0.5139765739440918 8
1761610264503 0.5099188685417175 9
1761610264790 0.517583429813385 10
1761610265076 0.5189359784126282 11
1761610265365 0.531109094619751 12
1761610265648 0.5360685586929321 13
1761610265940 0.5369702577590942 14
1761610266221 0.5347159504890442 15
1761610266508 0.5270513892173767 16
1761610266818 0.5302073955535889 17
1761610267101 0.547339916229248 18
1761610267385 0.5450856685638428 19
1761610267669 0.5365194082260132 20
1761610267954 0.547339916229248 21
1761610268242 0.5509467720985413 22
1761610268525 0.5658250451087952 23
1761610268809 0.5522993803024292 24
1761610269091 0.564021646976471 25
1761610269376 0.5550045371055603 26
1761610269659 0.5653741955757141 27
1761610269944 0.582055926322937 28
1761610270228 0.5906221866607666 29
1761610270513 0.5829576253890991 30
1761610270803 0.5879170298576355 31
1761610271088 0.597385048866272 32
1761610271376 0.6023444533348083 33
1761610271658 0.6127141714096069 34
1761610271947 0.5996392965316772 35
1761610272229 0.6036970019340515 36
1761610272512 0.6217312812805176 37
1761610272796 0.6239855885505676 38
1761610273081 0.6321009993553162 39
1761610273368 0.630748450756073 40
1761610273647 0.6496844291687012 41
1761610273920 0.6505861282348633 42
1761610274189 0.6523895263671875 43
1761610274460 0.6438232660293579 44
1761610274748 0.6514878273010254 45
1761610275029 0.6469792723655701 46
1761610275313 0.675834059715271 47
1761610275599 0.6568980813026428 48
1761610275885 0.678088366985321 49
1761610261836 0.4540126323699951 0
