1761610261836 1.0485358238220215 0
1761610262153 1.0089317560195923 1
1761610262440 1.0006165504455566 2
1761610262756 1.0032099485397339 3
1761610263034 0.9961102604866028 4
1761610263321 0.9939199090003967 5
1761610263607 0.9928590655326843 6
1761610263893 0.9963083863258362 7
1761610264176 0.9837122559547424 8
1761610264503 0.9820573329925537 9
1761610264790 0.9806540012359619 10
1761610265076 0.978934645652771 11
1761610265365 0.9741417765617371 12
1761610265648 0.9730902910232544 13
1761610265940 0.9643473029136658 14
1761610266221 0.9660508036613464 15
1761610266508 0.9654828310012817 16
1761610266818 0.9642738103866577 17
1761610267101 0.9593875408172607 18
1761610267385 0.9490417242050171 19
1761610267669 0.9593719244003296 20
1761610267954 0.9488034248352051 21
1761610268242 0.9425581693649292 22
1761610268525 0.939201831817627 23
1761610268809 0.9385090470314026 24
1761610269091 0.9264392852783203 25
1761610269376 0.926656186580658 26
1761610269659 0.9255040884017944 27
1761610269944 0.9077663421630859 28
1761610270228 0.9079893827438354 29
1761610270513 0.8941585421562195 30
1761610270803 0.8933676481246948 31
1761610271088 0.8903640508651733 32
1761610271376 0.8765131235122681 33
1761610271658 0.8779100775718689 34
1761610271947 0.8730924129486084 35
1761610272229 0.8658969402313232 36
1761610272512 0.851427435874939 37
1761610272796 0.8377709984779358 38
1761610273081 0.8315520882606506 39
1761610273368 0.8288720846176147 40
1761610273647 0.8111518025398254 41
1761610273920 0.8042210936546326 42
1761610274189 0.7990331649780273 43
1761610274460 0.8117760419845581 44
1761610274748 0.7923858761787415 45
1761610275029 0.7965571284294128 46
1761610275313 0.7618160247802734 47
1761610275599 0.7762777209281921 48
1761610275885 0.7648525238037109 49
1761610261836 1.0485358238220215 0
