1761462796646 0.3289770185947418 0
1761462796986 0.4033348262310028 1
1761462797302 0.4073907136917114 2
1761462797589 0.4236142337322235 3
1761462797905 0.41279855370521545 4
1761462798211 0.42676880955696106 5
1761462798493 0.4321766495704651 6
1761462798795 0.45696258544921875 7
1761462799096 0.45425868034362793 8
1761462799478 0.45606130361557007 9
1761462799809 0.4574132561683655 10
1761462800117 0.47228482365608215 11
1761462800455 0.4713835120201111 12
1761462800786 0.4817485213279724 13
1761462801067 0.4840018153190613 14
1761462801377 0.4889589846134186 15
1761462801685 0.5038305521011353 16
1761462801980 0.5006759762763977 17
1761462802283 0.5011266469955444 18
1761462802582 0.51509690284729 19
1761462802880 0.5060838460922241 20
1761462803205 0.5187020897865295 21
1761462803521 0.5290671586990356 22
1761462803825 0.5254619121551514 23
1761462804126 0.5268138647079468 24
1761462804422 0.5461919903755188 25
1761462804728 0.5398828387260437 26
1761462805047 0.550247848033905 27
1761462805346 0.5457413196563721 28
1761462805651 0.5601622462272644 29
1761462805967 0.5488958954811096 30
1761462806257 0.5606129169464111 31
1761462806542 0.5705272555351257 32
1761462806852 0.5651194453239441 33
1761462807146 0.5714285969734192 34
1761462807440 0.5768364071846008 35
1761462807763 0.5727805495262146 36
1761462808046 0.5759351253509521 37
1761462808334 0.5759351253509521 38
1761462808640 0.5858494639396667 39
1761462808945 0.5899053812026978 40
1761462809243 0.5921586155891418 41
1761462809525 0.5912573337554932 42
1761462809861 0.6020730137825012 43
1761462810149 0.5957638621330261 44
1761462810445 0.6043262481689453 45
1761462810748 0.5966651439666748 46
1761462811048 0.6097341179847717 47
1761462811426 0.613339364528656 48
1761462811718 0.6079314947128296 49
1761462796646 0.3289770185947418 0
