1761466135214 0.41505181789398193 0
1761466135563 0.43533122539520264 1
1761466135976 0.4438936412334442 2
1761466136615 0.4529067277908325 3
1761466137154 0.46191978454589844 4
1761466137481 0.4565119445323944 5
1761466137934 0.455159991979599 6
1761466138433 0.4601171612739563 7
1761466138728 0.465074360370636 8
1761466139379 0.4587652087211609 9
1761466140078 0.4677782654762268 10
1761466140807 0.47994592785835266 11
1761466141569 0.4894096553325653 12
1761466142008 0.4880576729774475 13
1761466142500 0.4907616078853607 14
1761466143047 0.500225305557251 15
1761466143602 0.500225305557251 16
1761466144137 0.5006759762763977 17
1761466144674 0.5092384219169617 18
1761466145219 0.5187020897865295 19
1761466145763 0.5047318339347839 20
1761466146307 0.5245606303215027 21
1761466146821 0.5209553837776184 22
1761466147388 0.5268138647079468 23
1761466147978 0.530419111251831 24
1761466148558 0.5205047130584717 25
1761466149047 0.5281658172607422 26
1761466149580 0.5313203930854797 27
1761466150121 0.5439386963844299 28
1761466150669 0.5520504713058472 29
1761466151195 0.5511491894721985 30
1761466151744 0.5520504713058472 31
1761466152279 0.5565569996833801 32
1761466152692 0.5538530945777893 33
1761466153183 0.5538530945777893 34
1761466153678 0.5723298788070679 35
1761466154208 0.5475439429283142 36
1761466154757 0.5687246322631836 37
1761466155402 0.578639030456543 38
1761466156026 0.5678233504295349 39
1761466156639 0.5799909830093384 40
1761466157256 0.5768364071846008 41
1761466157799 0.5772870779037476 42
1761466158385 0.5971158146858215 43
1761466158923 0.5844975113868713 44
1761466159448 0.5844975113868713 45
1761466160049 0.5930599570274353 46
1761466160590 0.5899053812026978 47
1761466161074 0.5935105681419373 48
1761466161660 0.613339364528656 49
1761466135214 0.41505181789398193 0
