1761516377626 0.46191978454589844 0
1761516377859 0.4826498329639435 1
1761516378066 0.49481749534606934 2
1761516378277 0.5051825046539307 3
1761516378489 0.5209553837776184 4
1761516378703 0.5232086777687073 5
1761516378915 0.5331230163574219 6
1761516379117 0.5362775921821594 7
1761516379321 0.5470932722091675 8
1761516379530 0.565570056438446 9
1761516379741 0.5646687746047974 10
1761516379953 0.5759351253509521 11
1761516380166 0.5795403122901917 12
1761516380378 0.5953131914138794 13
1761516380591 0.5881027579307556 14
1761516380805 0.6043262481689453 15
1761516381014 0.6119873523712158 16
1761516381218 0.6182965040206909 17
1761516381427 0.608832836151123 18
1761516381629 0.6210004687309265 19
1761516381840 0.6191978454589844 20
1761516382050 0.63316810131073 21
1761516382262 0.6313654780387878 22
1761516382474 0.6466876864433289 23
1761516382684 0.6358720064163208 24
1761516382894 0.6462370157241821 25
1761516383104 0.6575033664703369 26
1761516383324 0.6588553190231323 27
1761516383535 0.6620098948478699 28
1761516383745 0.6701216697692871 29
1761516383955 0.6845425963401794 30
1761516384162 0.6647138595581055 31
1761516384375 0.6696709990501404 32
1761516384585 0.6804866790771484 33
1761516384798 0.6773321032524109 34
1761516385009 0.6894997954368591 35
1761516385220 0.6845425963401794 36
1761516385431 0.6908517479896545 37
1761516385636 0.6849932670593262 38
1761516385849 0.694456934928894 39
1761516386060 0.7003154754638672 40
1761516386271 0.7052726745605469 41
1761516386481 0.7016674280166626 42
1761516386689 0.7160883545875549 43
1761516386905 0.7025687098503113 44
1761516387116 0.7169896364212036 45
1761516387325 0.7196935415267944 46
1761516387529 0.7142857313156128 47
1761516387733 0.7201442122459412 48
1761516387945 0.7291572690010071 49
1761516377626 0.46191978454589844 0
