1761516377626 1.0451408624649048 0
1761516377859 1.0166385173797607 1
1761516378066 1.00678551197052 2
1761516378277 0.9914756417274475 3
1761516378489 0.9821658730506897 4
1761516378703 0.9658511281013489 5
1761516378915 0.9557337760925293 6
1761516379117 0.9453001618385315 7
1761516379321 0.9346093535423279 8
1761516379530 0.9204866290092468 9
1761516379741 0.9091050028800964 10
1761516379953 0.8986039161682129 11
1761516380166 0.8979545831680298 12
1761516380378 0.8804471492767334 13
1761516380591 0.8715911507606506 14
1761516380805 0.863924503326416 15
1761516381014 0.8606851100921631 16
1761516381218 0.8469148278236389 17
1761516381427 0.8377931714057922 18
1761516381629 0.8252010345458984 19
1761516381840 0.8213567137718201 20
1761516382050 0.8177639245986938 21
1761516382262 0.810701847076416 22
1761516382474 0.7970218658447266 23
1761516382684 0.7903463840484619 24
1761516382894 0.78424072265625 25
1761516383104 0.773260235786438 26
1761516383324 0.7655817866325378 27
1761516383535 0.7650558948516846 28
1761516383745 0.7533317804336548 29
1761516383955 0.7491598725318909 30
1761516384162 0.7388547658920288 31
1761516384375 0.7304981350898743 32
1761516384585 0.7299261689186096 33
1761516384798 0.7199659943580627 34
1761516385009 0.7135446667671204 35
1761516385220 0.7114682793617249 36
1761516385431 0.7105809450149536 37
1761516385636 0.6989912986755371 38
1761516385849 0.6981017589569092 39
1761516386060 0.6962023377418518 40
1761516386271 0.6814630031585693 41
1761516386481 0.6774903535842896 42
1761516386689 0.6728797554969788 43
1761516386905 0.6796245574951172 44
1761516387116 0.6628245711326599 45
1761516387325 0.6608075499534607 46
1761516387529 0.6596868634223938 47
1761516387733 0.6548829674720764 48
1761516387945 0.6438766121864319 49
1761516377626 1.0451408624649048 0
