1761602294288 1.01376211643219 0
1761602294538 0.9944626688957214 1
1761602294783 0.9881283640861511 2
1761602294997 0.9787312746047974 3
1761602295215 0.9738375544548035 4
1761602295437 0.9661304950714111 5
1761602295656 0.9619975090026855 6
1761602295877 0.959472119808197 7
1761602296094 0.9601754546165466 8
1761602296311 0.9489942193031311 9
1761602296527 0.9460445046424866 10
1761602296738 0.9431676268577576 11
1761602296960 0.938343346118927 12
1761602297181 0.9340792894363403 13
1761602297394 0.9281957149505615 14
1761602297618 0.9247602224349976 15
1761602297978 0.918316125869751 16
1761602298206 0.9125055074691772 17
1761602298426 0.9088203310966492 18
1761602298643 0.9035550951957703 19
1761602298863 0.9015161395072937 20
1761602299077 0.8988444209098816 21
1761602299296 0.8870978355407715 22
1761602299517 0.8802630305290222 23
1761602299724 0.8861207962036133 24
1761602299936 0.8918258547782898 25
1761602300156 0.8701934814453125 26
1761602300369 0.8733231425285339 27
1761602300585 0.8680640459060669 28
1761602300798 0.8551713228225708 29
1761602301004 0.8535540103912354 30
1761602301217 0.8497865200042725 31
1761602301431 0.8434109091758728 32
1761602301654 0.8379979133605957 33
1761602301892 0.8333077430725098 34
1761602302120 0.8318044543266296 35
1761602302338 0.8225628137588501 36
1761602302553 0.8223339319229126 37
1761602302767 0.8123124241828918 38
1761602302987 0.8142167925834656 39
1761602303200 0.8104677200317383 40
1761602303416 0.8036584258079529 41
1761602303632 0.8063433766365051 42
1761602303845 0.8056684136390686 43
1761602304067 0.7885170578956604 44
1761602304285 0.7876708507537842 45
1761602304502 0.7870213985443115 46
1761602304718 0.7862193584442139 47
1761602304935 0.7789784073829651 48
1761602305151 0.7749406099319458 49
1761602294288 1.01376211643219 0
