1761469345982 0.48715639114379883 0
1761469348298 0.5101397037506104 1
1761469349431 0.5187020897865295 2
1761469350650 0.5200541019439697 3
1761469352165 0.5290671586990356 4
1761469353654 0.558810293674469 5
1761469355020 0.5583596229553223 6
1761469356226 0.5718792080879211 7
1761469357915 0.5619648694992065 8
1761469359233 0.5714285969734192 9
1761469360867 0.5777377486228943 10
1761469362040 0.5849481821060181 11
1761469363460 0.5885534286499023 12
1761469365161 0.6029742956161499 13
1761469366861 0.5975664854049683 14
1761469368111 0.6070302128791809 15
1761469369697 0.6259576678276062 16
1761469370809 0.604776918888092 17
1761469372609 0.6219017505645752 18
1761469373746 0.6372239589691162 19
1761469374987 0.6282109022140503 20
1761469376386 0.6367733478546143 21
1761469378379 0.6525461673736572 22
1761469379645 0.652996838092804 23
1761469380976 0.6588553190231323 24
1761469382258 0.6773321032524109 25
1761469384199 0.668319046497345 26
1761469385616 0.687697172164917 27
1761469386712 0.6962595582008362 28
1761469388040 0.6976115107536316 29
1761469389895 0.7102298140525818 30
1761469391216 0.7201442122459412 31
1761469392327 0.7210454940795898 32
1761469393545 0.7214961647987366 33
1761469395156 0.7323118448257446 34
1761469396891 0.7440288662910461 35
1761469398087 0.7534925937652588 36
1761469399193 0.7543938755989075 37
1761469400627 0.7512392997741699 38
1761469402558 0.7616043090820312 39
1761469404053 0.777377188205719 40
1761469405436 0.7683641314506531 41
1761469406979 0.7800810933113098 42
1761469408449 0.7724199891090393 43
1761469409994 0.7877421975135803 44
1761469411231 0.797205924987793 45
1761469412746 0.7985579371452332 46
1761469414355 0.8044164180755615 47
1761469416021 0.8219918608665466 48
1761469417152 0.8084722757339478 49
1761469345982 0.48715639114379883 0
