1761469345982 0.9469437003135681 0
1761469348298 0.9325633645057678 1
1761469349431 0.9267662763595581 2
1761469350650 0.921939492225647 3
1761469352165 0.9144587516784668 4
1761469353654 0.9082111120223999 5
1761469355020 0.8990810513496399 6
1761469356226 0.8960945010185242 7
1761469357915 0.8897086977958679 8
1761469359233 0.8813955783843994 9
1761469360867 0.8811667561531067 10
1761469362040 0.8672736287117004 11
1761469363460 0.8579123616218567 12
1761469365161 0.8537066578865051 13
1761469366861 0.8463899493217468 14
1761469368111 0.8393481969833374 15
1761469369697 0.8224554061889648 16
1761469370809 0.8294424414634705 17
1761469372609 0.8075163960456848 18
1761469373746 0.7923287749290466 19
1761469374987 0.7895613312721252 20
1761469376386 0.7778816819190979 21
1761469378379 0.7623815536499023 22
1761469379645 0.7535740733146667 23
1761469380976 0.7429904341697693 24
1761469382258 0.7211115956306458 25
1761469384199 0.7215916514396667 26
1761469385616 0.7065095901489258 27
1761469386712 0.680610179901123 28
1761469388040 0.6783409714698792 29
1761469389895 0.6707102656364441 30
1761469391216 0.6547152996063232 31
1761469392327 0.6532564759254456 32
1761469393545 0.6345939636230469 33
1761469395156 0.6215628385543823 34
1761469396891 0.6081562042236328 35
1761469398087 0.597667932510376 36
1761469399193 0.5894895792007446 37
1761469400627 0.5792076587677002 38
1761469402558 0.557900071144104 39
1761469404053 0.5507709383964539 40
1761469405436 0.5387111902236938 41
1761469406979 0.5229849815368652 42
1761469408449 0.5243923664093018 43
1761469409994 0.5088801383972168 44
1761469411231 0.4922584593296051 45
1761469412746 0.48750603199005127 46
1761469414355 0.46075451374053955 47
1761469416021 0.44410043954849243 48
1761469417152 0.4506978690624237 49
1761469345982 0.9469437003135681 0
