1761468005622 1.0107604265213013 0
1761468006646 0.9882014393806458 1
1761468007779 0.9663051962852478 2
1761468009221 0.9592081308364868 3
1761468010122 0.9474457502365112 4
1761468010858 0.9278896450996399 5
1761468011898 0.9184640645980835 6
1761468012980 0.9056909084320068 7
1761468014278 0.9020465612411499 8
1761468015451 0.8850560188293457 9
1761468016280 0.8739372491836548 10
1761468016986 0.855445921421051 11
1761468017739 0.8443716168403625 12
1761468018572 0.8410777449607849 13
1761468019874 0.809385359287262 14
1761468021265 0.795509397983551 15
1761468022154 0.7694153785705566 16
1761468022855 0.7619568705558777 17
1761468023697 0.7508525848388672 18
1761468025560 0.734685480594635 19
1761468027040 0.735084593296051 20
1761468028050 0.699950635433197 21
1761468028843 0.6920648217201233 22
1761468029617 0.6574696898460388 23
1761468030409 0.6568314433097839 24
1761468031294 0.6348626613616943 25
1761468032303 0.6165919899940491 26
1761468033311 0.6201821565628052 27
1761468034428 0.5816359519958496 28
1761468035165 0.5933660864830017 29
1761468036153 0.5872867703437805 30
1761468037472 0.5685750842094421 31
1761468038696 0.5309028625488281 32
1761468039842 0.5667262077331543 33
1761468040761 0.544219434261322 34
1761468041597 0.5206205248832703 35
1761468043419 0.5131109356880188 36
1761468044565 0.5169708728790283 37
1761468045601 0.5068871974945068 38
1761468046378 0.49114343523979187 39
1761468047122 0.4754031002521515 40
1761468047985 0.4834781289100647 41
1761468048773 0.43911418318748474 42
1761468050073 0.4649108946323395 43
1761468051197 0.4328203797340393 44
1761468052129 0.43031173944473267 45
1761468052850 0.4269334077835083 46
1761468053590 0.4291302263736725 47
1761468054450 0.39074817299842834 48
1761468055767 0.39276960492134094 49
1761468005622 1.0107604265213013 0
