1761523083619 0.5416854619979858 0
1761523084371 0.5664713978767395 1
1761523085021 0.5637674331665039 2
1761523085682 0.5863001346588135 3
1761523086539 0.5890040397644043 4
1761523087025 0.5912573337554932 5
1761523087563 0.5863001346588135 6
1761523088226 0.6097341179847717 7
1761523088878 0.6196485161781311 8
1761523089274 0.6052275896072388 9
1761523090113 0.6232537031173706 10
1761523090592 0.6277602314949036 11
1761523091048 0.6250563263893127 12
1761523091573 0.6430824398994446 13
1761523092095 0.6372239589691162 14
1761523092565 0.6340693831443787 15
1761523092979 0.6462370157241821 16
1761523093367 0.6557007431983948 17
1761523093911 0.6525461673736572 18
1761523094449 0.657052755355835 19
1761523095036 0.657052755355835 20
1761523095846 0.6651644706726074 21
1761523096198 0.6651644706726074 22
1761523096980 0.6782334446907043 23
1761523097454 0.6728255748748779 24
1761523098060 0.6701216697692871 25
1761523098473 0.679134726524353 26
1761523098900 0.6958089470863342 27
1761523099290 0.683190643787384 28
1761523099980 0.6913023591041565 29
1761523100540 0.6899504065513611 30
1761523101095 0.6958089470863342 31
1761523101716 0.7079765796661377 32
1761523102402 0.7070752382278442 33
1761523102855 0.7025687098503113 34
1761523103405 0.7147363424301147 35
1761523104012 0.7129337787628174 36
1761523104330 0.7147363424301147 37
1761523105361 0.7156376838684082 38
1761523105694 0.7160883545875549 39
1761523106296 0.7196935415267944 40
1761523106722 0.7264533638954163 41
1761523107318 0.7368183732032776 42
1761523107966 0.7165389657020569 43
1761523108705 0.7323118448257446 44
1761523109091 0.7300586104393005 45
1761523109483 0.7318611741065979 46
1761523110283 0.7372690439224243 47
1761523110906 0.7345651388168335 48
1761523111490 0.7341144680976868 49
1761523083619 0.5416854619979858 0
