1761603662911 0.5987375974655151 0
1761603663913 0.6104598641395569 1
1761603664892 0.6068530082702637 2
1761603665820 0.6064021587371826 3
1761603666753 0.6185752749443054 4
1761603667702 0.6199278831481934 5
1761603668653 0.6176735758781433 6
1761603669532 0.6203787326812744 7
1761603670406 0.6420198082923889 8
1761603671259 0.628494143486023 9
1761603672243 0.6429215669631958 10
1761603673103 0.644274115562439 11
1761603674026 0.6433724164962769 12
1761603674885 0.6420198082923889 13
1761603675743 0.6627592444419861 14
1761603676585 0.6663661003112793 15
1761603677459 0.6672677993774414 16
1761603678318 0.6848512291908264 17
1761603679182 0.6862037777900696 18
1761603680061 0.6961226463317871 19
1761603680919 0.7024345993995667 20
1761603681776 0.7100991606712341 21
1761603682621 0.711000919342041 22
1761603683478 0.7186654806137085 23
1761603684336 0.726330041885376 24
1761603685242 0.7430117130279541 25
1761603686172 0.7330929040908813 26
1761603687041 0.7457168698310852 27
1761603687904 0.7542831301689148 28
1761603688786 0.7678088545799255 29
1761603689686 0.7610459923744202 30
1761603690595 0.7745716571807861 31
1761603691498 0.7637511491775513 32
1761603692393 0.7714157104492188 33
1761603693303 0.7917042374610901 34
1761603694179 0.8011722564697266 35
1761603695057 0.7826871275901794 36
1761603695930 0.8020739555358887 37
1761603696796 0.8110910654067993 38
1761603697676 0.8079350590705872 39
1761603698561 0.8268710374832153 40
1761603699446 0.8210099339485168 41
1761603700331 0.8358882069587708 42
1761603701208 0.8417493104934692 43
1761603702088 0.8449053168296814 44
1761603702967 0.8385933041572571 45
1761603703830 0.8467087745666504 46
1761603704706 0.8228133320808411 47
1761603705611 0.8494138717651367 48
1761603706494 0.855725884437561 49
1761603662911 0.5987375974655151 0
