1761603662911 0.9392053484916687 0
1761603663913 0.9082515835762024 1
1761603664892 0.9020984172821045 2
1761603665820 0.8931581974029541 3
1761603666753 0.8801918625831604 4
1761603667702 0.8656842708587646 5
1761603668653 0.8692211508750916 6
1761603669532 0.8563421964645386 7
1761603670406 0.8324661254882812 8
1761603671259 0.8328080773353577 9
1761603672243 0.812917172908783 10
1761603673103 0.8043708801269531 11
1761603674026 0.789342999458313 12
1761603674885 0.7652071118354797 13
1761603675743 0.7532547116279602 14
1761603676585 0.7344610095024109 15
1761603677459 0.7415899038314819 16
1761603678318 0.7140254378318787 17
1761603679182 0.6966451406478882 18
1761603680061 0.6754283308982849 19
1761603680919 0.6714616417884827 20
1761603681776 0.6421045064926147 21
1761603682621 0.6323652863502502 22
1761603683478 0.621765673160553 23
1761603684336 0.6160364747047424 24
1761603685242 0.5914807319641113 25
1761603686172 0.6016951203346252 26
1761603687041 0.5675620436668396 27
1761603687904 0.5552845597267151 28
1761603688786 0.5291889905929565 29
1761603689686 0.5320000052452087 30
1761603690595 0.5053430795669556 31
1761603691498 0.5191880464553833 32
1761603692393 0.5060949325561523 33
1761603693303 0.47513049840927124 34
1761603694179 0.45244210958480835 35
1761603695057 0.4809598922729492 36
1761603695930 0.4510897696018219 37
1761603696796 0.42296501994132996 38
1761603697676 0.4278648793697357 39
1761603698561 0.39889398217201233 40
1761603699446 0.41108956933021545 41
1761603700331 0.38316401839256287 42
1761603701208 0.37795576453208923 43
1761603702088 0.35364195704460144 44
1761603702967 0.3678358197212219 45
1761603703830 0.34966978430747986 46
1761603704706 0.3720724284648895 47
1761603705611 0.3372868299484253 48
1761603706494 0.3272671699523926 49
1761603662911 0.9392053484916687 0
