1761524186798 0.4046868085861206 0
1761524187524 0.41640380024909973 1
1761524188333 0.4123479127883911 2
1761524189126 0.40784138441085815 3
1761524189946 0.42271292209625244 4
1761524190711 0.4209103286266327 5
1761524191420 0.43037405610084534 6
1761524192066 0.4182063937187195 7
1761524192837 0.42541685700416565 8
1761524193546 0.4245155453681946 9
1761524194201 0.42316359281539917 10
1761524194754 0.43668317794799805 11
1761524195326 0.4326273202896118 12
1761524195909 0.42767012119293213 13
1761524196640 0.4209103286266327 14
1761524197243 0.42271292209625244 15
1761524197797 0.42316359281539917 16
1761524198326 0.431275337934494 17
1761524198721 0.4335286021232605 18
1761524199240 0.43037405610084534 19
1761524199647 0.44164037704467773 20
1761524200080 0.4308246970176697 21
1761524200659 0.4348805844783783 22
1761524201341 0.43578189611434937 23
1761524202090 0.43533122539520264 24
1761524202657 0.4371338486671448 25
1761524203520 0.431275337934494 26
1761524204346 0.4326273202896118 27
1761524205413 0.4411897361278534 28
1761524206336 0.43442991375923157 29
1761524207358 0.4335286021232605 30
1761524208201 0.4511041045188904 31
1761524209396 0.4398377537727356 32
1761524209901 0.44704821705818176 33
1761524210561 0.45335736870765686 34
1761524211171 0.43442991375923157 35
1761524211732 0.4474988877773285 36
1761524212154 0.44794952869415283 37
1761524212849 0.4511041045188904 38
1761524213567 0.4434430003166199 39
1761524214196 0.4538080096244812 40
1761524214800 0.44299232959747314 41
1761524215316 0.4502027928829193 42
1761524215848 0.45335736870765686 43
1761524216772 0.4502027928829193 44
1761524217546 0.44569626450538635 45
1761524218260 0.4529067277908325 46
1761524218800 0.46462368965148926 47
1761524219599 0.45606130361557007 48
1761524220280 0.460567831993103 49
1761524186798 0.4046868085861206 0
