1761524186798 1.0795358419418335 0
1761524187524 1.072316288948059 1
1761524188333 1.0730128288269043 2
1761524189126 1.0712162256240845 3
1761524189946 1.066352367401123 4
1761524190711 1.0661442279815674 5
1761524191420 1.0630719661712646 6
1761524192066 1.0616110563278198 7
1761524192837 1.0662521123886108 8
1761524193546 1.064875841140747 9
1761524194201 1.0681768655776978 10
1761524194754 1.0631085634231567 11
1761524195326 1.0622671842575073 12
1761524195909 1.0616157054901123 13
1761524196640 1.0598188638687134 14
1761524197243 1.0626429319381714 15
1761524197797 1.0588856935501099 16
1761524198326 1.0623021125793457 17
1761524198721 1.0564541816711426 18
1761524199240 1.0568383932113647 19
1761524199647 1.0562124252319336 20
1761524200080 1.055924892425537 21
1761524200659 1.0577391386032104 22
1761524201341 1.0539461374282837 23
1761524202090 1.0540579557418823 24
1761524202657 1.0533850193023682 25
1761524203520 1.0510414838790894 26
1761524204346 1.0517960786819458 27
1761524205413 1.049482822418213 28
1761524206336 1.0497146844863892 29
1761524207358 1.047600269317627 30
1761524208201 1.0464787483215332 31
1761524209396 1.0471638441085815 32
1761524209901 1.0473899841308594 33
1761524210561 1.0461289882659912 34
1761524211171 1.046341061592102 35
1761524211732 1.0416929721832275 36
1761524212154 1.0397841930389404 37
1761524212849 1.038711667060852 38
1761524213567 1.042760968208313 39
1761524214196 1.0401142835617065 40
1761524214800 1.0419353246688843 41
1761524215316 1.0368248224258423 42
1761524215848 1.0341507196426392 43
1761524216772 1.036605715751648 44
1761524217546 1.034955620765686 45
1761524218260 1.0338555574417114 46
1761524218800 1.0304019451141357 47
1761524219599 1.0326595306396484 48
1761524220280 1.031267762184143 49
1761524186798 1.0795358419418335 0
