1761444882358 1.0770713090896606 0
1761444883132 1.0623688697814941 1
1761444883698 1.0525994300842285 2
1761444884516 1.045697808265686 3
1761444885263 1.0340676307678223 4
1761444885962 1.0262175798416138 5
1761444886770 1.0144327878952026 6
1761444887511 1.0057246685028076 7
1761444888137 0.9979122281074524 8
1761444888937 0.9911947846412659 9
1761444889654 0.9831826686859131 10
1761444890401 0.9743638038635254 11
1761444891275 0.9651776552200317 12
1761444892008 0.9601103663444519 13
1761444892514 0.9523531794548035 14
1761444893414 0.9464631080627441 15
1761444894184 0.9385747313499451 16
1761444894848 0.9335825443267822 17
1761444895721 0.9223787784576416 18
1761444896448 0.922734260559082 19
1761444897373 0.9129831194877625 20
1761444898140 0.9100719690322876 21
1761444898984 0.8949311971664429 22
1761444899502 0.8917778134346008 23
1761444900186 0.8824061751365662 24
1761444900690 0.8757855892181396 25
1761444901312 0.8679244518280029 26
1761444902118 0.8631865382194519 27
1761444902920 0.8593983054161072 28
1761444903497 0.8509395718574524 29
1761444904324 0.8559604287147522 30
1761444904980 0.8474292159080505 31
1761444905690 0.8350226879119873 32
1761444906588 0.8446603417396545 33
1761444907267 0.8244938850402832 34
1761444907893 0.8203814029693604 35
1761444908642 0.8131042122840881 36
1761444909277 0.8150898218154907 37
1761444909898 0.8055025935173035 38
1761444910759 0.8059391379356384 39
1761444911531 0.7971823215484619 40
1761444912504 0.7898285984992981 41
1761444913364 0.7847832441329956 42
1761444913941 0.7856681942939758 43
1761444914725 0.7733520865440369 44
1761444915526 0.7695742845535278 45
1761444916256 0.7684561610221863 46
1761444916984 0.758698046207428 47
1761444917942 0.756339430809021 48
1761444918668 0.7575428485870361 49
1761444882358 1.0770713090896606 0
