1761499375200 0.42271292209625244 0
1761499375429 0.4587652087211609 1
1761499375644 0.48850834369659424 2
1761499375876 0.4867057204246521 3
1761499376087 0.48129788041114807 4
1761499376306 0.5011266469955444 5
1761499376530 0.5159981846809387 6
1761499376741 0.5065344572067261 7
1761499376955 0.5141955614089966 8
1761499377167 0.5146462321281433 9
1761499377381 0.5263632535934448 10
1761499377643 0.5168995261192322 11
1761499377878 0.5060838460922241 12
1761499378099 0.5218566656112671 13
1761499378318 0.5268138647079468 14
1761499378533 0.5340243577957153 15
1761499378753 0.5295178294181824 16
1761499378959 0.5200541019439697 17
1761499379172 0.5245606303215027 18
1761499379387 0.5277152061462402 19
1761499379599 0.5295178294181824 20
1761499379810 0.5178008079528809 21
1761499380025 0.5245606303215027 22
1761499380235 0.5367282629013062 23
1761499380448 0.5245606303215027 24
1761499380662 0.5322217345237732 25
1761499380878 0.5259125828742981 26
1761499381100 0.5385308861732483 27
1761499381329 0.5322217345237732 28
1761499381541 0.5344749689102173 29
1761499381755 0.530419111251831 30
1761499381970 0.5317710638046265 31
1761499382186 0.5430374145507812 32
1761499382397 0.5295178294181824 33
1761499382650 0.5326723456382751 34
1761499382863 0.5191527605056763 35
1761499383074 0.5367282629013062 36
1761499383296 0.5263632535934448 37
1761499383507 0.5250112414360046 38
1761499383714 0.5290671586990356 39
1761499383952 0.5380802154541016 40
1761499384207 0.5389814972877502 41
1761499384447 0.5439386963844299 42
1761499384671 0.5335736870765686 43
1761499384887 0.5416854619979858 44
1761499385113 0.5398828387260437 45
1761499385332 0.5299684405326843 46
1761499385545 0.5371789336204529 47
1761499385763 0.5353763103485107 48
1761499385968 0.5344749689102173 49
1761499375200 0.42271292209625244 0
