1761499375200 1.0215564966201782 0
1761499375429 0.9495184421539307 1
1761499375644 0.9444482922554016 2
1761499375876 0.9445938467979431 3
1761499376087 0.943900465965271 4
1761499376306 0.9414381384849548 5
1761499376530 0.9383882284164429 6
1761499376741 0.937092125415802 7
1761499376955 0.9369157552719116 8
1761499377167 0.9374768137931824 9
1761499377381 0.9360537528991699 10
1761499377643 0.9343053698539734 11
1761499377878 0.9360034465789795 12
1761499378099 0.9351725578308105 13
1761499378318 0.9322960376739502 14
1761499378533 0.9310638904571533 15
1761499378753 0.930551290512085 16
1761499378959 0.93184494972229 17
1761499379172 0.9318037629127502 18
1761499379387 0.9307785034179688 19
1761499379599 0.9324125647544861 20
1761499379810 0.9296473264694214 21
1761499380025 0.9312552213668823 22
1761499380235 0.9289637804031372 23
1761499380448 0.9312359690666199 24
1761499380662 0.9274807572364807 25
1761499380878 0.9277322888374329 26
1761499381100 0.9285203814506531 27
1761499381329 0.9274206161499023 28
1761499381541 0.9283758997917175 29
1761499381755 0.9279738068580627 30
1761499381970 0.929053783416748 31
1761499382186 0.926631510257721 32
1761499382397 0.9261085391044617 33
1761499382650 0.9287572503089905 34
1761499382863 0.9311845898628235 35
1761499383074 0.9278057813644409 36
1761499383296 0.9253698587417603 37
1761499383507 0.9304633736610413 38
1761499383714 0.9281736016273499 39
1761499383952 0.9251752495765686 40
1761499384207 0.9268474578857422 41
1761499384447 0.9231489300727844 42
1761499384671 0.9290934801101685 43
1761499384887 0.9236853122711182 44
1761499385113 0.92444908618927 45
1761499385332 0.9242504835128784 46
1761499385545 0.9227229952812195 47
1761499385763 0.9232575297355652 48
1761499385968 0.9207531809806824 49
1761499375200 1.0215564966201782 0
