1761596699553 0.5396753549575806 0
1761596700535 0.5392245054244995 1
1761596701484 0.5482416749000549 2
1761596702386 0.5513976812362671 3
1761596703333 0.5541027784347534 4
1761596704237 0.547339916229248 5
1761596705139 0.5518485307693481 6
1761596706078 0.564021646976471 7
1761596707009 0.5577096343040466 8
1761596707943 0.5698827505111694 9
1761596708835 0.580252468585968 10
1761596709717 0.579801619052887 11
1761596710612 0.5775473117828369 12
1761596711499 0.5982867479324341 13
1761596712390 0.5775473117828369 14
1761596713288 0.6009919047355652 15
1761596714178 0.6127141714096069 16
1761596715102 0.6086564660072327 17
1761596715980 0.6127141714096069 18
1761596716863 0.6203787326812744 19
1761596717754 0.6172227263450623 20
1761596718629 0.6257889866828918 21
1761596719516 0.6370604038238525 22
1761596720399 0.6339043974876404 23
1761596721326 0.6420198082923889 24
1761596722225 0.6492335200309753 25
1761596723124 0.6573489904403687 26
1761596724015 0.6582506895065308 27
1761596724942 0.6672677993774414 28
1761596725845 0.6614066958427429 29
1761596726741 0.6722272038459778 30
1761596727629 0.6713255047798157 31
1761596728516 0.6794409155845642 32
1761596729410 0.6830477714538574 33
1761596730296 0.6916140913963318 34
1761596731177 0.6979260444641113 35
1761596732063 0.6862037777900696 36
1761596732984 0.708746612071991 37
1761596733904 0.6943191885948181 38
1761596734794 0.71055006980896 39
1761596735678 0.7137060165405273 40
1761596736579 0.7182146310806274 41
1761596737461 0.7222723364830017 42
1761596738372 0.7448151707649231 43
1761596739381 0.7371506094932556 44
1761596740431 0.7339946031570435 45
1761596741630 0.7321911454200745 46
1761596742651 0.7339946031570435 47
1761596743784 0.7394048571586609 48
1761596744699 0.7569882869720459 49
1761596699553 0.5396753549575806 0
