1761595483285 0.395401269197464 0
1761595483694 0.4147880971431732 1
1761595484070 0.4278629422187805 2
1761595484453 0.43868350982666016 3
1761595484830 0.44138863682746887 4
1761595485207 0.4652840495109558 5
1761595485587 0.484220027923584 6
1761595485988 0.49098286032676697 7
1761595486384 0.4972948729991913 8
1761595486763 0.5279530882835388 9
1761595487133 0.5180342793464661 10
1761595487532 0.5536519289016724 11
1761595487932 0.5369702577590942 12
1761595488377 0.5572587847709656 13
1761595488728 0.5730387568473816 14
1761595489118 0.5910730361938477 15
1761595489512 0.597835898399353 16
1761595489918 0.6064021587371826 17
1761595490473 0.6082056164741516 18
1761595491148 0.6257889866828918 19
1761595491718 0.630748450756073 20
1761595492190 0.6478809714317322 21
1761595492686 0.644274115562439 22
1761595493191 0.660054087638855 23
1761595493578 0.6672677993774414 24
1761595493982 0.6641117930412292 25
1761595494351 0.6753832101821899 26
1761595494741 0.6902614831924438 27
1761595495150 0.6785392165184021 28
1761595495565 0.695220947265625 29
1761595495943 0.7006312012672424 30
1761595496307 0.708746612071991 31
1761595496688 0.7317402958869934 32
1761595497062 0.7236248850822449 33
1761595497439 0.7321911454200745 34
1761595497826 0.7344454526901245 35
1761595498207 0.7281334400177002 36
1761595498583 0.7344454526901245 37
1761595498959 0.7353471517562866 38
1761595499323 0.7466185688972473 39
1761595499700 0.7488728761672974 40
1761595500113 0.7520288825035095 41
1761595500478 0.7633002996444702 42
1761595500856 0.7682597041130066 43
1761595501217 0.7619476914405823 44
1761595501597 0.7799819707870483 45
1761595501972 0.7655545473098755 46
1761595502353 0.7840396761894226 47
1761595502738 0.7763751149177551 48
1761595503107 0.7813345193862915 49
1761595503481 0.7817853689193726 50
1761595503871 0.7871956825256348 51
1761595504308 0.7935076355934143 52
1761595504727 0.7777276635169983 53
1761595505108 0.8016231060028076 54
1761595505500 0.8034265041351318 55
1761595505901 0.7975654006004333 56
1761595506295 0.8029756546020508 57
1761595506671 0.804779052734375 58
1761595507038 0.8187556266784668 59
1761595507417 0.8052299618721008 60
1761595507960 0.8178539276123047 61
1761595508452 0.8079350590705872 62
1761595508843 0.8232641816139221 63
1761595509210 0.8322813510894775 64
1761595509602 0.8246167898178101 65
1761595510004 0.824165940284729 66
1761595510404 0.8273218870162964 67
1761595510794 0.8286744952201843 68
1761595511174 0.8390442132949829 69
1761595511562 0.8385933041572571 70
1761595511945 0.8485121726989746 71
1761595512323 0.8521190285682678 72
1761595512702 0.8498647212982178 73
1761595513077 0.8462578654289246 74
1761595513476 0.8566275835037231 75
1761595513865 0.8498647212982178 76
1761595514246 0.8683498501777649 77
1761595514607 0.8620378971099854 78
1761595515004 0.8665464520454407 79
1761595515389 0.8548241853713989 80
1761595515753 0.8638412952423096 81
1761595516147 0.8651938438415527 82
1761595516519 0.8656447529792786 83
1761595516885 0.8651938438415527 84
1761595517320 0.8678990006446838 85
1761595517695 0.8674481511116028 86
1761595518121 0.8805229663848877 87
1761595518527 0.8796212673187256 88
1761595518903 0.8818755745887756 89
1761595519268 0.8809738755226135 90
1761595519649 0.8972046971321106 91
1761595520028 0.8778178691864014 92
1761595520399 0.8669973015785217 93
1761595520775 0.8809738755226135 94
1761595521138 0.8850315809249878 95
1761595521518 0.8841298222541809 96
1761595521904 0.8954012393951416 97
1761595522286 0.8913435339927673 98
1761595522656 0.9048692584037781 99
1761595483285 0.395401269197464 0
