1761595483285 1.0848119258880615 0
1761595483694 1.076933741569519 1
1761595484070 1.0622553825378418 2
1761595484453 1.0537292957305908 3
1761595484830 1.0460714101791382 4
1761595485207 1.0370457172393799 5
1761595485587 1.0231366157531738 6
1761595485988 1.016257643699646 7
1761595486384 0.9966938495635986 8
1761595486763 0.9853320717811584 9
1761595487133 0.9747795462608337 10
1761595487532 0.9555561542510986 11
1761595487932 0.9542834162712097 12
1761595488377 0.9281195402145386 13
1761595488728 0.9095690846443176 14
1761595489118 0.8939604759216309 15
1761595489512 0.8674313426017761 16
1761595489918 0.8606962561607361 17
1761595490473 0.8571009039878845 18
1761595491148 0.8340836763381958 19
1761595491718 0.8221964836120605 20
1761595492190 0.7951253056526184 21
1761595492686 0.7843824625015259 22
1761595493191 0.7711668610572815 23
1761595493578 0.7507665157318115 24
1761595493982 0.7593595385551453 25
1761595494351 0.7325440049171448 26
1761595494741 0.7067059874534607 27
1761595495150 0.711042046546936 28
1761595495565 0.6866429448127747 29
1761595495943 0.6911556124687195 30
1761595496307 0.6599803566932678 31
1761595496688 0.6544587016105652 32
1761595497062 0.6492804884910583 33
1761595497439 0.6182223558425903 34
1761595497826 0.6300005912780762 35
1761595498207 0.6286072731018066 36
1761595498583 0.6074484586715698 37
1761595498959 0.6005985736846924 38
1761595499323 0.5959413051605225 39
1761595499700 0.5854465365409851 40
1761595500113 0.5872320532798767 41
1761595500478 0.5879434943199158 42
1761595500856 0.5518346428871155 43
1761595501217 0.5490739941596985 44
1761595501597 0.5405405163764954 45
1761595501972 0.5369510650634766 46
1761595502353 0.5131514072418213 47
1761595502738 0.5124763250350952 48
1761595503107 0.5185807943344116 49
1761595503481 0.49712562561035156 50
1761595503871 0.5008692145347595 51
1761595504308 0.49978476762771606 52
1761595504727 0.4972553551197052 53
1761595505108 0.4784824848175049 54
1761595505500 0.4649679660797119 55
1761595505901 0.46746188402175903 56
1761595506295 0.46880972385406494 57
1761595506671 0.462534636259079 58
1761595507038 0.4390453100204468 59
1761595507417 0.43586990237236023 60
1761595507960 0.436838299036026 61
1761595508452 0.44008302688598633 62
1761595508843 0.4045509397983551 63
1761595509210 0.4053649306297302 64
1761595509602 0.41637495160102844 65
1761595510004 0.41211026906967163 66
1761595510404 0.4084581732749939 67
1761595510794 0.3954636752605438 68
1761595511174 0.37982621788978577 69
1761595511562 0.3883911371231079 70
1761595511945 0.3836836516857147 71
1761595512323 0.3582627475261688 72
1761595512702 0.35686102509498596 73
1761595513077 0.36446306109428406 74
1761595513476 0.3566228449344635 75
1761595513865 0.35674574971199036 76
1761595514246 0.3283020555973053 77
1761595514607 0.3370090126991272 78
1761595515004 0.33175697922706604 79
1761595515389 0.34523728489875793 80
1761595515753 0.33185461163520813 81
1761595516147 0.3228614032268524 82
1761595516519 0.3328773081302643 83
1761595516885 0.3286465108394623 84
1761595517320 0.3134293556213379 85
1761595517695 0.3135567903518677 86
1761595518121 0.29670023918151855 87
1761595518527 0.2829391062259674 88
1761595518903 0.2920822501182556 89
1761595519268 0.29366838932037354 90
1761595519649 0.2657705545425415 91
1761595520028 0.2954801917076111 92
1761595520399 0.32514047622680664 93
1761595520775 0.27829426527023315 94
1761595521138 0.2845032215118408 95
1761595521518 0.28206315636634827 96
1761595521904 0.26263776421546936 97
1761595522286 0.26233571767807007 98
1761595522656 0.24839219450950623 99
1761595483285 1.0848119258880615 0
