1761518838335 0.5331230163574219 0
1761518838724 0.5385308861732483 1
1761518839145 0.5529517531394958 2
1761518839503 0.5488958954811096 3
1761518839899 0.5520504713058472 4
1761518840252 0.5651194453239441 5
1761518840623 0.5777377486228943 6
1761518840983 0.5971158146858215 7
1761518841354 0.5944119095802307 8
1761518841727 0.6142406463623047 9
1761518842093 0.6435331106185913 10
1761518842461 0.6421811580657959 11
1761518842825 0.6656151413917542 12
1761518843191 0.659305989742279 13
1761518843559 0.683190643787384 14
1761518843927 0.6998648047447205 15
1761518844285 0.7084271907806396 16
1761518844668 0.7129337787628174 17
1761518845039 0.7192429304122925 18
1761518845410 0.7345651388168335 19
1761518845781 0.722848117351532 20
1761518846158 0.7431275248527527 21
1761518846529 0.7579991221427917 22
1761518846893 0.7643082737922668 23
1761518847267 0.7701667547225952 24
1761518847636 0.7764759063720703 25
1761518848003 0.7895448207855225 26
1761518848373 0.7854889631271362 27
1761518848744 0.7904461622238159 28
1761518849090 0.7908967733383179 29
1761518849454 0.797205924987793 30
1761518849819 0.8102748990058899 31
1761518850191 0.7976565957069397 32
1761518850559 0.8053176999092102 33
1761518850931 0.816584050655365 34
1761518851302 0.8224425315856934 35
1761518851672 0.8219918608665466 36
1761518852046 0.8224425315856934 37
1761518852417 0.8350608348846436 38
1761518852782 0.8413699865341187 39
1761518853157 0.8260477781295776 40
1761518853526 0.8368634581565857 41
1761518853896 0.8436232805252075 42
1761518854264 0.8436232805252075 43
1761518854614 0.8377647399902344 44
1761518854983 0.8391166925430298 45
1761518855357 0.8409193158149719 46
1761518855730 0.8548895716667175 47
1761518856098 0.8535376191139221 48
1761518856462 0.8499323725700378 49
1761518838335 0.5331230163574219 0
