1761518838335 0.8645443320274353 0
1761518838724 0.847223699092865 1
1761518839145 0.8450963497161865 2
1761518839503 0.8382716774940491 3
1761518839899 0.8295952677726746 4
1761518840252 0.8168293237686157 5
1761518840623 0.8155270218849182 6
1761518840983 0.8031049370765686 7
1761518841354 0.7955044507980347 8
1761518841727 0.7805894613265991 9
1761518842093 0.7685434222221375 10
1761518842461 0.7466151714324951 11
1761518842825 0.7279726266860962 12
1761518843191 0.740963339805603 13
1761518843559 0.7029386162757874 14
1761518843927 0.6881755590438843 15
1761518844285 0.6761355400085449 16
1761518844668 0.6603392362594604 17
1761518845039 0.642244279384613 18
1761518845410 0.6360397934913635 19
1761518845781 0.6414052844047546 20
1761518846158 0.6099865436553955 21
1761518846529 0.5943014621734619 22
1761518846893 0.5901803374290466 23
1761518847267 0.5728917121887207 24
1761518847636 0.5716822147369385 25
1761518848003 0.54449462890625 26
1761518848373 0.5488683581352234 27
1761518848744 0.5277693271636963 28
1761518849090 0.5263356566429138 29
1761518849454 0.5078559517860413 30
1761518849819 0.5091819763183594 31
1761518850191 0.5061864256858826 32
1761518850559 0.49625274538993835 33
1761518850931 0.4736655354499817 34
1761518851302 0.4577920436859131 35
1761518851672 0.4605490267276764 36
1761518852046 0.467268705368042 37
1761518852417 0.4401875138282776 38
1761518852782 0.43221917748451233 39
1761518853157 0.44085368514060974 40
1761518853526 0.4282872676849365 41
1761518853896 0.4117772877216339 42
1761518854264 0.41931089758872986 43
1761518854614 0.4098545014858246 44
1761518854983 0.4259345829486847 45
1761518855357 0.39826634526252747 46
1761518855730 0.38626137375831604 47
1761518856098 0.3772585391998291 48
1761518856462 0.3882063925266266 49
1761518838335 0.8645443320274353 0
