1761468246328 0.44891873002052307 0
1761468246906 0.526472806930542 1
1761468247425 0.5070842504501343 2
1761468247700 0.526472806930542 3
1761468247938 0.526472806930542 4
1761468248291 0.526472806930542 5
1761468248774 0.5272185206413269 6
1761468249216 0.5272185206413269 7
1761468249649 0.5272185206413269 8
1761468249877 0.5324384570121765 9
1761468250263 0.5331841707229614 10
1761468250499 0.5294556021690369 11
1761468250965 0.5316927433013916 12
1761468251412 0.5249813795089722 13
1761468251805 0.5279642343521118 14
1761468252269 0.5376584529876709 15
1761468252634 0.5309470295906067 16
1761468253090 0.5316927433013916 17
1761468253534 0.5331841707229614 18
1761468253927 0.5279642343521118 19
1761468254340 0.5279642343521118 20
1761468254713 0.5361670255661011 21
1761468255122 0.528709888458252 22
1761468255597 0.528709888458252 23
1761468256063 0.5302013158798218 24
1761468256526 0.5272185206413269 25
1761468256934 0.5331841707229614 26
1761468257406 0.5331841707229614 27
1761468257867 0.5413870215415955 28
1761468258311 0.5398955941200256 29
1761468258752 0.5339298844337463 30
1761468259211 0.5525727272033691 31
1761468259644 0.5361670255661011 32
1761468260090 0.5398955941200256 33
1761468260478 0.5458613038063049 34
1761468260939 0.5384041666984558 35
1761468261370 0.5436241626739502 36
1761468261781 0.5421327352523804 37
1761468262247 0.5480984449386597 38
1761468262681 0.5421327352523804 39
1761468263105 0.553318440914154 40
1761468263525 0.5495898723602295 41
1761468263928 0.5577926635742188 42
1761468264396 0.5473527312278748 43
1761468264769 0.5510812997817993 44
1761468265181 0.5488441586494446 45
1761468265608 0.5518270134925842 46
1761468266015 0.5615212321281433 47
1761468266420 0.5495898723602295 48
1761468266828 0.554064154624939 49
1761468246328 0.44891873002052307 0
