1761468246328 1.0625816583633423 0
1761468246906 0.9927955865859985 1
1761468247425 0.9954609870910645 2
1761468247700 0.9920039176940918 3
1761468247938 0.9915241599082947 4
1761468248291 0.9869457483291626 5
1761468248774 0.9859605431556702 6
1761468249216 0.9837921261787415 7
1761468249649 0.9809016585350037 8
1761468249877 0.981076180934906 9
1761468250263 0.9822471141815186 10
1761468250499 0.978639543056488 11
1761468250965 0.9766835570335388 12
1761468251412 0.9771966934204102 13
1761468251805 0.9737788438796997 14
1761468252269 0.9716976284980774 15
1761468252634 0.9716870784759521 16
1761468253090 0.9713780283927917 17
1761468253534 0.9739418625831604 18
1761468253927 0.9698148369789124 19
1761468254340 0.9731029272079468 20
1761468254713 0.9665535688400269 21
1761468255122 0.9682124853134155 22
1761468255597 0.96699059009552 23
1761468256063 0.9667927622795105 24
1761468256526 0.9681926965713501 25
1761468256934 0.9630915522575378 26
1761468257406 0.9626989960670471 27
1761468257867 0.9603865146636963 28
1761468258311 0.9591935873031616 29
1761468258752 0.9660629034042358 30
1761468259211 0.9606753587722778 31
1761468259644 0.9635965824127197 32
1761468260090 0.9584792256355286 33
1761468260478 0.9556991457939148 34
1761468260939 0.9573037624359131 35
1761468261370 0.9547085165977478 36
1761468261781 0.9560441374778748 37
1761468262247 0.955681562423706 38
1761468262681 0.9592387080192566 39
1761468263105 0.950814962387085 40
1761468263525 0.9525875449180603 41
1761468263928 0.9514043927192688 42
1761468264396 0.952082633972168 43
1761468264769 0.9515010118484497 44
1761468265181 0.9482409954071045 45
1761468265608 0.9479780197143555 46
1761468266015 0.946535050868988 47
1761468266420 0.9477022290229797 48
1761468266828 0.9480539560317993 49
1761468246328 1.0625816583633423 0
