1761598890454 0.46302974224090576 0
1761598890776 0.5081154108047485 1
1761598891018 0.5126239657402039 2
1761598891247 0.53291255235672 3
1761598891468 0.531559944152832 4
1761598891692 0.5356176495552063 5
1761598891969 0.5423805117607117 6
1761598892189 0.5455365180969238 7
1761598892403 0.5509467720985413 8
1761598892615 0.564472496509552 9
1761598892824 0.5581604838371277 10
1761598893032 0.5577096343040466 11
1761598893248 0.5617673397064209 12
1761598893476 0.5766456127166748 13
1761598893685 0.5730387568473816 14
1761598893898 0.564472496509552 15
1761598894114 0.5901713371276855 16
1761598894324 0.595581591129303 17
1761598894539 0.5861136317253113 18
1761598894757 0.5834084749221802 19
1761598894982 0.5924255847930908 20
1761598895194 0.6027953028678894 21
1761598895409 0.5951307415962219 22
1761598895623 0.5897204875946045 23
1761598895838 0.6118124723434448 24
1761598896044 0.5946798920631409 25
1761598896249 0.6149684190750122 26
1761598896457 0.6154192686080933 27
1761598896669 0.6167718768119812 28
1761598896884 0.6203787326812744 29
1761598897106 0.6212804317474365 30
1761598897317 0.6208295822143555 31
1761598897533 0.628944993019104 32
1761598897749 0.6163210272789001 33
1761598897965 0.6257889866828918 34
1761598898180 0.6433724164962769 35
1761598898395 0.6361587047576904 36
1761598898606 0.6352570056915283 37
1761598898819 0.6375112533569336 38
1761598899032 0.6573489904403687 39
1761598899245 0.6555455327033997 40
1761598899461 0.6474301218986511 41
1761598899680 0.6528403759002686 42
1761598899893 0.6609557867050171 43
1761598900105 0.6523895263671875 44
1761598900318 0.6708746552467346 45
1761598900531 0.6659152507781982 46
1761598900743 0.6708746552467346 47
1761598900959 0.6677186489105225 48
1761598901169 0.662308394908905 49
1761598890454 0.46302974224090576 0
