1761598890454 0.982261598110199 0
1761598890776 0.9382990002632141 1
1761598891018 0.930027425289154 2
1761598891247 0.9267044067382812 3
1761598891468 0.9182817935943604 4
1761598891692 0.9135147929191589 5
1761598891969 0.9111226201057434 6
1761598892189 0.9077115058898926 7
1761598892403 0.9009785652160645 8
1761598892615 0.8997016549110413 9
1761598892824 0.894507646560669 10
1761598893032 0.8941013216972351 11
1761598893248 0.8895824551582336 12
1761598893476 0.8831079602241516 13
1761598893685 0.883635938167572 14
1761598893898 0.881199300289154 15
1761598894114 0.872479259967804 16
1761598894324 0.8676876425743103 17
1761598894539 0.8632848858833313 18
1761598894757 0.8695695996284485 19
1761598894982 0.8607485294342041 20
1761598895194 0.8580583930015564 21
1761598895409 0.8558257818222046 22
1761598895623 0.8537948131561279 23
1761598895838 0.8442655801773071 24
1761598896044 0.8431574106216431 25
1761598896249 0.8366886973381042 26
1761598896457 0.831863284111023 27
1761598896669 0.8330216407775879 28
1761598896884 0.8268429040908813 29
1761598897106 0.8265597224235535 30
1761598897317 0.8215891718864441 31
1761598897533 0.8156097531318665 32
1761598897749 0.8245968222618103 33
1761598897965 0.8133931159973145 34
1761598898180 0.8015241026878357 35
1761598898395 0.8046021461486816 36
1761598898606 0.7989931106567383 37
1761598898819 0.7957899570465088 38
1761598899032 0.7917575836181641 39
1761598899245 0.7875715494155884 40
1761598899461 0.7893224954605103 41
1761598899680 0.7894524335861206 42
1761598899893 0.7800052165985107 43
1761598900105 0.7771742343902588 44
1761598900318 0.7689107656478882 45
1761598900531 0.7744781970977783 46
1761598900743 0.7694319486618042 47
1761598900959 0.7642725110054016 48
1761598901169 0.7569051384925842 49
1761598890454 0.982261598110199 0
