1761469175538 0.4763406813144684 0
1761469177414 0.4970707595348358 1
1761469178949 0.5214060544967651 2
1761469180504 0.5416854619979858 3
1761469181942 0.5295178294181824 4
1761469183840 0.5534024238586426 5
1761469185115 0.5421360731124878 6
1761469186320 0.5389814972877502 7
1761469188633 0.5597115755081177 8
1761469190085 0.5610635280609131 9
1761469191271 0.5579089522361755 10
1761469192897 0.578639030456543 11
1761469194287 0.5727805495262146 12
1761469196126 0.5808922648429871 13
1761469197274 0.589454710483551 14
1761469199176 0.5912573337554932 15
1761469200444 0.608832836151123 16
1761469202266 0.613339364528656 17
1761469203405 0.608832836151123 18
1761469204873 0.6214510798454285 19
1761469206919 0.6255069971084595 20
1761469208584 0.6228030920028687 21
1761469210031 0.6322667598724365 22
1761469211873 0.6480396389961243 23
1761469213571 0.6629112362861633 24
1761469215088 0.6566020846366882 25
1761469216216 0.6660658121109009 26
1761469217531 0.6701216697692871 27
1761469218812 0.6746281981468201 28
1761469220257 0.6732762455940247 29
1761469221566 0.6931049823760986 30
1761469223250 0.6994141340255737 31
1761469224921 0.703019380569458 32
1761469226917 0.7048220038414001 33
1761469228112 0.7260026931762695 34
1761469229353 0.7278053164482117 35
1761469230694 0.7251014113426208 36
1761469232912 0.7413249015808105 37
1761469234688 0.7476340532302856 38
1761469235924 0.7476340532302856 39
1761469237240 0.7629562616348267 40
1761469239255 0.7679134607315063 41
1761469240391 0.7543938755989075 42
1761469241882 0.7629562616348267 43
1761469243194 0.7760252356529236 44
1761469245416 0.7764759063720703 45
1761469247033 0.788192868232727 46
1761469248380 0.7868409156799316 47
1761469250712 0.8170347213745117 48
1761469252092 0.8125281929969788 49
1761469175538 0.4763406813144684 0
