1761469175538 0.9544491171836853 0
1761469177414 0.9348886013031006 1
1761469178949 0.9254689812660217 2
1761469180504 0.9173371195793152 3
1761469181942 0.9183823466300964 4
1761469183840 0.9057738184928894 5
1761469185115 0.9048117995262146 6
1761469186320 0.9104722738265991 7
1761469188633 0.8903071880340576 8
1761469190085 0.8887070417404175 9
1761469191271 0.891096830368042 10
1761469192897 0.8751901984214783 11
1761469194287 0.8715102672576904 12
1761469196126 0.8599315881729126 13
1761469197274 0.8563014268875122 14
1761469199176 0.8554642200469971 15
1761469200444 0.839213490486145 16
1761469202266 0.8340203762054443 17
1761469203405 0.8235787153244019 18
1761469204873 0.8222828507423401 19
1761469206919 0.8097849488258362 20
1761469208584 0.8092596530914307 21
1761469210031 0.7919713854789734 22
1761469211873 0.7795897126197815 23
1761469213571 0.7585405707359314 24
1761469215088 0.763697624206543 25
1761469216216 0.7458942532539368 26
1761469217531 0.7447510957717896 27
1761469218812 0.7254677414894104 28
1761469220257 0.737743616104126 29
1761469221566 0.7017940282821655 30
1761469223250 0.688972532749176 31
1761469224921 0.6758045554161072 32
1761469226917 0.6705352663993835 33
1761469228112 0.6521620154380798 34
1761469229353 0.6300440430641174 35
1761469230694 0.6415517926216125 36
1761469232912 0.6055592894554138 37
1761469234688 0.5958472490310669 38
1761469235924 0.6003732681274414 39
1761469237240 0.5720791816711426 40
1761469239255 0.5514965653419495 41
1761469240391 0.5738648176193237 42
1761469241882 0.5376355051994324 43
1761469243194 0.5093752145767212 44
1761469245416 0.5075387954711914 45
1761469247033 0.4897899329662323 46
1761469248380 0.4873383641242981 47
1761469250712 0.455133318901062 48
1761469252092 0.4578334391117096 49
1761469175538 0.9544491171836853 0
