1761497313132 1.0805299282073975 0
1761497313787 1.0462769269943237 1
1761497314508 1.035282850265503 2
1761497315211 1.025449275970459 3
1761497315988 1.016806960105896 4
1761497316717 1.007230520248413 5
1761497317427 0.9995741844177246 6
1761497318224 0.9930476546287537 7
1761497319030 0.984770655632019 8
1761497319792 0.9777573347091675 9
1761497320624 0.9747100472450256 10
1761497321391 0.96327143907547 11
1761497322085 0.9536637663841248 12
1761497322710 0.9473967552185059 13
1761497323522 0.9368177652359009 14
1761497324143 0.9317450523376465 15
1761497324831 0.9218910932540894 16
1761497325487 0.9145696759223938 17
1761497326273 0.9150427579879761 18
1761497327073 0.9010963439941406 19
1761497327779 0.8934733867645264 20
1761497328482 0.8900260329246521 21
1761497329268 0.88777756690979 22
1761497330002 0.8799008727073669 23
1761497330770 0.8733291625976562 24
1761497331510 0.8662034273147583 25
1761497332222 0.858624279499054 26
1761497332871 0.8480113744735718 27
1761497333477 0.8424270153045654 28
1761497334148 0.8384798169136047 29
1761497334577 0.83571857213974 30
1761497335203 0.8306288123130798 31
1761497335868 0.8205320239067078 32
1761497336407 0.826924204826355 33
1761497337109 0.8191771507263184 34
1761497337898 0.8088514804840088 35
1761497338680 0.8123700022697449 36
1761497339503 0.7979664206504822 37
1761497340363 0.7966651916503906 38
1761497340864 0.7955018877983093 39
1761497341439 0.795806884765625 40
1761497342300 0.7836849689483643 41
1761497343100 0.7749980688095093 42
1761497343896 0.775364339351654 43
1761497344675 0.7665022015571594 44
1761497345459 0.762754499912262 45
1761497346108 0.7581357955932617 46
1761497346868 0.7532055974006653 47
1761497347633 0.7673008441925049 48
1761497348235 0.7595104575157166 49
1761497313132 1.0805299282073975 0
