1761603086617 0.7315022945404053 0
1761603086927 0.7235922813415527 1
1761603087191 0.7108869552612305 2
1761603087417 0.7099091410636902 3
1761603087664 0.7037256956100464 4
1761603087891 0.7057285904884338 5
1761603088121 0.7068426012992859 6
1761603088367 0.7001540064811707 7
1761603088593 0.6986839175224304 8
1761603088808 0.6984865069389343 9
1761603089038 0.6968836188316345 10
1761603089272 0.6949624419212341 11
1761603089505 0.6926144361495972 12
1761603089731 0.6986457705497742 13
1761603089952 0.6921001076698303 14
1761603090184 0.6893845796585083 15
1761603090415 0.6863551735877991 16
1761603090637 0.6920918226242065 17
1761603090892 0.6871638894081116 18
1761603091202 0.6827291250228882 19
1761603091450 0.6845800876617432 20
1761603091688 0.6820955276489258 21
1761603091933 0.6818332076072693 22
1761603092153 0.6793710589408875 23
1761603092393 0.6736616492271423 24
1761603092765 0.6759597659111023 25
1761603093006 0.6769484281539917 26
1761603093228 0.6763204336166382 27
1761603093453 0.6689994931221008 28
1761603093683 0.666506826877594 29
1761603093908 0.6672718524932861 30
1761603094128 0.6665158271789551 31
1761603094356 0.6621494889259338 32
1761603094587 0.6591413617134094 33
1761603094800 0.6644022464752197 34
1761603095015 0.6545660495758057 35
1761603095235 0.6537773609161377 36
1761603095452 0.6513422727584839 37
1761603095677 0.6461103558540344 38
1761603095896 0.6433671116828918 39
1761603096118 0.6430909633636475 40
1761603096354 0.6412826180458069 41
1761603096568 0.6378123164176941 42
1761603096812 0.6335195899009705 43
1761603097027 0.6334474682807922 44
1761603097244 0.6288226246833801 45
1761603097455 0.6250523924827576 46
1761603097683 0.6242711544036865 47
1761603097920 0.6254497766494751 48
1761603098157 0.6179641485214233 49
1761603086617 0.7315022945404053 0
