1761499738084 0.47949525713920593 0
1761499738550 0.48986029624938965 1
1761499738971 0.4840018153190613 2
1761499739413 0.47994592785835266 3
1761499739832 0.4930148720741272 4
1761499740247 0.46597567200660706 5
1761499740669 0.4781433045864105 6
1761499741080 0.4817485213279724 7
1761499741488 0.48760703206062317 8
1761499741905 0.4781433045864105 9
1761499742322 0.48760703206062317 10
1761499742730 0.46191978454589844 11
1761499743145 0.480396568775177 12
1761499743543 0.4889589846134186 13
1761499743940 0.480396568775177 14
1761499744358 0.46101847290992737 15
1761499744759 0.4867057204246521 16
1761499745174 0.45966652035713196 17
1761499745584 0.4776926636695862 18
1761499745988 0.46958088874816895 19
1761499746401 0.48850834369659424 20
1761499746798 0.4831005036830902 21
1761499747207 0.480396568775177 22
1761499747649 0.4840018153190613 23
1761499748052 0.48129788041114807 24
1761499748459 0.48129788041114807 25
1761499748888 0.46822893619537354 26
1761499749325 0.48490309715270996 27
1761499749722 0.44569626450538635 28
1761499750145 0.4867057204246521 29
1761499750547 0.46597567200660706 30
1761499750964 0.4686795771121979 31
1761499751368 0.49752140045166016 32
1761499751779 0.48715639114379883 33
1761499752188 0.46958088874816895 34
1761499752584 0.45065343379974365 35
1761499752990 0.480396568775177 36
1761499753404 0.47453808784484863 37
1761499753811 0.48219919204711914 38
1761499754211 0.47363677620887756 39
1761499754612 0.480396568775177 40
1761499755030 0.4790446162223816 41
1761499755442 0.4826498329639435 42
1761499755859 0.4754393994808197 43
1761499756246 0.48084723949432373 44
1761499756663 0.4790446162223816 45
1761499757072 0.48625507950782776 46
1761499757479 0.4718341529369354 47
1761499757863 0.47859397530555725 48
1761499758256 0.4867057204246521 49
1761499738084 0.47949525713920593 0
