1761499738084 0.8735362887382507 0
1761499738550 0.8462198972702026 1
1761499738971 0.846278190612793 2
1761499739413 0.8436700105667114 3
1761499739832 0.8448591232299805 4
1761499740247 0.8424476385116577 5
1761499740669 0.8437383770942688 6
1761499741080 0.8494600653648376 7
1761499741488 0.8423956036567688 8
1761499741905 0.8423551917076111 9
1761499742322 0.842985212802887 10
1761499742730 0.8441508412361145 11
1761499743145 0.8419017195701599 12
1761499743543 0.8443260788917542 13
1761499743940 0.8435177206993103 14
1761499744358 0.8456435799598694 15
1761499744759 0.8411014080047607 16
1761499745174 0.8405700922012329 17
1761499745584 0.8424835801124573 18
1761499745988 0.8409420251846313 19
1761499746401 0.8407554626464844 20
1761499746798 0.840709388256073 21
1761499747207 0.8406786918640137 22
1761499747649 0.8397889137268066 23
1761499748052 0.8419535756111145 24
1761499748459 0.8403071165084839 25
1761499748888 0.8411932587623596 26
1761499749325 0.8423784375190735 27
1761499749722 0.843925952911377 28
1761499750145 0.8410283327102661 29
1761499750547 0.8418127298355103 30
1761499750964 0.8408234715461731 31
1761499751368 0.8399011492729187 32
1761499751779 0.8402934074401855 33
1761499752188 0.8403816223144531 34
1761499752584 0.8408965468406677 35
1761499752990 0.8397678136825562 36
1761499753404 0.8404111862182617 37
1761499753811 0.8406333923339844 38
1761499754211 0.8407899141311646 39
1761499754612 0.8403470516204834 40
1761499755030 0.8417278528213501 41
1761499755442 0.8404148817062378 42
1761499755859 0.8406257629394531 43
1761499756246 0.8400107622146606 44
1761499756663 0.8404133915901184 45
1761499757072 0.8398595452308655 46
1761499757479 0.8417384624481201 47
1761499757863 0.8410412669181824 48
1761499758256 0.8409281373023987 49
1761499738084 0.8735362887382507 0
