1761499308120 0.48986029624938965 0
1761499308508 0.5033798813819885 1
1761499308856 0.5281658172607422 2
1761499309207 0.5358269214630127 3
1761499309587 0.5376295447349548 4
1761499309915 0.5597115755081177 5
1761499310254 0.5520504713058472 6
1761499310592 0.5601622462272644 7
1761499310932 0.5691753029823303 8
1761499311266 0.5768364071846008 9
1761499311605 0.5714285969734192 10
1761499311959 0.5840468406677246 11
1761499312295 0.5881027579307556 12
1761499312637 0.5935105681419373 13
1761499312973 0.5935105681419373 14
1761499313312 0.5858494639396667 15
1761499313652 0.6187471747398376 16
1761499313990 0.6146913170814514 17
1761499314314 0.6191978454589844 18
1761499314680 0.608832836151123 19
1761499315060 0.6083821654319763 20
1761499315410 0.6128886938095093 21
1761499315799 0.6160432696342468 22
1761499316159 0.6322667598724365 23
1761499316508 0.6354213356971741 24
1761499316849 0.6309148073196411 25
1761499317185 0.6327174305915833 26
1761499317522 0.6259576678276062 27
1761499317868 0.6493915915489197 28
1761499318206 0.6602072715759277 29
1761499318530 0.667868435382843 30
1761499318856 0.6669670939445496 31
1761499319203 0.6579540371894836 32
1761499319556 0.6872465014457703 33
1761499319900 0.6768814921379089 34
1761499320296 0.6705723404884338 35
1761499320642 0.6728255748748779 36
1761499320978 0.6845425963401794 37
1761499321324 0.6913023591041565 38
1761499321665 0.687697172164917 39
1761499322019 0.6782334446907043 40
1761499322359 0.698512852191925 41
1761499322704 0.698512852191925 42
1761499323040 0.6904010772705078 43
1761499323375 0.6755295395851135 44
1761499323727 0.7106804847717285 45
1761499324073 0.7147363424301147 46
1761499324419 0.6967102289199829 47
1761499324753 0.7021180987358093 48
1761499325094 0.7043713331222534 49
1761499308120 0.48986029624938965 0
