1761592707294 0.3886384069919586 0
1761592708443 0.4039675295352936 1
1761592709405 0.4102795422077179 2
1761592710308 0.39855724573135376 3
1761592711198 0.4147880971431732 4
1761592712088 0.43056806921958923 5
1761592712983 0.43597835302352905 6
1761592713865 0.43778178095817566 7
1761592714746 0.4540126323699951 8
1761592715624 0.4634806215763092 9
1761592716504 0.47610458731651306 10
1761592717388 0.4851217269897461 11
1761592718266 0.4923354387283325 12
1761592719193 0.5207393765449524 13
1761592720145 0.517583429813385 14
1761592721033 0.5365194082260132 15
1761592721941 0.5383228063583374 16
1761592722843 0.5671776533126831 17
1761592723744 0.5631199479103088 18
1761592724671 0.5856627821922302 19
1761592725586 0.5834084749221802 20
1761592726570 0.6059513092041016 21
1761592727616 0.5861136317253113 22
1761592729230 0.6005410552024841 23
1761592730346 0.626690685749054 24
1761592731471 0.6185752749443054 25
1761592732523 0.6194770336151123 26
1761592733517 0.6253381371498108 27
1761592734440 0.6469792723655701 28
1761592735429 0.644274115562439 29
1761592736449 0.6596032381057739 30
1761592737375 0.662308394908905 31
1761592738322 0.6816952228546143 32
1761592739330 0.6717763543128967 33
1761592740356 0.6871054768562317 34
1761592741306 0.6866546273231506 35
1761592742394 0.6947700381278992 36
1761592743437 0.6947700381278992 37
1761592744499 0.7119026184082031 38
1761592745494 0.7204688787460327 39
1761592746554 0.7137060165405273 40
1761592747525 0.7146077752113342 41
1761592748498 0.7339946031570435 42
1761592749420 0.7394048571586609 43
1761592750400 0.7470694184303284 44
1761592751373 0.744364321231842 45
1761592752290 0.757889986038208 46
1761592753208 0.7691614031791687 47
1761592754179 0.7714157104492188 48
1761592755109 0.7808836698532104 49
1761592756012 0.7831379771232605 50
1761592757153 0.7795311212539673 51
1761592758235 0.7921550869941711 52
1761592759340 0.8020739555358887 53
1761592760405 0.804328203201294 54
1761592761441 0.8169522285461426 55
1761592762367 0.8205590844154358 56
1761592763324 0.8205590844154358 57
1761592764283 0.837691605091095 58
1761592765202 0.8449053168296814 59
1761592766147 0.8494138717651367 60
1761592767126 0.8309287428855896 61
1761592768120 0.8485121726989746 62
1761592769114 0.8435527682304382 63
1761592770136 0.8575292825698853 64
1761592771093 0.8665464520454407 65
1761592772094 0.8638412952423096 66
1761592773006 0.8530207276344299 67
1761592773904 0.8719567060470581 68
1761592774810 0.8854824304580688 69
1761592775741 0.8791704177856445 70
1761592776811 0.8778178691864014 71
1761592777833 0.8755635619163513 72
1761592778880 0.8917943835258484 73
1761592779798 0.8958521485328674 74
1761592780704 0.8877366781234741 75
1761592781730 0.8944995403289795 76
1761592782721 0.9035167098045349 77
1761592783733 0.8904418349266052 78
1761592784715 0.8850315809249878 79
1761592785718 0.9093778133392334 80
1761592786759 0.9170423746109009 81
1761592787794 0.9274120926856995 82
1761592788878 0.9030658006668091 83
1761592789885 0.9053201079368591 84
1761592790956 0.9269612431526184 85
1761592792156 0.9138863682746887 86
1761592793136 0.9125338196754456 87
1761592794059 0.919747531414032 88
1761592795013 0.9224526882171631 89
1761592796055 0.9161406755447388 90
1761592797025 0.902614951133728 91
1761592798065 0.9062218070030212 92
1761592799102 0.9206492304801941 93
1761592800080 0.937781810760498 94
1761592801023 0.9440937638282776 95
1761592801989 0.9418395161628723 96
1761592802929 0.9458972215652466 97
1761592803928 0.9413886666297913 98
1761592804910 0.9220017790794373 99
1761592707294 0.3886384069919586 0
