1761592707294 1.0934056043624878 0
1761592708443 1.0869884490966797 1
1761592709405 1.0821887254714966 2
1761592710308 1.0851306915283203 3
1761592711198 1.0732258558273315 4
1761592712088 1.063825011253357 5
1761592712983 1.0606458187103271 6
1761592713865 1.0563263893127441 7
1761592714746 1.046797752380371 8
1761592715624 1.0435127019882202 9
1761592716504 1.0229252576828003 10
1761592717388 1.0093210935592651 11
1761592718266 1.0073069334030151 12
1761592719193 0.9761334657669067 13
1761592720145 0.9702001214027405 14
1761592721033 0.9453409910202026 15
1761592721941 0.9410708546638489 16
1761592722843 0.9174672365188599 17
1761592723744 0.9119684100151062 18
1761592724671 0.8911827802658081 19
1761592725586 0.8738981485366821 20
1761592726570 0.8609640598297119 21
1761592727616 0.8660985827445984 22
1761592729230 0.8487805128097534 23
1761592730346 0.8198774456977844 24
1761592731471 0.8152949810028076 25
1761592732523 0.7980700731277466 26
1761592733517 0.7841047644615173 27
1761592734440 0.7744359374046326 28
1761592735429 0.7739843130111694 29
1761592736449 0.7422546744346619 30
1761592737375 0.7197267413139343 31
1761592738322 0.7205933928489685 32
1761592739330 0.7116422653198242 33
1761592740356 0.709145724773407 34
1761592741306 0.6799435019493103 35
1761592742394 0.6615022420883179 36
1761592743437 0.6575537919998169 37
1761592744499 0.630120038986206 38
1761592745494 0.6054204106330872 39
1761592746554 0.608701765537262 40
1761592747525 0.6099282503128052 41
1761592748498 0.5976172089576721 42
1761592749420 0.5584812164306641 43
1761592750400 0.5669841766357422 44
1761592751373 0.5390564203262329 45
1761592752290 0.5242236256599426 46
1761592753208 0.5348657965660095 47
1761592754179 0.5111217498779297 48
1761592755109 0.5199732780456543 49
1761592756012 0.4853360950946808 50
1761592757153 0.4846699833869934 51
1761592758235 0.47979670763015747 52
1761592759340 0.4437294602394104 53
1761592760405 0.4484218955039978 54
1761592761441 0.4133225679397583 55
1761592762367 0.406544029712677 56
1761592763324 0.404022753238678 57
1761592764283 0.3770061433315277 58
1761592765202 0.358450323343277 59
1761592766147 0.3569320738315582 60
1761592767126 0.3848329484462738 61
1761592768120 0.3554822504520416 62
1761592769114 0.35705476999282837 63
1761592770136 0.33526885509490967 64
1761592771093 0.3081989884376526 65
1761592772094 0.3320327401161194 66
1761592773006 0.3513418734073639 67
1761592773904 0.3111909329891205 68
1761592774810 0.2698170244693756 69
1761592775741 0.27200666069984436 70
1761592776811 0.2715306282043457 71
1761592777833 0.28014615178108215 72
1761592778880 0.26839616894721985 73
1761592779798 0.25467005372047424 74
1761592780704 0.24970856308937073 75
1761592781730 0.2601858675479889 76
1761592782721 0.2257710099220276 77
1761592783733 0.28393658995628357 78
1761592784715 0.29710736870765686 79
1761592785718 0.22086003422737122 80
1761592786759 0.20946522057056427 81
1761592787794 0.18255889415740967 82
1761592788878 0.24470213055610657 83
1761592789885 0.23570580780506134 84
1761592790956 0.18339744210243225 85
1761592792156 0.19852912425994873 86
1761592793136 0.2166324257850647 87
1761592794059 0.21244648098945618 88
1761592795013 0.20696887373924255 89
1761592796055 0.2193770855665207 90
1761592797025 0.22566789388656616 91
1761592798065 0.22930774092674255 92
1761592799102 0.21298816800117493 93
1761592800080 0.16573099792003632 94
1761592801023 0.14275412261486053 95
1761592801989 0.1525409072637558 96
1761592802929 0.1395265907049179 97
1761592803928 0.1557980179786682 98
1761592804910 0.22688914835453033 99
1761592707294 1.0934056043624878 0
