1761597695668 0.5220919847488403 0
1761597696109 0.5288548469543457 1
1761597696523 0.5234445333480835 2
1761597696908 0.5302073955535889 3
1761597697350 0.5275022387504578 4
1761597697730 0.533363401889801 5
1761597698167 0.5374211072921753 6
1761597698577 0.5401262640953064 7
1761597698961 0.53291255235672 8
1761597699339 0.548692524433136 9
1761597699735 0.5509467720985413 10
1761597700136 0.562218189239502 11
1761597700536 0.5518485307693481 12
1761597700941 0.5734896063804626 13
1761597701330 0.5730387568473816 14
1761597701712 0.5852118730545044 15
1761597702102 0.5838593244552612 16
1761597702491 0.5919747352600098 17
1761597702897 0.5870153307914734 18
1761597703264 0.5964832901954651 19
1761597703647 0.6050496101379395 20
1761597704023 0.6086564660072327 21
1761597704406 0.6163210272789001 22
1761597704799 0.6172227263450623 23
1761597705219 0.6176735758781433 24
1761597705595 0.6203787326812744 25
1761597705968 0.628944993019104 26
1761597706357 0.6384130120277405 27
1761597706779 0.6483318209648132 28
1761597707152 0.646528422832489 29
1761597707540 0.6514878273010254 30
1761597707939 0.6537421345710754 31
1761597708339 0.6496844291687012 32
1761597708729 0.6627592444419861 33
1761597709130 0.660504937171936 34
1761597709513 0.6690712571144104 35
1761597709911 0.6722272038459778 36
1761597710310 0.6830477714538574 37
1761597710681 0.67763751745224 38
1761597711061 0.6803426742553711 39
1761597711433 0.6731289625167847 40
1761597711813 0.6834986209869385 41
1761597712186 0.6902614831924438 42
1761597712566 0.7069432139396667 43
1761597712947 0.6997295022010803 44
1761597713352 0.7024345993995667 45
1761597713718 0.7100991606712341 46
1761597714090 0.7177637219429016 47
1761597714494 0.7168620228767395 48
1761597714935 0.7177637219429016 49
1761597695668 0.5220919847488403 0
