1761597695668 1.001996397972107 0
1761597696109 0.9920333027839661 1
1761597696523 0.9889895915985107 2
1761597696908 0.9824962615966797 3
1761597697350 0.9751799702644348 4
1761597697730 0.9734411835670471 5
1761597698167 0.9688971638679504 6
1761597698577 0.9610931277275085 7
1761597698961 0.9560056924819946 8
1761597699339 0.9500261545181274 9
1761597699735 0.9453404545783997 10
1761597700136 0.9414733648300171 11
1761597700536 0.9344110488891602 12
1761597700941 0.9194982647895813 13
1761597701330 0.9212234616279602 14
1761597701712 0.906040370464325 15
1761597702102 0.9038995504379272 16
1761597702491 0.8964641094207764 17
1761597702897 0.899981677532196 18
1761597703264 0.885103702545166 19
1761597703647 0.8693722486495972 20
1761597704023 0.8675334453582764 21
1761597704406 0.8533671498298645 22
1761597704799 0.8539416790008545 23
1761597705219 0.8469508290290833 24
1761597705595 0.8398574590682983 25
1761597705968 0.8328520059585571 26
1761597706357 0.8212082982063293 27
1761597706779 0.806781530380249 28
1761597707152 0.8105292916297913 29
1761597707540 0.7952861785888672 30
1761597707939 0.7894576787948608 31
1761597708339 0.7895612120628357 32
1761597708729 0.7801451683044434 33
1761597709130 0.7728604674339294 34
1761597709513 0.762252688407898 35
1761597709911 0.7571666836738586 36
1761597710310 0.741123616695404 37
1761597710681 0.7339288592338562 38
1761597711061 0.7419971823692322 39
1761597711433 0.7417949438095093 40
1761597711813 0.7141377329826355 41
1761597712186 0.7102872729301453 42
1761597712566 0.6927804350852966 43
1761597712947 0.6933751106262207 44
1761597713352 0.6936560869216919 45
1761597713718 0.6880805492401123 46
1761597714090 0.6690142750740051 47
1761597714494 0.660305380821228 48
1761597714935 0.6573893427848816 49
1761597695668 1.001996397972107 0
