1761466740843 0.5838926434516907 0
1761466741629 0.5973154306411743 1
1761466742760 0.599552571773529 2
1761466743878 0.6047725677490234 3
1761466744823 0.6159582138061523 4
1761466745641 0.6159582138061523 5
1761466746574 0.6338553428649902 6
1761466747703 0.6286353468894958 7
1761466749045 0.6442952752113342 8
1761466750276 0.6375839114189148 9
1761466751191 0.6517524123191833 10
1761466751948 0.6584638357162476 11
1761466752833 0.6621924042701721 12
1761466753739 0.6756151914596558 13
1761466755003 0.6718866229057312 14
1761466756230 0.68232661485672 15
1761466757092 0.6830723285675049 16
1761466757892 0.6897837519645691 17
1761466758707 0.698732316493988 18
1761466759828 0.7054436802864075 19
1761466761059 0.7106636762619019 20
1761466762373 0.7143922448158264 21
1761466765039 0.7293064594268799 22
1761466766482 0.7479493021965027 23
1761466767470 0.7352721691131592 24
1761466768531 0.7427293062210083 25
1761466769400 0.7651006579399109 26
1761466770251 0.7665920853614807 27
1761466771519 0.7688292264938354 28
1761466772641 0.7710663676261902 29
1761466773596 0.7837435007095337 30
1761466774539 0.791200578212738 31
1761466775263 0.8023862838745117 32
1761466776336 0.7934377193450928 33
1761466777415 0.7934377193450928 34
1761466778753 0.808351993560791 35
1761466779916 0.800149142742157 36
1761466780664 0.8217747807502747 37
1761466781537 0.8173004984855652 38
1761466782271 0.8337062001228333 39
1761466783427 0.8322147727012634 40
1761466784438 0.8284862041473389 41
1761466786039 0.8284862041473389 42
1761466786779 0.8486204147338867 43
1761466787634 0.8538404107093811 44
1761466788554 0.8493661284446716 45
1761466789714 0.8508575558662415 46
1761466790683 0.8419090509414673 47
1761466791689 0.8493661284446716 48
1761466792397 0.8657718300819397 49
1761466740843 0.5838926434516907 0
