1761466740843 0.9396100640296936 0
1761466741629 0.9158322811126709 1
1761466742760 0.9045769572257996 2
1761466743878 0.9047757983207703 3
1761466744823 0.8868306875228882 4
1761466745641 0.8713164329528809 5
1761466746574 0.8563073873519897 6
1761466747703 0.8482866287231445 7
1761466749045 0.8243187069892883 8
1761466750276 0.817429780960083 9
1761466751191 0.7995129227638245 10
1761466751948 0.7889878749847412 11
1761466752833 0.7761852145195007 12
1761466753739 0.7482193112373352 13
1761466755003 0.7441255450248718 14
1761466756230 0.7195462584495544 15
1761466757092 0.6970542669296265 16
1761466757892 0.6856909394264221 17
1761466758707 0.6592914462089539 18
1761466759828 0.6337918639183044 19
1761466761059 0.6150349974632263 20
1761466762373 0.621726393699646 21
1761466765039 0.6042345762252808 22
1761466766482 0.5647509098052979 23
1761466767470 0.5612728595733643 24
1761466768531 0.5632768869400024 25
1761466769400 0.5336242914199829 26
1761466770251 0.5432474613189697 27
1761466771519 0.5261495113372803 28
1761466772641 0.5040541291236877 29
1761466773596 0.4843103289604187 30
1761466774539 0.48367831110954285 31
1761466775263 0.4432222247123718 32
1761466776336 0.4479713439941406 33
1761466777415 0.449081152677536 34
1761466778753 0.43478691577911377 35
1761466779916 0.4366476535797119 36
1761466780664 0.4217592179775238 37
1761466781537 0.39723166823387146 38
1761466782271 0.389440655708313 39
1761466783427 0.38170894980430603 40
1761466784438 0.37800443172454834 41
1761466786039 0.39112815260887146 42
1761466786779 0.34759095311164856 43
1761466787634 0.3512766361236572 44
1761466788554 0.3553887605667114 45
1761466789714 0.3347744047641754 46
1761466790683 0.35883352160453796 47
1761466791689 0.3334062695503235 48
1761466792397 0.3092251420021057 49
1761466740843 0.9396100640296936 0
