1761599343275 0.46573489904403687 0
1761599344250 0.4643823206424713 1
1761599345151 0.4792605936527252 2
1761599346038 0.4765554666519165 3
1761599346976 0.47880974411964417 4
1761599347970 0.48557257652282715 5
1761599348897 0.4954914450645447 6
1761599349962 0.5126239657402039 7
1761599350875 0.517583429813385 8
1761599351776 0.5211902856826782 9
1761599352672 0.5360685586929321 10
1761599353699 0.5477908253669739 11
1761599354643 0.5513976812362671 12
1761599355573 0.5550045371055603 13
1761599356526 0.5748422145843506 14
1761599357403 0.5852118730545044 15
1761599358304 0.5779982209205627 16
1761599359172 0.6023444533348083 17
1761599360192 0.6172227263450623 18
1761599361162 0.6239855885505676 19
1761599362107 0.6185752749443054 20
1761599363015 0.6321009993553162 21
1761599363900 0.6325518488883972 22
1761599364773 0.6334535479545593 23
1761599365690 0.6388638615608215 24
1761599367050 0.6429215669631958 25
1761599368026 0.6614066958427429 26
1761599368926 0.6650135517120361 27
1761599369836 0.6645626425743103 28
1761599370740 0.6641117930412292 29
1761599371790 0.6726781129837036 30
1761599372803 0.691163182258606 31
1761599373767 0.6965734958648682 32
1761599374790 0.6938683390617371 33
1761599375693 0.7028855085372925 34
1761599376589 0.7123534679412842 35
1761599377523 0.7227231860160828 36
1761599378583 0.7218214869499207 37
1761599379553 0.7186654806137085 38
1761599380553 0.7380523085594177 39
1761599381527 0.740306556224823 40
1761599382451 0.7371506094932556 41
1761599383377 0.7308385968208313 42
1761599384483 0.7515779733657837 43
1761599385453 0.7547339797019958 44
1761599386402 0.7745716571807861 45
1761599387521 0.7718665599822998 46
1761599388421 0.7790802717208862 47
1761599389308 0.773219108581543 48
1761599390208 0.7840396761894226 49
1761599343275 0.46573489904403687 0
