1761599343275 1.0415517091751099 0
1761599344250 1.0315992832183838 1
1761599345151 1.0182907581329346 2
1761599346038 1.0164837837219238 3
1761599346976 1.016318917274475 4
1761599347970 1.012502670288086 5
1761599348897 1.0041323900222778 6
1761599349962 0.9968739151954651 7
1761599350875 0.9878039956092834 8
1761599351776 0.9851472973823547 9
1761599352672 0.9737218618392944 10
1761599353699 0.9515708684921265 11
1761599354643 0.941638708114624 12
1761599355573 0.9320306181907654 13
1761599356526 0.9144559502601624 14
1761599357403 0.8942737579345703 15
1761599358304 0.9034735560417175 16
1761599359172 0.8767459392547607 17
1761599360192 0.8569676876068115 18
1761599361162 0.8508172035217285 19
1761599362107 0.8355972170829773 20
1761599363015 0.8276876211166382 21
1761599363900 0.8178346157073975 22
1761599364773 0.7986575365066528 23
1761599365690 0.806983470916748 24
1761599367050 0.7841082811355591 25
1761599368026 0.7665431499481201 26
1761599368926 0.7712153792381287 27
1761599369836 0.7565813064575195 28
1761599370740 0.7468419075012207 29
1761599371790 0.720199465751648 30
1761599372803 0.7078596353530884 31
1761599373767 0.7067520022392273 32
1761599374790 0.696416437625885 33
1761599375693 0.6790774464607239 34
1761599376589 0.664057731628418 35
1761599377523 0.6474848985671997 36
1761599378583 0.6524920463562012 37
1761599379553 0.6395302414894104 38
1761599380553 0.6124688386917114 39
1761599381527 0.6090980768203735 40
1761599382451 0.6140701770782471 41
1761599383377 0.6107963919639587 42
1761599384483 0.5678925514221191 43
1761599385453 0.5570360422134399 44
1761599386402 0.5329917669296265 45
1761599387521 0.5190631151199341 46
1761599388421 0.5104361176490784 47
1761599389308 0.5160505771636963 48
1761599390208 0.5128886103630066 49
1761599343275 1.0415517091751099 0
