1761612012120 0.9937639832496643 0
1761612012371 0.9857856631278992 1
1761612012600 0.9842644929885864 2
1761612012833 0.9813976287841797 3
1761612013047 0.9796321988105774 4
1761612013256 0.9786146879196167 5
1761612013463 0.9795436859130859 6
1761612013668 0.9785451292991638 7
1761612013878 0.9752747416496277 8
1761612014136 0.9757114052772522 9
1761612014349 0.9741602540016174 10
1761612014561 0.9745221138000488 11
1761612014770 0.9754712581634521 12
1761612014973 0.9725197553634644 13
1761612015184 0.969693660736084 14
1761612015404 0.9724498391151428 15
1761612015627 0.9689471125602722 16
1761612015843 0.970360279083252 17
1761612016059 0.9667503237724304 18
1761612016268 0.9661004543304443 19
1761612016482 0.9700843095779419 20
1761612016693 0.9669869542121887 21
1761612016903 0.9657507538795471 22
1761612017117 0.963803768157959 23
1761612017332 0.9660951495170593 24
1761612017548 0.9625293612480164 25
1761612017763 0.9632426500320435 26
1761612017974 0.961830735206604 27
1761612018189 0.962059497833252 28
1761612018401 0.9599711894989014 29
1761612018614 0.9625760316848755 30
1761612018824 0.9649893641471863 31
1761612019034 0.9603480696678162 32
1761612019247 0.9609509110450745 33
1761612019464 0.9585078954696655 34
1761612019677 0.9620426297187805 35
1761612019891 0.9563357830047607 36
1761612020106 0.959191083908081 37
1761612020317 0.95634526014328 38
1761612020576 0.9572868347167969 39
1761612020791 0.961077868938446 40
1761612021004 0.9551239013671875 41
1761612021217 0.9550895690917969 42
1761612021433 0.9549218416213989 43
1761612021652 0.9538145065307617 44
1761612021867 0.9525492191314697 45
1761612022093 0.9529778361320496 46
1761612022317 0.9516389966011047 47
1761612022533 0.9538708329200745 48
1761612022750 0.950396716594696 49
1761612012120 0.9937639832496643 0
