1761524829555 0.49211356043815613 0
1761524830100 0.5101397037506104 1
1761524830538 0.5214060544967651 2
1761524831126 0.5245606303215027 3
1761524831523 0.5322217345237732 4
1761524831989 0.5398828387260437 5
1761524832391 0.5448400378227234 6
1761524832845 0.5506985187530518 7
1761524833262 0.5525011420249939 8
1761524833785 0.5579089522361755 9
1761524834568 0.5628661513328552 10
1761524834926 0.57413250207901 11
1761524835453 0.5732311606407166 12
1761524835860 0.5835962295532227 13
1761524836414 0.5822442770004272 14
1761524837201 0.5921586155891418 15
1761524837924 0.5921586155891418 16
1761524838700 0.5899053812026978 17
1761524839279 0.6020730137825012 18
1761524839855 0.6016223430633545 19
1761524840424 0.604776918888092 20
1761524840805 0.6007210612297058 21
1761524841342 0.602523684501648 22
1761524841874 0.6169445514678955 23
1761524842359 0.6210004687309265 24
1761524842895 0.6191978454589844 25
1761524843302 0.6191978454589844 26
1761524843906 0.6282109022140503 27
1761524844556 0.6304641962051392 28
1761524845188 0.6322667598724365 29
1761524845868 0.6349707245826721 30
1761524846566 0.6399279236793518 31
1761524847240 0.6453357338905334 32
1761524847898 0.6444344520568848 33
1761524848509 0.6453357338905334 34
1761524849187 0.6543487906455994 35
1761524849557 0.6534475088119507 36
1761524850044 0.6651644706726074 37
1761524850607 0.6615592837333679 38
1761524851253 0.6624605655670166 39
1761524851990 0.6714736223220825 40
1761524852484 0.6759801506996155 41
1761524852859 0.6719242930412292 42
1761524853467 0.6750788688659668 43
1761524853934 0.6822893023490906 44
1761524854496 0.6885984539985657 45
1761524854924 0.6800360679626465 46
1761524855474 0.6840919256210327 47
1761524855885 0.6935556530952454 48
1761524856457 0.6998648047447205 49
1761524829555 0.49211356043815613 0
