1761524829555 1.0389540195465088 0
1761524830100 1.0174477100372314 1
1761524830538 1.0067347288131714 2
1761524831126 0.9953385591506958 3
1761524831523 0.9823301434516907 4
1761524831989 0.9708878397941589 5
1761524832391 0.9624618887901306 6
1761524832845 0.9530638456344604 7
1761524833262 0.9412798285484314 8
1761524833785 0.9360873103141785 9
1761524834568 0.9263049364089966 10
1761524834926 0.9188886880874634 11
1761524835453 0.9116901159286499 12
1761524835860 0.9055389165878296 13
1761524836414 0.9016209840774536 14
1761524837201 0.8923500776290894 15
1761524837924 0.893246591091156 16
1761524838700 0.88800048828125 17
1761524839279 0.8779211640357971 18
1761524839855 0.8769603967666626 19
1761524840424 0.8683831095695496 20
1761524840805 0.8640140295028687 21
1761524841342 0.8635998964309692 22
1761524841874 0.8491730690002441 23
1761524842359 0.8401023149490356 24
1761524842895 0.8352741003036499 25
1761524843302 0.8379184007644653 26
1761524843906 0.8244500160217285 27
1761524844556 0.8262479901313782 28
1761524845188 0.8151903748512268 29
1761524845868 0.8155131936073303 30
1761524846566 0.8076527118682861 31
1761524847240 0.7960083484649658 32
1761524847898 0.7980473637580872 33
1761524848509 0.7926636934280396 34
1761524849187 0.7779830098152161 35
1761524849557 0.7782501578330994 36
1761524850044 0.7735887169837952 37
1761524850607 0.7735823392868042 38
1761524851253 0.7620776295661926 39
1761524851990 0.757448673248291 40
1761524852484 0.7476544976234436 41
1761524852859 0.7515509128570557 42
1761524853467 0.7515268325805664 43
1761524853934 0.737206757068634 44
1761524854496 0.733902096748352 45
1761524854924 0.7322385311126709 46
1761524855474 0.7315490245819092 47
1761524855885 0.7281093001365662 48
1761524856457 0.7134888768196106 49
1761524829555 1.0389540195465088 0
