1761604296986 0.40622180700302124 0
1761604297960 0.44544634222984314 1
1761604298846 0.4661857485771179 2
1761604299750 0.47700631618499756 3
1761604300636 0.5207393765449524 4
1761604301523 0.5342651009559631 5
1761604302417 0.5410279631614685 6
1761604303309 0.5671776533126831 7
1761604304263 0.564021646976471 8
1761604305216 0.5766456127166748 9
1761604306119 0.6122633218765259 10
1761604306998 0.6212804317474365 11
1761604307869 0.6339043974876404 12
1761604308754 0.6298466920852661 13
1761604309636 0.6510369777679443 14
1761604310571 0.6672677993774414 15
1761604311462 0.660054087638855 16
1761604312345 0.6794409155845642 17
1761604313282 0.6884580850601196 18
1761604314158 0.6875563859939575 19
1761604315039 0.7055906057357788 20
1761604315917 0.7141569256782532 21
1761604316797 0.7001803517341614 22
1761604317678 0.7254283428192139 23
1761604318562 0.7394048571586609 24
1761604319451 0.7285842895507812 25
1761604320342 0.7398557066917419 26
1761604321208 0.7416591644287109 27
1761604322080 0.7547339797019958 28
1761604322957 0.7605951428413391 29
1761604323845 0.7637511491775513 30
1761604324716 0.7835888266563416 31
1761604325598 0.7569882869720459 32
1761604326485 0.7903516888618469 33
1761604327361 0.7741208076477051 34
1761604328233 0.7849413752555847 35
1761604329133 0.7984670996665955 36
1761604330012 0.804779052734375 37
1761604330901 0.8146979212760925 38
1761604331784 0.808836817741394 39
1761604332676 0.8205590844154358 40
1761604333552 0.8128945231437683 41
1761604334473 0.8264201879501343 42
1761604335377 0.8431019186973572 43
1761604336278 0.8354373574256897 44
1761604337336 0.8372407555580139 45
1761604338593 0.8453561663627625 46
1761604339814 0.8331830501556396 47
1761604340993 0.8458070158958435 48
1761604342053 0.8521190285682678 49
1761604296986 0.40622180700302124 0
