1761604296986 1.0899866819381714 0
1761604297960 1.0576282739639282 1
1761604298846 1.0267530679702759 2
1761604299750 1.0056363344192505 3
1761604300636 0.979641318321228 4
1761604301523 0.9482539892196655 5
1761604302417 0.939172089099884 6
1761604303309 0.8878323435783386 7
1761604304263 0.9019537568092346 8
1761604305216 0.8669495582580566 9
1761604306119 0.8304162621498108 10
1761604306998 0.8020973801612854 11
1761604307869 0.785205602645874 12
1761604308754 0.7659363746643066 13
1761604309636 0.7358157634735107 14
1761604310571 0.7229191064834595 15
1761604311462 0.7228280901908875 16
1761604312345 0.7048989534378052 17
1761604313282 0.6889845132827759 18
1761604314158 0.6699092984199524 19
1761604315039 0.6534625291824341 20
1761604315917 0.6299479603767395 21
1761604316797 0.6527785062789917 22
1761604317678 0.6060085892677307 23
1761604318562 0.5705218315124512 24
1761604319451 0.5927663445472717 25
1761604320342 0.5706764459609985 26
1761604321208 0.564973771572113 27
1761604322080 0.548624575138092 28
1761604322957 0.527658224105835 29
1761604323845 0.5270220041275024 30
1761604324716 0.4866308271884918 31
1761604325598 0.5276961326599121 32
1761604326485 0.4726303815841675 33
1761604327361 0.4827323853969574 34
1761604328233 0.46270817518234253 35
1761604329133 0.45535150170326233 36
1761604330012 0.43673285841941833 37
1761604330901 0.4161429703235626 38
1761604331784 0.42486387491226196 39
1761604332676 0.401853084564209 40
1761604333552 0.41184255480766296 41
1761604334473 0.3900091350078583 42
1761604335377 0.36525604128837585 43
1761604336278 0.36195051670074463 44
1761604337336 0.37244537472724915 45
1761604338593 0.3618555963039398 46
1761604339814 0.38047337532043457 47
1761604340993 0.3598371744155884 48
1761604342053 0.335377961397171 49
1761604296986 1.0899866819381714 0
