1761518409036 0.5367282629013062 0
1761518409314 0.5443893671035767 1
1761518409531 0.559260904788971 2
1761518409754 0.554754376411438 3
1761518410018 0.5601622462272644 4
1761518410229 0.5570076704025269 5
1761518410444 0.5687246322631836 6
1761518410656 0.5664713978767395 7
1761518410870 0.5808922648429871 8
1761518411087 0.5822442770004272 9
1761518411298 0.5885534286499023 10
1761518411510 0.5885534286499023 11
1761518411724 0.5998197197914124 12
1761518411933 0.5971158146858215 13
1761518412138 0.5858494639396667 14
1761518412342 0.6074808239936829 15
1761518412558 0.6205497980117798 16
1761518412770 0.6043262481689453 17
1761518412985 0.6151419281959534 18
1761518413201 0.6164939403533936 19
1761518413420 0.6106353998184204 20
1761518413633 0.6399279236793518 21
1761518413852 0.629112184047699 22
1761518414064 0.6381253004074097 23
1761518414283 0.6367733478546143 24
1761518414500 0.6435331106185913 25
1761518414713 0.6525461673736572 26
1761518414930 0.6502929329872131 27
1761518415142 0.6768814921379089 28
1761518415356 0.667868435382843 29
1761518415565 0.6647138595581055 30
1761518415772 0.6804866790771484 31
1761518415984 0.6732762455940247 32
1761518416198 0.687697172164917 33
1761518416408 0.6800360679626465 34
1761518416620 0.6976115107536316 35
1761518416832 0.6913023591041565 36
1761518417049 0.6949076056480408 37
1761518417265 0.6940063238143921 38
1761518417480 0.6971608996391296 39
1761518417693 0.6949076056480408 40
1761518417900 0.7124831080436707 41
1761518418110 0.7165389657020569 42
1761518418317 0.7133843898773193 43
1761518418527 0.7043713331222534 44
1761518418734 0.7192429304122925 45
1761518418949 0.718341588973999 46
1761518419167 0.7237494587898254 47
1761518419384 0.7305092215538025 48
1761518419589 0.7323118448257446 49
1761518409036 0.5367282629013062 0
