1761518409036 0.9066076278686523 0
1761518409314 0.8682190775871277 1
1761518409531 0.8589509129524231 2
1761518409754 0.8558231592178345 3
1761518410018 0.8517634868621826 4
1761518410229 0.8480130434036255 5
1761518410444 0.844709575176239 6
1761518410656 0.8413727879524231 7
1761518410870 0.837185800075531 8
1761518411087 0.8320185542106628 9
1761518411298 0.8263144493103027 10
1761518411510 0.8256755471229553 11
1761518411724 0.8153761625289917 12
1761518411933 0.8183121085166931 13
1761518412138 0.8083186149597168 14
1761518412342 0.8088995814323425 15
1761518412558 0.7998923659324646 16
1761518412770 0.7969157695770264 17
1761518412985 0.789574921131134 18
1761518413201 0.7896382212638855 19
1761518413420 0.785682737827301 20
1761518413633 0.7760499715805054 21
1761518413852 0.7725775241851807 22
1761518414064 0.7718496322631836 23
1761518414283 0.7659237384796143 24
1761518414500 0.760332465171814 25
1761518414713 0.7482694387435913 26
1761518414930 0.74833744764328 27
1761518415142 0.7407233715057373 28
1761518415356 0.7382010817527771 29
1761518415565 0.7376574873924255 30
1761518415772 0.7252429127693176 31
1761518415984 0.7291612029075623 32
1761518416198 0.7212753891944885 33
1761518416408 0.7183656096458435 34
1761518416620 0.7142291069030762 35
1761518416832 0.7052327990531921 36
1761518417049 0.704261064529419 37
1761518417265 0.7016518115997314 38
1761518417480 0.7004417777061462 39
1761518417693 0.7012958526611328 40
1761518417900 0.6818835139274597 41
1761518418110 0.6788207292556763 42
1761518418317 0.6839815974235535 43
1761518418527 0.678176999092102 44
1761518418734 0.6717813014984131 45
1761518418949 0.6715821623802185 46
1761518419167 0.6626943945884705 47
1761518419384 0.6546321511268616 48
1761518419589 0.6589112281799316 49
1761518409036 0.9066076278686523 0
