1761469643633 0.49887335300445557 0
1761469644076 0.5128436088562012 1
1761469644521 0.5033798813819885 2
1761469645180 0.49887335300445557 3
1761469645707 0.5087877511978149 4
1761469646349 0.5060838460922241 5
1761469646933 0.5083370804786682 6
1761469647481 0.5051825046539307 7
1761469648068 0.5006759762763977 8
1761469648643 0.5087877511978149 9
1761469649184 0.5128436088562012 10
1761469649724 0.5051825046539307 11
1761469650281 0.5060838460922241 12
1761469650897 0.504281222820282 13
1761469651462 0.4984227120876312 14
1761469652002 0.5092384219169617 15
1761469652534 0.5182514786720276 16
1761469653081 0.5132942795753479 17
1761469653644 0.51509690284729 18
1761469654278 0.5164488554000854 19
1761469654862 0.5056331753730774 20
1761469655412 0.5137449502944946 21
1761469655994 0.5141955614089966 22
1761469656570 0.5250112414360046 23
1761469656899 0.5141955614089966 24
1761469657439 0.5083370804786682 25
1761469657962 0.5155475735664368 26
1761469658500 0.5105903744697571 27
1761469659128 0.5331230163574219 28
1761469659781 0.5087877511978149 29
1761469660386 0.5281658172607422 30
1761469660959 0.5101397037506104 31
1761469661602 0.5205047130584717 32
1761469662134 0.5092384219169617 33
1761469662676 0.5227580070495605 34
1761469663213 0.5232086777687073 35
1761469663764 0.5236592888832092 36
1761469664346 0.5155475735664368 37
1761469664873 0.5178008079528809 38
1761469665404 0.5182514786720276 39
1761469665879 0.5308697819709778 40
1761469666422 0.5335736870765686 41
1761469666805 0.5200541019439697 42
1761469667336 0.5214060544967651 43
1761469667753 0.5168995261192322 44
1761469668297 0.5245606303215027 45
1761469668837 0.5155475735664368 46
1761469669376 0.5236592888832092 47
1761469669898 0.5331230163574219 48
1761469670437 0.5362775921821594 49
1761469643633 0.49887335300445557 0
