1761469643633 0.9372280240058899 0
1761469644076 0.932742714881897 1
1761469644521 0.9312312006950378 2
1761469645180 0.9297029972076416 3
1761469645707 0.9301860332489014 4
1761469646349 0.9296771287918091 5
1761469646933 0.9300190210342407 6
1761469647481 0.9278527498245239 7
1761469648068 0.9286059737205505 8
1761469648643 0.9285731911659241 9
1761469649184 0.9266071915626526 10
1761469649724 0.9262329936027527 11
1761469650281 0.9252883195877075 12
1761469650897 0.9250187873840332 13
1761469651462 0.9296370148658752 14
1761469652002 0.9241253137588501 15
1761469652534 0.9271107912063599 16
1761469653081 0.9224721789360046 17
1761469653644 0.9241281747817993 18
1761469654278 0.9244462251663208 19
1761469654862 0.9230086803436279 20
1761469655412 0.9233100414276123 21
1761469655994 0.9228089451789856 22
1761469656570 0.9235297441482544 23
1761469656899 0.9239116311073303 24
1761469657439 0.9255324602127075 25
1761469657962 0.9254511594772339 26
1761469658500 0.9221799969673157 27
1761469659128 0.9199617505073547 28
1761469659781 0.9227117896080017 29
1761469660386 0.9209997057914734 30
1761469660959 0.9208561778068542 31
1761469661602 0.9219599366188049 32
1761469662134 0.9237685203552246 33
1761469662676 0.918651282787323 34
1761469663213 0.9195197224617004 35
1761469663764 0.9210683107376099 36
1761469664346 0.9191001057624817 37
1761469664873 0.9214709401130676 38
1761469665404 0.92045658826828 39
1761469665879 0.9207253456115723 40
1761469666422 0.9182991981506348 41
1761469666805 0.9180678129196167 42
1761469667336 0.9192997217178345 43
1761469667753 0.9189090132713318 44
1761469668297 0.9200006723403931 45
1761469668837 0.9184231162071228 46
1761469669376 0.9180857539176941 47
1761469669898 0.9183828234672546 48
1761469670437 0.9161522388458252 49
1761469643633 0.9372280240058899 0
