1761462458179 1.1006041765213013 0
1761462460130 1.0870453119277954 1
1761462461726 1.0730103254318237 2
1761462463239 1.077631950378418 3
1761462464938 1.0734648704528809 4
1761462466527 1.0609115362167358 5
1761462468458 1.0504844188690186 6
1761462470232 1.040043830871582 7
1761462471970 1.0446523427963257 8
1761462473622 1.0248054265975952 9
1761462475104 1.024590253829956 10
1761462476769 1.0099543333053589 11
1761462478281 1.0024025440216064 12
1761462479768 0.9976690411567688 13
1761462481289 0.9949720501899719 14
1761462483837 0.9757265448570251 15
1761462485307 0.9709740877151489 16
1761462486945 0.9462301731109619 17
1761462488506 0.9401659369468689 18
1761462490060 0.9307281970977783 19
1761462491583 0.9089674949645996 20
1761462494189 0.923180103302002 21
1761462495700 0.8895801305770874 22
1761462497195 0.8834146857261658 23
1761462498903 0.8461460471153259 24
1761462500495 0.845984935760498 25
1761462502005 0.8264858722686768 26
1761462503660 0.8086337447166443 27
1761462505176 0.7876514196395874 28
1761462506732 0.7791697978973389 29
1761462508237 0.7453371286392212 30
1761462509978 0.742749035358429 31
1761462511918 0.7141032814979553 32
1761462513774 0.6957663297653198 33
1761462515437 0.6835706830024719 34
1761462517003 0.654407799243927 35
1761462518549 0.662086546421051 36
1761462520166 0.6260969042778015 37
1761462521977 0.5937331914901733 38
1761462523567 0.588738739490509 39
1761462525216 0.5693268179893494 40
1761462526834 0.5447415709495544 41
1761462528380 0.5496618747711182 42
1761462529950 0.5259863138198853 43
1761462531583 0.5233768820762634 44
1761462533128 0.4772505760192871 45
1761462534685 0.44979506731033325 46
1761462536235 0.4615405201911926 47
1761462537883 0.4404281973838806 48
1761462539496 0.4249151647090912 49
1761462458179 1.1006041765213013 0
