1761603109085 0.6943191885948181 0
1761603109368 0.7587916851043701 1
1761603109638 0.7587916851043701 2
1761603109887 0.7587916851043701 3
1761603110117 0.7587916851043701 4
1761603110336 0.7587916851043701 5
1761603110589 0.7587916851043701 6
1761603110988 0.7592425346374512 7
1761603111244 0.7605951428413391 8
1761603111508 0.7583408355712891 9
1761603111743 0.7623985409736633 10
1761603111973 0.7601442933082581 11
1761603112181 0.7614968419075012 12
1761603112396 0.7619476914405823 13
1761603112615 0.7623985409736633 14
1761603112829 0.7614968419075012 15
1761603113052 0.7651036977767944 16
1761603113271 0.7633002996444702 17
1761603113488 0.7660053968429565 18
1761603113707 0.7637511491775513 19
1761603113917 0.7687105536460876 20
1761603114135 0.7682597041130066 21
1761603114348 0.7705139517784119 22
1761603114561 0.7700631022453308 23
1761603114774 0.773669958114624 24
1761603114991 0.7723174095153809 25
1761603115210 0.7727682590484619 26
1761603115428 0.7759242653846741 27
1761603115640 0.7763751149177551 28
1761603115852 0.7781785130500793 29
1761603116067 0.775022566318512 30
1761603116285 0.7772768139839172 31
1761603116501 0.7795311212539673 32
1761603116715 0.7777276635169983 33
1761603116942 0.7876465320587158 34
1761603117157 0.7867448329925537 35
1761603117371 0.7862939834594727 36
1761603117588 0.7880973815917969 37
1761603117808 0.7885482311248779 38
1761603118023 0.7849413752555847 39
1761603118241 0.790802538394928 40
1761603118457 0.7885482311248779 41
1761603118671 0.7880973815917969 42
1761603118886 0.7998196482658386 43
1761603119102 0.7903516888618469 44
1761603119320 0.7989179491996765 45
1761603119537 0.7921550869941711 46
1761603119751 0.7989179491996765 47
1761603119969 0.7975654006004333 48
1761603120189 0.8016231060028076 49
1761603109085 0.6943191885948181 0
