1761603109085 0.8216544985771179 0
1761603109368 0.7134759426116943 1
1761603109638 0.704549252986908 2
1761603109887 0.6978877186775208 3
1761603110117 0.6916853189468384 4
1761603110336 0.6900466680526733 5
1761603110589 0.6865419745445251 6
1761603110988 0.6816771626472473 7
1761603111244 0.6787074208259583 8
1761603111508 0.6736963987350464 9
1761603111743 0.6743580102920532 10
1761603111973 0.6694492697715759 11
1761603112181 0.667098343372345 12
1761603112396 0.6608701944351196 13
1761603112615 0.6580440998077393 14
1761603112829 0.6567582488059998 15
1761603113052 0.64988112449646 16
1761603113271 0.6494479775428772 17
1761603113488 0.6412022113800049 18
1761603113707 0.6387957334518433 19
1761603113917 0.6357705593109131 20
1761603114135 0.6263003349304199 21
1761603114348 0.6270485520362854 22
1761603114561 0.622667670249939 23
1761603114774 0.6168394684791565 24
1761603114991 0.6185337901115417 25
1761603115210 0.610694169998169 26
1761603115428 0.6065740585327148 27
1761603115640 0.6002748012542725 28
1761603115852 0.6002565622329712 29
1761603116067 0.5956583023071289 30
1761603116285 0.5905962586402893 31
1761603116501 0.5891296863555908 32
1761603116715 0.5841497182846069 33
1761603116942 0.5810937285423279 34
1761603117157 0.5775843858718872 35
1761603117371 0.5766905546188354 36
1761603117588 0.569925844669342 37
1761603117808 0.564292311668396 38
1761603118023 0.5694427490234375 39
1761603118241 0.5587613582611084 40
1761603118457 0.5633004903793335 41
1761603118671 0.5549570322036743 42
1761603118886 0.5528280138969421 43
1761603119102 0.5513344407081604 44
1761603119320 0.5512914061546326 45
1761603119537 0.5450915098190308 46
1761603119751 0.53462815284729 47
1761603119969 0.5335792899131775 48
1761603120189 0.5341582298278809 49
1761603109085 0.8216544985771179 0
