1761593480366 1.091251015663147 0
1761593480612 1.0726476907730103 1
1761593480829 1.064871072769165 2
1761593481041 1.0587371587753296 3
1761593481259 1.053952932357788 4
1761593481476 1.0476425886154175 5
1761593481696 1.0425149202346802 6
1761593481911 1.0399221181869507 7
1761593482139 1.0371419191360474 8
1761593482364 1.0331302881240845 9
1761593482589 1.021652102470398 10
1761593482816 1.01858651638031 11
1761593483033 1.0126917362213135 12
1761593483253 1.0085256099700928 13
1761593483465 1.001334547996521 14
1761593483678 1.000819206237793 15
1761593483894 0.9928433299064636 16
1761593484109 0.9852809906005859 17
1761593484328 0.981322705745697 18
1761593484623 0.9758644104003906 19
1761593484843 0.9703365564346313 20
1761593485062 0.9704456925392151 21
1761593485278 0.956085205078125 22
1761593485496 0.9501281976699829 23
1761593485759 0.9488270282745361 24
1761593485981 0.9467020630836487 25
1761593486197 0.9360184073448181 26
1761593486412 0.927426278591156 27
1761593486661 0.9262708425521851 28
1761593486896 0.920744001865387 29
1761593487123 0.9151294827461243 30
1761593487344 0.906947910785675 31
1761593487558 0.9003125429153442 32
1761593487776 0.9007993936538696 33
1761593487991 0.8904298543930054 34
1761593488205 0.8843080401420593 35
1761593488424 0.8826106190681458 36
1761593488647 0.8701171875 37
1761593488882 0.8618157505989075 38
1761593489098 0.859594464302063 39
1761593489331 0.854033350944519 40
1761593489560 0.8504666090011597 41
1761593489788 0.8399384021759033 42
1761593490004 0.8347427248954773 43
1761593490247 0.8290442824363708 44
1761593490464 0.8253790140151978 45
1761593490678 0.8190066814422607 46
1761593490900 0.8121357560157776 47
1761593491131 0.8111606240272522 48
1761593491352 0.8119388818740845 49
1761593491575 0.7943238019943237 50
1761593491830 0.8106039762496948 51
1761593492054 0.7966351509094238 52
1761593492273 0.7857446074485779 53
1761593492492 0.7859991192817688 54
1761593492725 0.7792069911956787 55
1761593492950 0.7778310179710388 56
1761593493168 0.776753842830658 57
1761593493396 0.7704521417617798 58
1761593493641 0.7672712802886963 59
1761593493868 0.7579481601715088 60
1761593494087 0.7563542127609253 61
1761593494306 0.7493643164634705 62
1761593494525 0.7465551495552063 63
1761593494736 0.7552738189697266 64
1761593494953 0.7430940270423889 65
1761593495173 0.7369551062583923 66
1761593495401 0.7327804565429688 67
1761593495616 0.7274400591850281 68
1761593495837 0.7261043787002563 69
1761593496050 0.724964439868927 70
1761593496270 0.7168412208557129 71
1761593496488 0.7169328331947327 72
1761593496703 0.7128955125808716 73
1761593496928 0.7077757716178894 74
1761593497145 0.7046018242835999 75
1761593497360 0.7000930309295654 76
1761593497584 0.7042154669761658 77
1761593497802 0.7012049555778503 78
1761593498031 0.7054746747016907 79
1761593498259 0.6917165517807007 80
1761593498474 0.6920636296272278 81
1761593498699 0.6821224689483643 82
1761593498932 0.6812625527381897 83
1761593499151 0.6808352470397949 84
1761593499372 0.687526285648346 85
1761593499594 0.6761083602905273 86
1761593499825 0.6768692135810852 87
1761593500063 0.6667390465736389 88
1761593500338 0.6705261468887329 89
1761593500568 0.6612004637718201 90
1761593500815 0.6587792634963989 91
1761593501035 0.6636372208595276 92
1761593501263 0.6534692645072937 93
1761593501490 0.6650580167770386 94
1761593501704 0.6538383364677429 95
1761593501919 0.6528266668319702 96
1761593502140 0.6496335864067078 97
1761593502355 0.6447047591209412 98
1761593502583 0.6502065062522888 99
1761593480366 1.091251015663147 0
