1761606498619 0.49774572253227234 0
1761606499121 0.5085662603378296 1
1761606499539 0.5085662603378296 2
1761606499956 0.5085662603378296 3
1761606500333 0.4954914450645447 4
1761606500676 0.5085662603378296 5
1761606501020 0.5085662603378296 6
1761606501380 0.5085662603378296 7
1761606501716 0.5085662603378296 8
1761606502173 0.5085662603378296 9
1761606502593 0.5085662603378296 10
1761606502927 0.5085662603378296 11
1761606503283 0.5085662603378296 12
1761606503657 0.5085662603378296 13
1761606504007 0.5085662603378296 14
1761606504344 0.5103697180747986 15
1761606504680 0.5090171098709106 16
1761606505045 0.5094679594039917 17
1761606505403 0.5130748152732849 18
1761606505736 0.5126239657402039 19
1761606506084 0.5076645612716675 20
1761606506418 0.5054102540016174 21
1761606506753 0.5198376774787903 22
1761606507101 0.5211902856826782 23
1761606507438 0.5220919847488403 24
1761606507772 0.5247971415519714 25
1761606508132 0.5229936838150024 26
1761606508499 0.5275022387504578 27
1761606508839 0.5293056964874268 28
1761606509211 0.531559944152832 29
1761606509544 0.5284039378166199 30
1761606509897 0.5338142514228821 31
1761606510235 0.5293056964874268 32
1761606510574 0.5405771136283875 33
1761606510908 0.5342651009559631 34
1761606511244 0.5288548469543457 35
1761606511582 0.5414788126945496 36
1761606511923 0.5414788126945496 37
1761606512251 0.5455365180969238 38
1761606512593 0.5504959225654602 39
1761606512953 0.5383228063583374 40
1761606513278 0.5504959225654602 41
1761606513624 0.547339916229248 42
1761606513959 0.5513976812362671 43
1761606514306 0.5595130920410156 44
1761606514897 0.5563570857048035 45
1761606515588 0.5635707974433899 46
1761606516176 0.564472496509552 47
1761606516531 0.5617673397064209 48
1761606516870 0.5707845091819763 49
1761606498619 0.49774572253227234 0
