1761606498619 1.0283323526382446 0
1761606499121 1.0104129314422607 1
1761606499539 1.0134234428405762 2
1761606499956 1.0162180662155151 3
1761606500333 1.011672019958496 4
1761606500676 1.01153564453125 5
1761606501020 1.0157711505889893 6
1761606501380 1.0085316896438599 7
1761606501716 1.013031244277954 8
1761606502173 1.007312536239624 9
1761606502593 1.0095709562301636 10
1761606502927 1.006242036819458 11
1761606503283 1.0069613456726074 12
1761606503657 1.0077930688858032 13
1761606504007 1.004196286201477 14
1761606504344 1.003031611442566 15
1761606504680 1.0057501792907715 16
1761606505045 1.0009795427322388 17
1761606505403 1.0008811950683594 18
1761606505736 1.0021566152572632 19
1761606506084 1.0038868188858032 20
1761606506418 1.002260684967041 21
1761606506753 0.9997856616973877 22
1761606507101 0.9979787468910217 23
1761606507438 0.9990869760513306 24
1761606507772 0.9947853088378906 25
1761606508132 0.9946722984313965 26
1761606508499 0.9920634627342224 27
1761606508839 0.9929994940757751 28
1761606509211 0.9889070987701416 29
1761606509544 0.9886083602905273 30
1761606509897 0.9841539859771729 31
1761606510235 0.9820857048034668 32
1761606510574 0.9826857447624207 33
1761606510908 0.9801416993141174 34
1761606511244 0.9856529235839844 35
1761606511582 0.9776802659034729 36
1761606511923 0.9725426435470581 37
1761606512251 0.97451251745224 38
1761606512593 0.9677977561950684 39
1761606512953 0.970279335975647 40
1761606513278 0.961405336856842 41
1761606513624 0.9631508588790894 42
1761606513959 0.959332287311554 43
1761606514306 0.9583526849746704 44
1761606514897 0.9592449069023132 45
1761606515588 0.9514634609222412 46
1761606516176 0.9509353041648865 47
1761606516531 0.9492613673210144 48
1761606516870 0.942267656326294 49
1761606498619 1.0283323526382446 0
