1761468211300 0.5309470295906067 0
1761468211569 0.5346755981445312 1
1761468211781 0.5473527312278748 2
1761468212074 0.5495898723602295 3
1761468212529 0.554064154624939 4
1761468212974 0.5794183611869812 5
1761468213429 0.5682326555252075 6
1761468213863 0.572706937789917 7
1761468214333 0.5824012160301208 8
1761468214745 0.5824012160301208 9
1761468215163 0.5831469297409058 10
1761468215553 0.5846383571624756 11
1761468215980 0.5816555023193359 12
1761468216451 0.5935868620872498 13
1761468216890 0.5973154306411743 14
1761468217360 0.6055182814598083 15
1761468217795 0.6144667863845825 16
1761468218081 0.6047725677490234 17
1761468218490 0.6137211322784424 18
1761468218909 0.6092468500137329 19
1761468219311 0.6181953549385071 20
1761468219669 0.6278896331787109 21
1761468219952 0.6144667863845825 22
1761468220408 0.6196867823600769 23
1761468220821 0.6249067783355713 24
1761468221232 0.6234153509140015 25
1761468221681 0.636092483997345 26
1761468222090 0.6368381977081299 27
1761468222452 0.6308724880218506 28
1761468222867 0.6383296251296997 29
1761468223323 0.6301267743110657 30
1761468223744 0.654735267162323 31
1761468224182 0.6502609848976135 32
1761468224601 0.6607009768486023 33
1761468225048 0.6480238437652588 34
1761468225468 0.6569724082946777 35
1761468225882 0.6435495615005493 36
1761468226293 0.6592095494270325 37
1761468226732 0.6584638357162476 38
1761468227136 0.6524981260299683 39
1761468227572 0.6636838316917419 40
1761468228005 0.6644295454025269 41
1761468228432 0.6718866229057312 42
1761468228866 0.6756151914596558 43
1761468229299 0.6644295454025269 44
1761468229689 0.6763609051704407 45
1761468229944 0.673378050327301 46
1761468230261 0.6711409687995911 47
1761468230697 0.6726323366165161 48
1761468231113 0.6800894737243652 49
1761468211300 0.5309470295906067 0
