1761468211300 1.0079662799835205 0
1761468211569 0.9796879887580872 1
1761468211781 0.96630859375 2
1761468212074 0.9535179734230042 3
1761468212529 0.9490952491760254 4
1761468212974 0.9336410760879517 5
1761468213429 0.9260814785957336 6
1761468213863 0.9278994798660278 7
1761468214333 0.910183846950531 8
1761468214745 0.9107284545898438 9
1761468215163 0.9088865518569946 10
1761468215553 0.8966138958930969 11
1761468215980 0.8895215392112732 12
1761468216451 0.885770320892334 13
1761468216890 0.8817023038864136 14
1761468217360 0.8746935129165649 15
1761468217795 0.8663768768310547 16
1761468218081 0.8683648109436035 17
1761468218490 0.8551344871520996 18
1761468218909 0.8549566268920898 19
1761468219311 0.8534849286079407 20
1761468219669 0.8417143225669861 21
1761468219952 0.8426917791366577 22
1761468220408 0.8329399228096008 23
1761468220821 0.8334668874740601 24
1761468221232 0.8286643624305725 25
1761468221681 0.8229897618293762 26
1761468222090 0.8174549341201782 27
1761468222452 0.8221341967582703 28
1761468222867 0.8106063008308411 29
1761468223323 0.8167527914047241 30
1761468223744 0.7965317368507385 31
1761468224182 0.7995177507400513 32
1761468224601 0.7884034514427185 33
1761468225048 0.7941755056381226 34
1761468225468 0.7843711376190186 35
1761468225882 0.7884209156036377 36
1761468226293 0.7787089943885803 37
1761468226732 0.7690605521202087 38
1761468227136 0.7703506946563721 39
1761468227572 0.766208291053772 40
1761468228005 0.7636601328849792 41
1761468228432 0.7543834447860718 42
1761468228866 0.7541743516921997 43
1761468229299 0.7501229643821716 44
1761468229689 0.7458620071411133 45
1761468229944 0.748336911201477 46
1761468230261 0.7426843643188477 47
1761468230697 0.7464471459388733 48
1761468231113 0.7344725131988525 49
1761468211300 1.0079662799835205 0
