1761464691692 0.4461469054222107 0
1761464692137 0.47363677620887756 1
1761464692555 0.49481749534606934 2
1761464692997 0.49977466464042664 3
1761464693410 0.5182514786720276 4
1761464693792 0.5123929977416992 5
1761464694242 0.5205047130584717 6
1761464694638 0.5308697819709778 7
1761464695022 0.5326723456382751 8
1761464695427 0.5250112414360046 9
1761464695833 0.5376295447349548 10
1761464696238 0.534925639629364 11
1761464696661 0.5457413196563721 12
1761464697097 0.5574583411216736 13
1761464697515 0.5561063289642334 14
1761464697920 0.5556557178497314 15
1761464698325 0.5565569996833801 16
1761464698730 0.554754376411438 17
1761464699131 0.554303765296936 18
1761464699540 0.563316822052002 19
1761464699915 0.5777377486228943 20
1761464700314 0.5619648694992065 21
1761464700709 0.5813429355621338 22
1761464701122 0.5826948881149292 23
1761464701509 0.5799909830093384 24
1761464701915 0.578639030456543 25
1761464702311 0.5867508053779602 26
1761464702715 0.5935105681419373 27
1761464703100 0.5975664854049683 28
1761464703501 0.5930599570274353 29
1761464703902 0.5944119095802307 30
1761464704294 0.6011716723442078 31
1761464704681 0.6101847887039185 32
1761464705066 0.6079314947128296 33
1761464705448 0.5966651439666748 34
1761464705829 0.6155925989151001 35
1761464706233 0.6146913170814514 36
1761464706624 0.6232537031173706 37
1761464707024 0.6164939403533936 38
1761464707428 0.6223524212837219 39
1761464707820 0.6363226771354675 40
1761464708207 0.6196485161781311 41
1761464708585 0.6336187720298767 42
1761464708987 0.6327174305915833 43
1761464709388 0.6534475088119507 44
1761464709790 0.6408292055130005 45
1761464710180 0.6620098948478699 46
1761464710560 0.6507436037063599 47
1761464710943 0.6381253004074097 48
1761464711334 0.6624605655670166 49
1761464691692 0.4461469054222107 0
