1761533511632 0.5326723456382751 0
1761533512609 0.5601622462272644 1
1761533513501 0.5709779262542725 2
1761533514402 0.5651194453239441 3
1761533515376 0.5727805495262146 4
1761533516321 0.5804416537284851 5
1761533517218 0.5957638621330261 6
1761533518174 0.6074808239936829 7
1761533519195 0.5980170965194702 8
1761533520145 0.6295628547668457 9
1761533521019 0.628661572933197 10
1761533521915 0.6313654780387878 11
1761533522825 0.648490309715271 12
1761533523704 0.6547994613647461 13
1761533524583 0.6696709990501404 14
1761533525558 0.679134726524353 15
1761533526482 0.6719242930412292 16
1761533527365 0.6710230112075806 17
1761533528238 0.6773321032524109 18
1761533529201 0.7007660865783691 19
1761533530137 0.6989635229110718 20
1761533531125 0.7039206624031067 21
1761533532044 0.7142857313156128 22
1761533532941 0.7057232856750488 23
1761533533829 0.7205948829650879 24
1761533534709 0.738170325756073 25
1761533535588 0.7305092215538025 26
1761533536554 0.7390716671943665 27
1761533537448 0.757548451423645 28
1761533538347 0.746732771396637 29
1761533539257 0.7602523565292358 30
1761533540155 0.7598016858100891 31
1761533541099 0.772870659828186 32
1761533542016 0.7674628496170044 33
1761533543020 0.7688148021697998 34
1761533543943 0.7895448207855225 35
1761533544875 0.7954033613204956 36
1761533545775 0.7800810933113098 37
1761533546666 0.8017124533653259 38
1761533547624 0.7954033613204956 39
1761533548669 0.8152320981025696 40
1761533549701 0.8183866739273071 41
1761533550641 0.816584050655365 42
1761533551582 0.8219918608665466 43
1761533552594 0.827399730682373 44
1761533553669 0.8400180339813232 45
1761533555009 0.8476791381835938 46
1761533556295 0.8400180339813232 47
1761533557479 0.851284384727478 48
1761533558561 0.8544389605522156 49
1761533559650 0.8476791381835938 50
1761533560607 0.8724650740623474 51
1761533561645 0.8828300833702087 52
1761533562660 0.8657052516937256 53
1761533563618 0.8760703206062317 54
1761533564613 0.8720144033432007 55
1761533565609 0.8621000647544861 56
1761533566523 0.8814781308174133 57
1761533567581 0.8918431997299194 58
1761533568846 0.8927444815635681 59
1761533569943 0.8814781308174133 60
1761533570940 0.8922938108444214 61
1761533571890 0.9004055857658386 62
1761533572877 0.9067147374153137 63
1761533573850 0.8972510099411011 64
1761533574861 0.9008562564849854 65
1761533575985 0.914826512336731 66
1761533576933 0.9031094908714294 67
1761533577858 0.9197837114334106 68
1761533578809 0.9184316992759705 69
1761533579745 0.921586275100708 70
1761533580640 0.8972510099411011 71
1761533581529 0.9238395690917969 72
1761533582624 0.9206849932670593 73
1761533583936 0.9351059198379517 74
1761533584880 0.9396124482154846 75
1761533585841 0.9247408509254456 76
1761533586764 0.921135663986206 77
1761533587737 0.9116719365119934 78
1761533588632 0.9328526258468628 79
1761533589547 0.9360072016716003 80
1761533590463 0.9378098249435425 81
1761533591434 0.9445696473121643 82
1761533592366 0.9459215998649597 83
1761533593283 0.9378098249435425 84
1761533594216 0.9427670240402222 85
1761533595162 0.9459215998649597 86
1761533596070 0.9405137300491333 87
1761533597097 0.949977457523346 88
1761533598022 0.9468228816986084 89
1761533598986 0.9378098249435425 90
1761533599901 0.9378098249435425 91
1761533600817 0.9369085431098938 92
1761533601722 0.9283460974693298 93
1761533602638 0.9436683058738708 94
1761533603545 0.9526813626289368 95
1761533604460 0.9526813626289368 96
1761533605401 0.9558359384536743 97
1761533606352 0.949977457523346 98
1761533607268 0.945470929145813 99
1761533511632 0.5326723456382751 0
