1761533511632 0.8712496161460876 0
1761533512609 0.8474798798561096 1
1761533513501 0.8388224840164185 2
1761533514402 0.834581196308136 3
1761533515376 0.8237216472625732 4
1761533516321 0.8192607760429382 5
1761533517218 0.8063023686408997 6
1761533518174 0.7982209920883179 7
1761533519195 0.7911913394927979 8
1761533520145 0.771928608417511 9
1761533521019 0.7721381783485413 10
1761533521915 0.7654846906661987 11
1761533522825 0.7583690881729126 12
1761533523704 0.7304351329803467 13
1761533524583 0.7329442501068115 14
1761533525558 0.7159042954444885 15
1761533526482 0.6976281404495239 16
1761533527365 0.6973288059234619 17
1761533528238 0.6904528141021729 18
1761533529201 0.6591984629631042 19
1761533530137 0.6647008061408997 20
1761533531125 0.6564595103263855 21
1761533532044 0.6233944296836853 22
1761533532941 0.6394439339637756 23
1761533533829 0.6131786704063416 24
1761533534709 0.5972753763198853 25
1761533535588 0.6007847189903259 26
1761533536554 0.5879729390144348 27
1761533537448 0.5672927498817444 28
1761533538347 0.5542192459106445 29
1761533539257 0.5397065281867981 30
1761533540155 0.5286755561828613 31
1761533541099 0.5202807188034058 32
1761533542016 0.5080698728561401 33
1761533543020 0.5135882496833801 34
1761533543943 0.4749601185321808 35
1761533544875 0.47091832756996155 36
1761533545775 0.4758754074573517 37
1761533546666 0.4490187168121338 38
1761533547624 0.4554425776004791 39
1761533548669 0.4177738428115845 40
1761533549701 0.4001918137073517 41
1761533550641 0.42163777351379395 42
1761533551582 0.39451098442077637 43
1761533552594 0.38849616050720215 44
1761533553669 0.3602205812931061 45
1761533555009 0.3518519103527069 46
1761533556295 0.3580807149410248 47
1761533557479 0.34055569767951965 48
1761533558561 0.33438217639923096 49
1761533559650 0.35452818870544434 50
1761533560607 0.2965404987335205 51
1761533561645 0.2764652669429779 52
1761533562660 0.3267042934894562 53
1761533563618 0.27763327956199646 54
1761533564613 0.2956242263317108 55
1761533565609 0.3267216682434082 56
1761533566523 0.2677898705005646 57
1761533567581 0.24112287163734436 58
1761533568846 0.24247042834758759 59
1761533569943 0.2647903263568878 60
1761533570940 0.2564062774181366 61
1761533571890 0.22704371809959412 62
1761533572877 0.22924138605594635 63
1761533573850 0.24046027660369873 64
1761533574861 0.22703027725219727 65
1761533575985 0.1997283548116684 66
1761533576933 0.22383174300193787 67
1761533577858 0.18475288152694702 68
1761533578809 0.18785758316516876 69
1761533579745 0.18758146464824677 70
1761533580640 0.23809143900871277 71
1761533581529 0.19746042788028717 72
1761533582624 0.19571253657341003 73
1761533583936 0.16534119844436646 74
1761533584880 0.15403856337070465 75
1761533585841 0.18287737667560577 76
1761533586764 0.1869368553161621 77
1761533587737 0.21835249662399292 78
1761533588632 0.17728760838508606 79
1761533589547 0.149879589676857 80
1761533590463 0.14952266216278076 81
1761533591434 0.14646831154823303 82
1761533592366 0.13341495394706726 83
1761533593283 0.154843270778656 84
1761533594216 0.13399814069271088 85
1761533595162 0.12057088315486908 86
1761533596070 0.14183150231838226 87
1761533597097 0.12848398089408875 88
1761533598022 0.124359130859375 89
1761533598986 0.1572975367307663 90
1761533599901 0.15283901989459991 91
1761533600817 0.15264233946800232 92
1761533601722 0.199964240193367 93
1761533602638 0.14394879341125488 94
1761533603545 0.1120496466755867 95
1761533604460 0.10972601175308228 96
1761533605401 0.10803984850645065 97
1761533606352 0.13451208174228668 98
1761533607268 0.12760978937149048 99
1761533511632 0.8712496161460876 0
