1761500712724 0.5448400378227234 0
1761500713009 0.5795403122901917 1
1761500713250 0.608832836151123 2
1761500713469 0.6228030920028687 3
1761500713682 0.629112184047699 4
1761500713897 0.6430824398994446 5
1761500714118 0.6520955562591553 6
1761500714387 0.6543487906455994 7
1761500714611 0.6692203879356384 8
1761500714826 0.6665164232254028 9
1761500715038 0.6872465014457703 10
1761500715250 0.6917530298233032 11
1761500715451 0.6904010772705078 12
1761500715667 0.6908517479896545 13
1761500715873 0.7061739563941956 14
1761500716079 0.7021180987358093 15
1761500716291 0.7070752382278442 16
1761500716551 0.7210454940795898 17
1761500716770 0.7021180987358093 18
1761500716973 0.7242000699043274 19
1761500717185 0.7345651388168335 20
1761500717397 0.7359170913696289 21
1761500717610 0.7305092215538025 22
1761500717825 0.7309598922729492 23
1761500718036 0.748986005783081 24
1761500718248 0.742226243019104 25
1761500718462 0.748986005783081 26
1761500718718 0.7534925937652588 27
1761500718929 0.7516899704933167 28
1761500719126 0.7548445463180542 29
1761500719330 0.7593510746955872 30
1761500719540 0.7683641314506531 31
1761500719759 0.7661108374595642 32
1761500719968 0.7607030272483826 33
1761500720179 0.7764759063720703 34
1761500720390 0.772870659828186 35
1761500720602 0.7719693779945374 36
1761500720811 0.7724199891090393 37
1761500721020 0.7679134607315063 38
1761500721230 0.7724199891090393 39
1761500721441 0.7742226123809814 40
1761500721652 0.7764759063720703 41
1761500721864 0.7863902449607849 42
1761500722080 0.7863902449607849 43
1761500722335 0.7850382924079895 44
1761500722563 0.7850382924079895 45
1761500722774 0.7854889631271362 46
1761500722978 0.7764759063720703 47
1761500723192 0.7899954915046692 48
1761500723405 0.797205924987793 49
1761500712724 0.5448400378227234 0
