1761602861670 0.7433197498321533 0
1761602862675 0.711542546749115 1
1761602863601 0.712695300579071 2
1761602864601 0.7052170634269714 3
1761602865562 0.6992753744125366 4
1761602866572 0.6911333799362183 5
1761602867477 0.6877840161323547 6
1761602868381 0.6875826120376587 7
1761602869324 0.6781414151191711 8
1761602870204 0.6748092770576477 9
1761602871123 0.668297529220581 10
1761602872014 0.6570565104484558 11
1761602872913 0.6578381061553955 12
1761602873806 0.6469686031341553 13
1761602874691 0.6539154052734375 14
1761602875680 0.6353065371513367 15
1761602876568 0.6286854147911072 16
1761602877449 0.61491459608078 17
1761602878342 0.6093125939369202 18
1761602879225 0.614252507686615 19
1761602880125 0.6007145047187805 20
1761602881029 0.587361216545105 21
1761602881900 0.5697710514068604 22
1761602882868 0.5760443210601807 23
1761602883815 0.564335286617279 24
1761602884758 0.5476775169372559 25
1761602885717 0.5493496656417847 26
1761602886683 0.5314337611198425 27
1761602887662 0.5474357604980469 28
1761602888638 0.5162249803543091 29
1761602889543 0.503899097442627 30
1761602890437 0.5012606382369995 31
1761602891322 0.5010648369789124 32
1761602892233 0.4819830656051636 33
1761602893169 0.4738636314868927 34
1761602894128 0.4770754873752594 35
1761602895056 0.46069103479385376 36
1761602895965 0.44478633999824524 37
1761602896983 0.4192690849304199 38
1761602898479 0.42214086651802063 39
1761602899469 0.4208264946937561 40
1761602900495 0.3989790678024292 41
1761602901721 0.3929947316646576 42
1761602902710 0.3961504101753235 43
1761602903636 0.36762356758117676 44
1761602904602 0.36033523082733154 45
1761602905607 0.371488481760025 46
1761602906570 0.3387396037578583 47
1761602907544 0.31981346011161804 48
1761602908463 0.3222804367542267 49
1761602861670 0.7433197498321533 0
