1761604586211 0.39585211873054504 0
1761604586520 0.4179441034793854 1
1761604586836 0.4102795422077179 2
1761604587125 0.4129846692085266 3
1761604587413 0.4233543872833252 4
1761604587698 0.4310189485549927 5
1761604587983 0.44454464316368103 6
1761604588294 0.4449954926967621 7
1761604588607 0.4449954926967621 8
1761604588891 0.45175835490226746 9
1761604589175 0.45942291617393494 10
1761604589460 0.4643823206424713 11
1761604589747 0.47430115938186646 12
1761604590036 0.5018033981323242 13
1761604590323 0.49684399366378784 14
1761604590611 0.4954914450645447 15
1761604590894 0.49774572253227234 16
1761604591180 0.5013525485992432 17
1761604591468 0.5090171098709106 18
1761604591754 0.5148782730102539 19
1761604592040 0.5058611631393433 20
1761604592328 0.5428313612937927 21
1761604592617 0.5247971415519714 22
1761604592900 0.5432822108268738 23
1761604593186 0.5441839694976807 24
1761604593480 0.5532010793685913 25
1761604593768 0.5703336596488953 26
1761604594101 0.5495942234992981 27
1761604594391 0.5653741955757141 28
1761604594678 0.582055926322937 29
1761604594968 0.5698827505111694 30
1761604595257 0.5852118730545044 31
1761604595550 0.5910730361938477 32
1761604595841 0.6163210272789001 33
1761604596126 0.6009919047355652 34
1761604596418 0.6275924444198608 35
1761604596703 0.6032461524009705 36
1761604596991 0.6330026984214783 37
1761604597276 0.6388638615608215 38
1761604597567 0.6388638615608215 39
1761604597857 0.646077573299408 40
1761604598139 0.6587015390396118 41
1761604598423 0.6487826704978943 42
1761604598710 0.646077573299408 43
1761604598995 0.6749323606491089 44
1761604599283 0.6659152507781982 45
1761604599574 0.6726781129837036 46
1761604599858 0.6798917651176453 47
1761604600149 0.6898106336593628 48
1761604600435 0.6862037777900696 49
1761604586211 0.39585211873054504 0
