1761516158606 0.4524560570716858 0
1761516159602 0.45561063289642334 1
1761516160646 0.4817485213279724 2
1761516161851 0.49887335300445557 3
1761516162874 0.5114916563034058 4
1761516163801 0.5200541019439697 5
1761516164720 0.5385308861732483 6
1761516165853 0.5525011420249939 7
1761516166875 0.5714285969734192 8
1761516167818 0.5813429355621338 9
1761516168722 0.5763857364654541 10
1761516169639 0.6128886938095093 11
1761516170669 0.6205497980117798 12
1761516171644 0.6367733478546143 13
1761516172661 0.648490309715271 14
1761516173814 0.6584047079086304 15
1761516174792 0.6660658121109009 16
1761516175795 0.6863452196121216 17
1761516176910 0.6809373497962952 18
1761516178129 0.7061739563941956 19
1761516179110 0.7264533638954163 20
1761516180108 0.7160883545875549 21
1761516181181 0.7471834421157837 22
1761516182351 0.7431275248527527 23
1761516183365 0.748986005783081 24
1761516184402 0.7566471099853516 25
1761516185463 0.7670121788978577 26
1761516186579 0.7683641314506531 27
1761516187798 0.785939633846283 28
1761516188931 0.7809824347496033 29
1761516190280 0.8102748990058899 30
1761516191423 0.8071203231811523 31
1761516192574 0.8188372850418091 32
1761516193757 0.831906259059906 33
1761516194789 0.8283010125160217 34
1761516195850 0.8301036357879639 35
1761516196839 0.8355115056037903 36
1761516197827 0.8382154107093811 37
1761516199345 0.8490310907363892 38
1761516200514 0.860297441482544 39
1761516201520 0.867057204246521 40
1761516202513 0.8715637922286987 41
1761516203488 0.8778729438781738 42
1761516204478 0.8765209317207336 43
1761516205522 0.8895899057388306 44
1761516206985 0.8958990573883057 45
1761516208004 0.9008562564849854 46
1761516209054 0.8891392350196838 47
1761516210018 0.8954483866691589 48
1761516211229 0.9089680314064026 49
1761516158606 0.4524560570716858 0
