1761599606695 0.4580703377723694 0
1761599607054 0.4720468819141388 1
1761599607305 0.47339946031570435 2
1761599607526 0.46393147110939026 3
1761599607742 0.4679891765117645 4
1761599607992 0.47069433331489563 5
1761599608251 0.4720468819141388 6
1761599608506 0.46979260444641113 7
1761599608722 0.4711451828479767 8
1761599608935 0.4535617530345917 9
1761599609170 0.4747520387172699 10
1761599609384 0.4693417549133301 11
1761599609606 0.4702434539794922 12
1761599609822 0.4693417549133301 13
1761599610037 0.4720468819141388 14
1761599610257 0.47339946031570435 15
1761599610488 0.4738503098487854 16
1761599610699 0.4738503098487854 17
1761599610913 0.4661857485771179 18
1761599611155 0.47520288825035095 19
1761599611370 0.4729486107826233 20
1761599611613 0.47430115938186646 21
1761599611828 0.4702434539794922 22
1761599612041 0.4711451828479767 23
1761599612268 0.4801623225212097 24
1761599612487 0.4774571657180786 25
1761599612719 0.47249773144721985 26
1761599612959 0.466636598110199 27
1761599613169 0.47249773144721985 28
1761599613384 0.4783588945865631 29
1761599613598 0.4774571657180786 30
1761599613829 0.4774571657180786 31
1761599614042 0.4792605936527252 32
1761599614276 0.46979260444641113 33
1761599614488 0.4810640215873718 34
1761599614700 0.475653737783432 35
1761599614915 0.46483317017555237 36
1761599615126 0.47790801525115967 37
1761599615336 0.4783588945865631 38
1761599615557 0.4711451828479767 39
1761599615773 0.4878268837928772 40
1761599615986 0.4792605936527252 41
1761599616194 0.48827773332595825 42
1761599616411 0.4905320107936859 43
1761599616621 0.4905320107936859 44
1761599616830 0.4792605936527252 45
1761599617042 0.4887285828590393 46
1761599617256 0.49954915046691895 47
1761599617467 0.49188458919525146 48
1761599617684 0.49594229459762573 49
1761599606695 0.4580703377723694 0
