1761529445088 0.5358269214630127 0
1761529446239 0.5664713978767395 1
1761529447277 0.5817936062812805 2
1761529448316 0.5948625802993774 3
1761529449363 0.5795403122901917 4
1761529450419 0.6101847887039185 5
1761529451443 0.6065795421600342 6
1761529452486 0.6250563263893127 7
1761529453517 0.629112184047699 8
1761529454564 0.6300135254859924 9
1761529455600 0.6412798762321472 10
1761529456657 0.6647138595581055 11
1761529457754 0.6651644706726074 12
1761529458782 0.6827399730682373 13
1761529459801 0.6777827739715576 14
1761529460850 0.687697172164917 15
1761529461896 0.6872465014457703 16
1761529462990 0.703019380569458 17
1761529464070 0.7025687098503113 18
1761529465182 0.7084271907806396 19
1761529466250 0.7201442122459412 20
1761529467308 0.7210454940795898 21
1761529468368 0.7278053164482117 22
1761529469457 0.746732771396637 23
1761529470492 0.7363677620887756 24
1761529471536 0.7417755722999573 25
1761529472607 0.7643082737922668 26
1761529473653 0.7598016858100891 27
1761529474676 0.7647588849067688 28
1761529475703 0.7760252356529236 29
1761529477083 0.7800810933113098 30
1761529478292 0.7746732831001282 31
1761529479593 0.7868409156799316 32
1761529480800 0.7841370105743408 33
1761529482091 0.8017124533653259 34
1761529483206 0.797205924987793 35
1761529484340 0.8197386264801025 36
1761529485502 0.801261842250824 37
1761529486674 0.8152320981025696 38
1761529487841 0.8242451548576355 39
1761529489178 0.8116268515586853 40
1761529490458 0.821090579032898 41
1761529491562 0.8481298089027405 42
1761529492666 0.8373141288757324 43
1761529493792 0.827399730682373 44
1761529494948 0.8584948182106018 45
1761529496060 0.8458765149116516 46
1761529497148 0.8481298089027405 47
1761529498319 0.8463271856307983 48
1761529499470 0.8548895716667175 49
1761529445088 0.5358269214630127 0
