1761529445088 0.830520510673523 0
1761529446239 0.8089838624000549 1
1761529447277 0.7974072694778442 2
1761529448316 0.7842236161231995 3
1761529449363 0.799641489982605 4
1761529450419 0.77237868309021 5
1761529451443 0.765913188457489 6
1761529452486 0.7559961080551147 7
1761529453517 0.7494385838508606 8
1761529454564 0.7474114298820496 9
1761529455600 0.7336400151252747 10
1761529456657 0.7267800569534302 11
1761529457754 0.7130433917045593 12
1761529458782 0.7016193866729736 13
1761529459801 0.6827783584594727 14
1761529460850 0.6743547320365906 15
1761529461896 0.6716071367263794 16
1761529462990 0.6592786908149719 17
1761529464070 0.638583779335022 18
1761529465182 0.6344219446182251 19
1761529466250 0.6159035563468933 20
1761529467308 0.6011291146278381 21
1761529468368 0.6016672849655151 22
1761529469457 0.5761483311653137 23
1761529470492 0.5752779841423035 24
1761529471536 0.556020975112915 25
1761529472607 0.5332825779914856 26
1761529473653 0.5335454344749451 27
1761529474676 0.5263292789459229 28
1761529475703 0.5067660212516785 29
1761529477083 0.48964256048202515 30
1761529478292 0.4909658133983612 31
1761529479593 0.4752275347709656 32
1761529480800 0.4786665737628937 33
1761529482091 0.4609772562980652 34
1761529483206 0.4587332308292389 35
1761529484340 0.42842236161231995 36
1761529485502 0.4475986361503601 37
1761529486674 0.41203537583351135 38
1761529487841 0.41020628809928894 39
1761529489178 0.40803998708724976 40
1761529490458 0.38392072916030884 41
1761529491562 0.3538671135902405 42
1761529492666 0.3634500205516815 43
1761529493792 0.3801553249359131 44
1761529494948 0.3250712752342224 45
1761529496060 0.3701779544353485 46
1761529497148 0.33468830585479736 47
1761529498319 0.3616279065608978 48
1761529499470 0.3326141834259033 49
1761529445088 0.830520510673523 0
