1761525791423 0.6239428520202637 0
1761525792699 0.5743088722229004 1
1761525793857 0.5732640624046326 2
1761525795063 0.5717831254005432 3
1761525796374 0.5721516609191895 4
1761525797676 0.5706319808959961 5
1761525799129 0.5719500184059143 6
1761525800625 0.57145094871521 7
1761525801908 0.5709611773490906 8
1761525803278 0.5708981156349182 9
1761525804706 0.5675144195556641 10
1761525806099 0.5671632885932922 11
1761525807162 0.5614995360374451 12
1761525807999 0.5582224130630493 13
1761525809066 0.5591023564338684 14
1761525810027 0.5590404272079468 15
1761525811595 0.5577548146247864 16
1761525813007 0.5577298998832703 17
1761525814277 0.5546155571937561 18
1761525815410 0.5594045519828796 19
1761525816620 0.5613400340080261 20
1761525817893 0.5555070042610168 21
1761525819022 0.5542723536491394 22
1761525820327 0.5543311834335327 23
1761525821756 0.5536748766899109 24
1761525823040 0.5554596781730652 25
1761525824348 0.5538727045059204 26
1761525825427 0.5515566468238831 27
1761525826548 0.5514332056045532 28
1761525827700 0.5502857565879822 29
1761525829076 0.5505833029747009 30
1761525830398 0.5517644286155701 31
1761525831665 0.5521420836448669 32
1761525833145 0.54939204454422 33
1761525835141 0.5498535633087158 34
1761525836383 0.55169278383255 35
1761525837398 0.5509395599365234 36
1761525838485 0.5468055605888367 37
1761525839620 0.5484805703163147 38
1761525840843 0.5464716553688049 39
1761525842092 0.5485145449638367 40
1761525843356 0.5469584465026855 41
1761525844730 0.5479866862297058 42
1761525845638 0.5454671382904053 43
1761525846751 0.5430781841278076 44
1761525847563 0.543972373008728 45
1761525848361 0.5455373525619507 46
1761525849706 0.542192280292511 47
1761525851148 0.5417630076408386 48
1761525852437 0.5448436737060547 49
1761525791423 0.6239428520202637 0
