1761604463123 0.3841298520565033 0
1761604463737 0.40892696380615234 1
1761604464358 0.4467989206314087 2
1761604464964 0.47069433331489563 3
1761604465663 0.4963931441307068 4
1761604466245 0.5126239657402039 5
1761604466791 0.5464382171630859 6
1761604467312 0.5613164901733398 7
1761604467845 0.5888187289237976 8
1761604468422 0.6055004596710205 9
1761604469062 0.6095581650733948 10
1761604469669 0.6221821308135986 11
1761604470202 0.644274115562439 12
1761604470775 0.660504937171936 13
1761604471398 0.67763751745224 14
1761604471896 0.7015329003334045 15
1761604472449 0.6970243453979492 16
1761604472987 0.7236248850822449 17
1761604473493 0.7146077752113342 18
1761604474020 0.724977433681488 19
1761604474543 0.7380523085594177 20
1761604475052 0.7511271238327026 21
1761604475585 0.7529305815696716 22
1761604476116 0.7497745752334595 23
1761604476653 0.7723174095153809 24
1761604477190 0.7741208076477051 25
1761604477799 0.7844905257225037 26
1761604478373 0.7921550869941711 27
1761604478922 0.804328203201294 28
1761604479489 0.804779052734375 29
1761604480057 0.8038773536682129 30
1761604480608 0.8061316609382629 31
1761604481132 0.8169522285461426 32
1761604481662 0.8264201879501343 33
1761604482200 0.8291253447532654 34
1761604482739 0.8485121726989746 35
1761604483257 0.8440036177635193 36
1761604483777 0.8412984609603882 37
1761604484306 0.85527503490448 38
1761604484824 0.8467087745666504 39
1761604485375 0.8660956025123596 40
1761604485900 0.853471577167511 41
1761604486424 0.8458070158958435 42
1761604486976 0.8728584051132202 43
1761604487506 0.8521190285682678 44
1761604488032 0.8724075555801392 45
1761604488591 0.8719567060470581 46
1761604489125 0.8832281231880188 47
1761604489645 0.8841298222541809 48
1761604490178 0.8940486907958984 49
1761604463123 0.3841298520565033 0
