1761604463123 1.0888102054595947 0
1761604463737 1.073456048965454 1
1761604464358 1.052953839302063 2
1761604464964 1.0274211168289185 3
1761604465663 1.0060311555862427 4
1761604466245 0.9657832384109497 5
1761604466791 0.9468125700950623 6
1761604467312 0.9085508584976196 7
1761604467845 0.874070405960083 8
1761604468422 0.8458654880523682 9
1761604469062 0.8284116983413696 10
1761604469669 0.8039717078208923 11
1761604470202 0.7652497291564941 12
1761604470775 0.7479736804962158 13
1761604471398 0.7101600766181946 14
1761604471896 0.6870898604393005 15
1761604472449 0.6729933023452759 16
1761604472987 0.6498900055885315 17
1761604473493 0.6396504640579224 18
1761604474020 0.6264449954032898 19
1761604474543 0.598092794418335 20
1761604475052 0.5740790963172913 21
1761604475585 0.5773171186447144 22
1761604476116 0.5664693713188171 23
1761604476653 0.5446184873580933 24
1761604477190 0.5407910943031311 25
1761604477799 0.4961952269077301 26
1761604478373 0.48585525155067444 27
1761604478922 0.4715316891670227 28
1761604479489 0.4722423851490021 29
1761604480057 0.442373663187027 30
1761604480608 0.44920286536216736 31
1761604481132 0.4361373484134674 32
1761604481662 0.43566012382507324 33
1761604482200 0.4139244556427002 34
1761604482739 0.38223108649253845 35
1761604483257 0.374854177236557 36
1761604483777 0.3673887550830841 37
1761604484306 0.3448074460029602 38
1761604484824 0.36764949560165405 39
1761604485375 0.333667516708374 40
1761604485900 0.3420242965221405 41
1761604486424 0.35241201519966125 42
1761604486976 0.3072429895401001 43
1761604487506 0.3330604135990143 44
1761604488032 0.2990039587020874 45
1761604488591 0.30066704750061035 46
1761604489125 0.27594926953315735 47
1761604489645 0.2790699303150177 48
1761604490178 0.24558818340301514 49
1761604463123 1.0888102054595947 0
