1761603883591 0.6014427542686462 0
1761603883833 0.6073038578033447 1
1761603884055 0.6068530082702637 2
1761603884284 0.611361563205719 3
1761603884499 0.6149684190750122 4
1761603884736 0.6181244254112244 5
1761603884947 0.6190261244773865 6
1761603885175 0.6235347390174866 7
1761603885391 0.6239855885505676 8
1761603885607 0.6262398362159729 9
1761603885839 0.6257889866828918 10
1761603886054 0.6316501498222351 11
1761603886261 0.6321009993553162 12
1761603886478 0.6361587047576904 13
1761603886687 0.6366095542907715 14
1761603886902 0.6393147110939026 15
1761603887115 0.6424707174301147 16
1761603887325 0.6424707174301147 17
1761603887539 0.6492335200309753 18
1761603887752 0.6492335200309753 19
1761603887962 0.6541929841041565 20
1761603888173 0.6523895263671875 21
1761603888388 0.6609557867050171 22
1761603888601 0.6645626425743103 23
1761603888815 0.6654644012451172 24
1761603889026 0.6663661003112793 25
1761603889239 0.6650135517120361 26
1761603889502 0.6717763543128967 27
1761603889721 0.6726781129837036 28
1761603889933 0.6753832101821899 29
1761603890145 0.6798917651176453 30
1761603890356 0.6735798120498657 31
1761603890568 0.6807935237884521 32
1761603890778 0.67763751745224 33
1761603890992 0.6880072355270386 34
1761603891198 0.6839495301246643 35
1761603891442 0.6844003796577454 36
1761603891657 0.6947700381278992 37
1761603891867 0.6844003796577454 38
1761603892077 0.6925157904624939 39
1761603892286 0.6816952228546143 40
1761603892499 0.6884580850601196 41
1761603892716 0.6988277435302734 42
1761603892934 0.6961226463317871 43
1761603893146 0.6875563859939575 44
1761603893357 0.693417489528656 45
1761603893570 0.695671796798706 46
1761603893779 0.7055906057357788 47
1761603893991 0.6988277435302734 48
1761603894200 0.7033363580703735 49
1761603883591 0.6014427542686462 0
