1761603883591 0.9455498456954956 0
1761603883833 0.9165369272232056 1
1761603884055 0.9089755415916443 2
1761603884284 0.9017280340194702 3
1761603884499 0.8959879279136658 4
1761603884736 0.8889887928962708 5
1761603884947 0.8814173936843872 6
1761603885175 0.8759719133377075 7
1761603885391 0.8688255548477173 8
1761603885607 0.8685765862464905 9
1761603885839 0.8606974482536316 10
1761603886054 0.8538795709609985 11
1761603886261 0.8481307625770569 12
1761603886478 0.8441449999809265 13
1761603886687 0.8411077260971069 14
1761603886902 0.8371735215187073 15
1761603887115 0.8295069932937622 16
1761603887325 0.8273845911026001 17
1761603887539 0.8207265734672546 18
1761603887752 0.8165367245674133 19
1761603887962 0.8053814172744751 20
1761603888173 0.79941725730896 21
1761603888388 0.7995027303695679 22
1761603888601 0.7897992134094238 23
1761603888815 0.7863784432411194 24
1761603889026 0.7773796916007996 25
1761603889239 0.7785691022872925 26
1761603889502 0.7721046209335327 27
1761603889721 0.7700434923171997 28
1761603889933 0.7642306089401245 29
1761603890145 0.7577664256095886 30
1761603890356 0.7602462768554688 31
1761603890568 0.7469629049301147 32
1761603890778 0.7497590184211731 33
1761603890992 0.7394914627075195 34
1761603891198 0.736179769039154 35
1761603891442 0.733773410320282 36
1761603891657 0.7314190864562988 37
1761603891867 0.7308806777000427 38
1761603892077 0.7207039594650269 39
1761603892286 0.7234491109848022 40
1761603892499 0.7244009971618652 41
1761603892716 0.7179954648017883 42
1761603892934 0.710854172706604 43
1761603893146 0.7091608047485352 44
1761603893357 0.7023429274559021 45
1761603893570 0.6984658241271973 46
1761603893779 0.6907227635383606 47
1761603893991 0.7000570893287659 48
1761603894200 0.6909219622612 49
1761603883591 0.9455498456954956 0
