1761466945801 0.5421327352523804 0
1761466946067 0.5950782895088196 1
1761466946392 0.5988068580627441 2
1761466946898 0.6040268540382385 3
1761466947321 0.6055182814598083 4
1761466947751 0.6107382774353027 5
1761466948193 0.6152125000953674 6
1761466948620 0.6159582138061523 7
1761466949036 0.627143919467926 8
1761466949497 0.6301267743110657 9
1761466949913 0.6301267743110657 10
1761466950338 0.6368381977081299 11
1761466950770 0.6435495615005493 12
1761466951223 0.6487695574760437 13
1761466951654 0.6510066986083984 14
1761466952102 0.6569724082946777 15
1761466952549 0.6592095494270325 16
1761466952996 0.6592095494270325 17
1761466953431 0.6621924042701721 18
1761466953799 0.6651752591133118 19
1761466954161 0.6711409687995911 20
1761466954536 0.6748694777488708 21
1761466954950 0.6711409687995911 22
1761466955343 0.6748694777488708 23
1761466955857 0.6793437600135803 24
1761466956342 0.6875466108322144 25
1761466956776 0.6950037479400635 26
1761466957204 0.6875466108322144 27
1761466957641 0.7002236843109131 28
1761466958053 0.6882923245429993 29
1761466958468 0.6942580342292786 30
1761466958775 0.7002236843109131 31
1761466959013 0.7061893939971924 32
1761466959473 0.7002236843109131 33
1761466959878 0.699478030204773 34
1761466960287 0.7054436802864075 35
1761466960806 0.7061893939971924 36
1761466961303 0.7121551036834717 37
1761466961785 0.7024608254432678 38
1761466962209 0.7054436802864075 39
1761466962693 0.718120813369751 40
1761466963163 0.7211036682128906 41
1761466963610 0.7136465311050415 42
1761466963950 0.7188665270805359 43
1761466964365 0.7211036682128906 44
1761466964768 0.7151379585266113 45
1761466965186 0.7285608053207397 46
1761466965543 0.7233408093452454 47
1761466965874 0.7270693778991699 48
1761466966279 0.7330350279808044 49
1761466945801 0.5421327352523804 0
