1761466945801 1.001901388168335 0
1761466946067 0.9212706685066223 1
1761466946392 0.9049579501152039 2
1761466946898 0.8945517539978027 3
1761466947321 0.8833962082862854 4
1761466947751 0.8742335438728333 5
1761466948193 0.8633880019187927 6
1761466948620 0.8528652191162109 7
1761466949036 0.8469752669334412 8
1761466949497 0.8362593054771423 9
1761466949913 0.8264358639717102 10
1761466950338 0.8249218463897705 11
1761466950770 0.8127011656761169 12
1761466951223 0.803949773311615 13
1761466951654 0.7984713912010193 14
1761466952102 0.7873692512512207 15
1761466952549 0.7816587090492249 16
1761466952996 0.7733973264694214 17
1761466953431 0.7747495174407959 18
1761466953799 0.7657660245895386 19
1761466954161 0.7594653367996216 20
1761466954536 0.7526081800460815 21
1761466954950 0.7431175112724304 22
1761466955343 0.7412157654762268 23
1761466955857 0.7332547903060913 24
1761466956342 0.7219427824020386 25
1761466956776 0.715824544429779 26
1761466957204 0.7134618759155273 27
1761466957641 0.703027606010437 28
1761466958053 0.7013697028160095 29
1761466958468 0.6948844790458679 30
1761466958775 0.6947625279426575 31
1761466959013 0.6889716982841492 32
1761466959473 0.6865474581718445 33
1761466959878 0.6784690618515015 34
1761466960287 0.6733524203300476 35
1761466960806 0.6689700484275818 36
1761466961303 0.6632626056671143 37
1761466961785 0.672437310218811 38
1761466962209 0.6620347499847412 39
1761466962693 0.650619626045227 40
1761466963163 0.6482138633728027 41
1761466963610 0.6409932374954224 42
1761466963950 0.6408334374427795 43
1761466964365 0.6434140801429749 44
1761466964768 0.6311138868331909 45
1761466965186 0.6347737908363342 46
1761466965543 0.6176636815071106 47
1761466965874 0.6206763386726379 48
1761466966279 0.6215278506278992 49
1761466945801 1.001901388168335 0
