1761604949180 0.4075743854045868 0
1761604949430 0.47159603238105774 1
1761604949655 0.49864742159843445 2
1761604949879 0.5117222666740417 3
1761604950101 0.5536519289016724 4
1761604950325 0.5671776533126831 5
1761604950552 0.579801619052887 6
1761604950776 0.5757439136505127 7
1761604951014 0.6018936038017273 8
1761604951259 0.6018936038017273 9
1761604951481 0.6262398362159729 10
1761604951705 0.6343552470207214 11
1761604951940 0.6370604038238525 12
1761604952170 0.6456266641616821 13
1761604952388 0.6654644012451172 14
1761604952609 0.675834059715271 15
1761604952828 0.6699729561805725 16
1761604953047 0.6848512291908264 17
1761604953273 0.7046889066696167 18
1761604953494 0.6884580850601196 19
1761604953718 0.7173128724098206 20
1761604953946 0.7159603238105774 21
1761604954171 0.7204688787460327 22
1761604954401 0.726780891418457 23
1761604954634 0.742110013961792 24
1761604954870 0.7348963022232056 25
1761604955098 0.7484220266342163 26
1761604955325 0.7642019987106323 27
1761604955555 0.7623985409736633 28
1761604955780 0.757889986038208 29
1761604956002 0.7691614031791687 30
1761604956231 0.7763751149177551 31
1761604956455 0.7808836698532104 32
1761604956686 0.7790802717208862 33
1761604956915 0.7822362780570984 34
1761604957141 0.7944093942642212 35
1761604957370 0.7858430743217468 36
1761604957603 0.806582510471344 37
1761604957829 0.8137962222099304 38
1761604958063 0.8155996203422546 39
1761604958307 0.8092876672744751 40
1761604958535 0.8250676393508911 41
1761604958765 0.8205590844154358 42
1761604958992 0.8304778933525085 43
1761604959221 0.838142454624176 44
1761604959446 0.8300270438194275 45
1761604959672 0.837691605091095 46
1761604959897 0.8367899060249329 47
1761604960119 0.8336338996887207 48
1761604960347 0.8494138717651367 49
1761604949180 0.4075743854045868 0
