1761464248821 0.47453808784484863 0
1761464249273 0.4993240237236023 1
1761464249702 0.5114916563034058 2
1761464250127 0.5218566656112671 3
1761464250515 0.5313203930854797 4
1761464250903 0.5380802154541016 5
1761464251313 0.5376295447349548 6
1761464251712 0.5511491894721985 7
1761464252120 0.5534024238586426 8
1761464252550 0.5579089522361755 9
1761464252960 0.5529517531394958 10
1761464253376 0.5565569996833801 11
1761464253782 0.5718792080879211 12
1761464254172 0.5799909830093384 13
1761464254566 0.5831455588340759 14
1761464254989 0.5709779262542725 15
1761464255387 0.5804416537284851 16
1761464255774 0.5912573337554932 17
1761464256173 0.5858494639396667 18
1761464256625 0.5948625802993774 19
1761464257005 0.6038756370544434 20
1761464257388 0.602523684501648 21
1761464257786 0.5984677672386169 22
1761464258168 0.6228030920028687 23
1761464258560 0.613789975643158 24
1761464258990 0.6219017505645752 25
1761464259403 0.6210004687309265 26
1761464259804 0.6155925989151001 27
1761464260192 0.6182965040206909 28
1761464260586 0.6376746296882629 29
1761464260984 0.6219017505645752 30
1761464261396 0.6282109022140503 31
1761464261781 0.6579540371894836 32
1761464262153 0.6417304873466492 33
1761464262544 0.6547994613647461 34
1761464262922 0.6430824398994446 35
1761464263314 0.6611086130142212 36
1761464263690 0.6602072715759277 37
1761464264088 0.6557007431983948 38
1761464264476 0.6701216697692871 39
1761464264863 0.6584047079086304 40
1761464265253 0.6584047079086304 41
1761464265663 0.6818386912345886 42
1761464266065 0.6705723404884338 43
1761464266466 0.6800360679626465 44
1761464266871 0.69220370054245 45
1761464267336 0.6849932670593262 46
1761464267800 0.6881478428840637 47
1761464268159 0.6917530298233032 48
1761464268533 0.7084271907806396 49
1761464248821 0.47453808784484863 0
