1761464248821 0.9640097618103027 0
1761464249273 0.9392442107200623 1
1761464249702 0.9373480677604675 2
1761464250127 0.9307976365089417 3
1761464250515 0.922284722328186 4
1761464250903 0.9270712733268738 5
1761464251313 0.9216009974479675 6
1761464251712 0.9076205492019653 7
1761464252120 0.9041503667831421 8
1761464252550 0.8983722925186157 9
1761464252960 0.8987176418304443 10
1761464253376 0.8954654335975647 11
1761464253782 0.8911891579627991 12
1761464254172 0.8872616291046143 13
1761464254566 0.882192850112915 14
1761464254989 0.8721433281898499 15
1761464255387 0.871902346611023 16
1761464255774 0.8654582500457764 17
1761464256173 0.8704909086227417 18
1761464256625 0.8575414419174194 19
1761464257005 0.8508569002151489 20
1761464257388 0.8456677198410034 21
1761464257786 0.8491660952568054 22
1761464258168 0.8298482298851013 23
1761464258560 0.8293664455413818 24
1761464258990 0.8172155618667603 25
1761464259403 0.8257594704627991 26
1761464259804 0.826643705368042 27
1761464260192 0.8160498738288879 28
1761464260586 0.7958846688270569 29
1761464260984 0.7959873080253601 30
1761464261396 0.8062964677810669 31
1761464261781 0.7821750044822693 32
1761464262153 0.7765538692474365 33
1761464262544 0.7763445377349854 34
1761464262922 0.7794013619422913 35
1761464263314 0.770423412322998 36
1761464263690 0.7605018615722656 37
1761464264088 0.770153820514679 38
1761464264476 0.7475273609161377 39
1761464264863 0.7527740597724915 40
1761464265253 0.7420579195022583 41
1761464265663 0.7233626842498779 42
1761464266065 0.7305333614349365 43
1761464266466 0.7219948172569275 44
1761464266871 0.7078076004981995 45
1761464267336 0.7032445669174194 46
1761464267800 0.7056072354316711 47
1761464268159 0.6942940950393677 48
1761464268533 0.6840733885765076 49
1761464248821 0.9640097618103027 0
