1761590091873 1.0381933450698853 0
1761590092153 1.0287216901779175 1
1761590092413 1.0269360542297363 2
1761590092625 1.0287399291992188 3
1761590092837 1.0260756015777588 4
1761590093057 1.0260322093963623 5
1761590093274 1.0266952514648438 6
1761590093555 1.0272538661956787 7
1761590093789 1.028327226638794 8
1761590093999 1.023977518081665 9
1761590094210 1.0251164436340332 10
1761590094443 1.025864601135254 11
1761590094668 1.0233681201934814 12
1761590094930 1.0234702825546265 13
1761590095183 1.024341344833374 14
1761590095508 1.0251569747924805 15
1761590095733 1.0229535102844238 16
1761590095968 1.0222687721252441 17
1761590096190 1.0214349031448364 18
1761590096409 1.0233008861541748 19
1761590096667 1.0215082168579102 20
1761590096949 1.0213735103607178 21
1761590097162 1.023155927658081 22
1761590097380 1.0237231254577637 23
1761590097599 1.0232092142105103 24
1761590097819 1.0206265449523926 25
1761590098037 1.0186306238174438 26
1761590098262 1.0200670957565308 27
1761590098554 1.0224952697753906 28
1761590098792 1.0199439525604248 29
1761590099018 1.0181949138641357 30
1761590099283 1.0172239542007446 31
1761590099560 1.017792820930481 32
1761590099791 1.0176588296890259 33
1761590100008 1.018262267112732 34
1761590100238 1.0166560411453247 35
1761590100456 1.015792727470398 36
1761590100684 1.0140396356582642 37
1761590100907 1.0175036191940308 38
1761590101133 1.0167902708053589 39
1761590101349 1.015395164489746 40
1761590101571 1.014986276626587 41
1761590101790 1.0139883756637573 42
1761590102015 1.0152918100357056 43
1761590102231 1.017763376235962 44
1761590102459 1.011920690536499 45
1761590102677 1.0118144750595093 46
1761590102900 1.0126080513000488 47
1761590103115 1.0130465030670166 48
1761590103340 1.0103172063827515 49
1761590103555 1.0122755765914917 50
1761590103773 1.0131229162216187 51
1761590103984 1.009361743927002 52
1761590104266 1.0098224878311157 53
1761590104479 1.0125218629837036 54
1761590104701 1.0085369348526 55
1761590104919 1.0070841312408447 56
1761590105139 1.0071109533309937 57
1761590105369 1.007267951965332 58
1761590105603 1.0077571868896484 59
1761590105813 1.0068167448043823 60
1761590106029 1.0076395273208618 61
1761590106240 1.0051100254058838 62
1761590106459 1.007279872894287 63
1761590106673 1.0029847621917725 64
1761590106898 1.0040544271469116 65
1761590107113 1.005441665649414 66
1761590107330 1.0057213306427002 67
1761590107550 1.0033107995986938 68
1761590107765 1.002157211303711 69
1761590107985 1.0010979175567627 70
1761590108202 1.0008738040924072 71
1761590108418 1.0011094808578491 72
1761590108633 1.0001744031906128 73
1761590108851 1.0008245706558228 74
1761590109069 0.9995283484458923 75
1761590109292 1.0013152360916138 76
1761590109512 0.9992806911468506 77
1761590109736 0.9990178346633911 78
1761590109962 0.9974911212921143 79
1761590110182 0.9983933568000793 80
1761590110404 1.0003973245620728 81
1761590110620 0.9978243112564087 82
1761590110836 0.9955345988273621 83
1761590111047 0.9953495264053345 84
1761590111307 0.999300479888916 85
1761590111522 0.9942807555198669 86
1761590111743 0.9958844780921936 87
1761590111958 0.9932190179824829 88
1761590112175 0.994834303855896 89
1761590112394 0.99331134557724 90
1761590112614 0.992931067943573 91
1761590112830 0.9946377277374268 92
1761590113048 0.9905183911323547 93
1761590113266 0.9922904372215271 94
1761590113483 0.9915136098861694 95
1761590113698 0.9944387078285217 96
1761590113914 0.9923295974731445 97
1761590114133 0.9918625950813293 98
1761590114351 0.9949125647544861 99
1761590091873 1.0381933450698853 0
