1761466180475 1.1090757846832275 0
1761466181192 1.087999701499939 1
1761466181675 1.0842149257659912 2
1761466182053 1.0853796005249023 3
1761466182438 1.0824341773986816 4
1761466182808 1.0822614431381226 5
1761466183514 1.07810640335083 6
1761466184130 1.078216791152954 7
1761466184630 1.0760992765426636 8
1761466185192 1.0751533508300781 9
1761466185693 1.0762622356414795 10
1761466186278 1.0769450664520264 11
1761466186828 1.0766491889953613 12
1761466187373 1.0745799541473389 13
1761466187977 1.0729334354400635 14
1761466188549 1.0761059522628784 15
1761466189173 1.0769367218017578 16
1761466189699 1.07697331905365 17
1761466190234 1.0720359086990356 18
1761466190778 1.072182536125183 19
1761466191284 1.0707803964614868 20
1761466191771 1.073353886604309 21
1761466192296 1.0733643770217896 22
1761466192855 1.0695091485977173 23
1761466193176 1.069441318511963 24
1761466193731 1.0675476789474487 25
1761466194316 1.0707359313964844 26
1761466194929 1.0670223236083984 27
1761466195511 1.0673604011535645 28
1761466196095 1.0674736499786377 29
1761466196684 1.0664814710617065 30
1761466197335 1.0667524337768555 31
1761466197937 1.0702762603759766 32
1761466198469 1.065988302230835 33
1761466199010 1.0639684200286865 34
1761466199541 1.066670298576355 35
1761466200235 1.065541386604309 36
1761466200773 1.0640705823898315 37
1761466201307 1.06452476978302 38
1761466201908 1.067509651184082 39
1761466202627 1.0677976608276367 40
1761466203211 1.0683132410049438 41
1761466203839 1.061642050743103 42
1761466204472 1.0622788667678833 43
1761466205104 1.0599455833435059 44
1761466205739 1.0619330406188965 45
1761466206355 1.0610918998718262 46
1761466206983 1.059718132019043 47
1761466207559 1.064801573753357 48
1761466208030 1.0610424280166626 49
1761466180475 1.1090757846832275 0
