1761605517235 0.3656447231769562 0
1761605517606 0.3512172996997833 1
1761605517941 0.36474302411079407 2
1761605518317 0.37511271238327026 3
1761605518680 0.395401269197464 4
1761605519116 0.3895401358604431 5
1761605519462 0.39585211873054504 6
1761605519824 0.39765554666519165 7
1761605520252 0.41163209080696106 8
1761605520633 0.4066726863384247 9
1761605520983 0.41118124127388 10
1761605521362 0.4156897962093353 11
1761605521781 0.4215509593486786 12
1761605522181 0.4102795422077179 13
1761605522500 0.4188458025455475 14
1761605522827 0.41839495301246643 15
1761605523171 0.42380523681640625 16
1761605523491 0.4215509593486786 17
1761605523830 0.4206492304801941 18
1761605524254 0.41929665207862854 19
1761605524605 0.4165915250778198 20
1761605524971 0.42019838094711304 21
1761605525338 0.4188458025455475 22
1761605525700 0.4147880971431732 23
1761605526068 0.41929665207862854 24
1761605526425 0.42741209268569946 25
1761605526788 0.426961213350296 26
1761605527194 0.4301172196865082 27
1761605527591 0.4206492304801941 28
1761605528006 0.43146979808807373 29
1761605528366 0.4301172196865082 30
1761605528733 0.41839495301246643 31
1761605529108 0.43237149715423584 32
1761605529475 0.43237149715423584 33
1761605529819 0.43056806921958923 34
1761605530175 0.4278629422187805 35
1761605530544 0.4346257746219635 36
1761605530951 0.4310189485549927 37
1761605531296 0.435527503490448 38
1761605531644 0.4400360584259033 39
1761605532043 0.43778178095817566 40
1761605532405 0.4364292025566101 41
1761605532752 0.4373309314250946 42
1761605533117 0.4382326304912567 43
1761605533502 0.4418394863605499 44
1761605533850 0.4440937638282776 45
1761605534288 0.4418394863605499 46
1761605534697 0.4589720368385315 47
1761605535054 0.4486023485660553 48
1761605535392 0.4458971917629242 49
1761605517235 0.3656447231769562 0
