1761605517235 1.0947723388671875 0
1761605517606 1.1050243377685547 1
1761605517941 1.0950586795806885 2
1761605518317 1.0945665836334229 3
1761605518680 1.0868512392044067 4
1761605519116 1.0927338600158691 5
1761605519462 1.0852984189987183 6
1761605519824 1.0829355716705322 7
1761605520252 1.0819708108901978 8
1761605520633 1.0802297592163086 9
1761605520983 1.0769462585449219 10
1761605521362 1.0760072469711304 11
1761605521781 1.0736076831817627 12
1761605522181 1.0729811191558838 13
1761605522500 1.0753748416900635 14
1761605522827 1.0751453638076782 15
1761605523171 1.0730630159378052 16
1761605523491 1.070937991142273 17
1761605523830 1.0741206407546997 18
1761605524254 1.0720279216766357 19
1761605524605 1.0734690427780151 20
1761605524971 1.0700812339782715 21
1761605525338 1.0683914422988892 22
1761605525700 1.0681473016738892 23
1761605526068 1.0696274042129517 24
1761605526425 1.0669670104980469 25
1761605526788 1.0651745796203613 26
1761605527194 1.065581202507019 27
1761605527591 1.0686944723129272 28
1761605528006 1.0667436122894287 29
1761605528366 1.0632091760635376 30
1761605528733 1.064229130744934 31
1761605529108 1.0634020566940308 32
1761605529475 1.061198115348816 33
1761605529819 1.060192584991455 34
1761605530175 1.06037175655365 35
1761605530544 1.0595965385437012 36
1761605530951 1.0648093223571777 37
1761605531296 1.057859182357788 38
1761605531644 1.054823875427246 39
1761605532043 1.0560604333877563 40
1761605532405 1.0523078441619873 41
1761605532752 1.053789496421814 42
1761605533117 1.0535577535629272 43
1761605533502 1.0484967231750488 44
1761605533850 1.050439715385437 45
1761605534288 1.045830488204956 46
1761605534697 1.0444391965866089 47
1761605535054 1.0444343090057373 48
1761605535392 1.0413122177124023 49
1761605517235 1.0947723388671875 0
