1761585581040 0.5477908253669739 0
1761585581492 0.5671776533126831 1
1761585581862 0.5694319009780884 2
1761585582240 0.5996392965316772 3
1761585582599 0.5937781929969788 4
1761585582977 0.6122633218765259 5
1761585583357 0.6163210272789001 6
1761585583725 0.5964832901954651 7
1761585584103 0.6379621028900146 8
1761585584474 0.6415689587593079 9
1761585584848 0.6641117930412292 10
1761585585227 0.67763751745224 11
1761585585597 0.67763751745224 12
1761585585971 0.6789900660514832 13
1761585586343 0.6893597841262817 14
1761585586699 0.6988277435302734 15
1761585587069 0.7037872076034546 16
1761585587441 0.7132551670074463 17
1761585587814 0.7137060165405273 18
1761585588190 0.726780891418457 19
1761585588558 0.7497745752334595 20
1761585588928 0.7479711174964905 21
1761585589302 0.7479711174964905 22
1761585589672 0.7439134120941162 23
1761585590043 0.7520288825035095 24
1761585590415 0.7524797320365906 25
1761585590785 0.7610459923744202 26
1761585591157 0.7696122527122498 27
1761585591522 0.773669958114624 28
1761585591898 0.7781785130500793 29
1761585592272 0.7799819707870483 30
1761585592641 0.7876465320587158 31
1761585593010 0.7880973815917969 32
1761585593391 0.7899008393287659 33
1761585593760 0.790802538394928 34
1761585594136 0.8115419149398804 35
1761585594510 0.807033360004425 36
1761585594884 0.8029756546020508 37
1761585595261 0.8115419149398804 38
1761585595634 0.8124436140060425 39
1761585596005 0.8101893663406372 40
1761585596385 0.8169522285461426 41
1761585596761 0.8124436140060425 42
1761585597155 0.8183047771453857 43
1761585597541 0.8300270438194275 44
1761585597921 0.8255184888839722 45
1761585598293 0.8372407555580139 46
1761585598665 0.8367899060249329 47
1761585599038 0.8309287428855896 48
1761585599412 0.8390442132949829 49
1761585599781 0.8431019186973572 50
1761585600156 0.8431019186973572 51
1761585600525 0.8444544672966003 52
1761585600896 0.8494138717651367 53
1761585601278 0.839945912361145 54
1761585601647 0.8512173295021057 55
1761585602019 0.8584310412406921 56
1761585602400 0.8467087745666504 57
1761585602775 0.8485121726989746 58
1761585603192 0.8597835898399353 59
1761585603562 0.8683498501777649 60
1761585603934 0.8674481511116028 61
1761585604309 0.8751127123832703 62
1761585604680 0.8665464520454407 63
1761585605056 0.8769161701202393 64
1761585605424 0.8683498501777649 65
1761585605798 0.8561767339706421 66
1761585606167 0.8588818907737732 67
1761585606541 0.8633904457092285 68
1761585606918 0.8877366781234741 69
1761585607286 0.8665464520454407 70
1761585607663 0.871505856513977 71
1761585608036 0.8805229663848877 72
1761585608411 0.8881875276565552 73
1761585608784 0.8850315809249878 74
1761585609139 0.8751127123832703 75
1761585609514 0.8877366781234741 76
1761585609889 0.8944995403289795 77
1761585610258 0.8931469917297363 78
1761585610628 0.8994589447975159 79
1761585611004 0.8751127123832703 80
1761585611378 0.8954012393951416 81
1761585611744 0.8976555466651917 82
1761585612123 0.8985572457313538 83
1761585612505 0.8994589447975159 84
1761585612889 0.8899909853935242 85
1761585613258 0.8935978412628174 86
1761585613632 0.8972046971321106 87
1761585614001 0.9048692584037781 88
1761585614373 0.8940486907958984 89
1761585614748 0.9017132520675659 90
1761585615122 0.9062218070030212 91
1761585615491 0.9170423746109009 92
1761585615862 0.9125338196754456 93
1761585616232 0.8981063961982727 94
1761585616601 0.904418408870697 95
1761585616975 0.9116321206092834 96
1761585617348 0.9147881269454956 97
1761585617723 0.9165915250778198 98
1761585618095 0.9138863682746887 99
1761585581040 0.5477908253669739 0
