1761585581040 0.8607355952262878 0
1761585581492 0.8418221473693848 1
1761585581862 0.831850528717041 2
1761585582240 0.8165208697319031 3
1761585582599 0.8149338960647583 4
1761585582977 0.8063753843307495 5
1761585583357 0.8018690943717957 6
1761585583725 0.8006526231765747 7
1761585584103 0.7790856957435608 8
1761585584474 0.76545649766922 9
1761585584848 0.7507311701774597 10
1761585585227 0.7367554306983948 11
1761585585597 0.7274646162986755 12
1761585585971 0.7129859924316406 13
1761585586343 0.6985507011413574 14
1761585586699 0.6858064532279968 15
1761585587069 0.6743443012237549 16
1761585587441 0.6633054614067078 17
1761585587814 0.6539886593818665 18
1761585588190 0.6352861523628235 19
1761585588558 0.6196198463439941 20
1761585588928 0.6108065843582153 21
1761585589302 0.6083132028579712 22
1761585589672 0.6074910759925842 23
1761585590043 0.5968121290206909 24
1761585590415 0.5912388563156128 25
1761585590785 0.578556478023529 26
1761585591157 0.5653688311576843 27
1761585591522 0.5477355718612671 28
1761585591898 0.5414915084838867 29
1761585592272 0.5343620181083679 30
1761585592641 0.5227970480918884 31
1761585593010 0.5273180603981018 32
1761585593391 0.5194501280784607 33
1761585593760 0.5055812001228333 34
1761585594136 0.48810121417045593 35
1761585594510 0.4871470630168915 36
1761585594884 0.47775954008102417 37
1761585595261 0.4845413863658905 38
1761585595634 0.46756720542907715 39
1761585596005 0.46732527017593384 40
1761585596385 0.46297159790992737 41
1761585596761 0.45812612771987915 42
1761585597155 0.4380949139595032 43
1761585597541 0.4320160150527954 44
1761585597921 0.43136849999427795 45
1761585598293 0.42194664478302 46
1761585598665 0.422050416469574 47
1761585599038 0.4207742512226105 48
1761585599412 0.4019770324230194 49
1761585599781 0.3994150459766388 50
1761585600156 0.3993777334690094 51
1761585600525 0.3855292499065399 52
1761585600896 0.37575528025627136 53
1761585601278 0.3811008036136627 54
1761585601647 0.3832257390022278 55
1761585602019 0.36255988478660583 56
1761585602400 0.3751213252544403 57
1761585602775 0.37334468960762024 58
1761585603192 0.37271636724472046 59
1761585603562 0.34520605206489563 60
1761585603934 0.33741191029548645 61
1761585604309 0.342974454164505 62
1761585604680 0.32475095987319946 63
1761585605056 0.3294181227684021 64
1761585605424 0.329027384519577 65
1761585605798 0.3473893404006958 66
1761585606167 0.34800949692726135 67
1761585606541 0.33161309361457825 68
1761585606918 0.2997969090938568 69
1761585607286 0.3226184546947479 70
1761585607663 0.3216288983821869 71
1761585608036 0.2942405045032501 72
1761585608411 0.29806652665138245 73
1761585608784 0.28598809242248535 74
1761585609139 0.31648778915405273 75
1761585609514 0.2830348312854767 76
1761585609889 0.2807421386241913 77
1761585610258 0.27284371852874756 78
1761585610628 0.25981953740119934 79
1761585611004 0.31223806738853455 80
1761585611378 0.2697294056415558 81
1761585611744 0.25969770550727844 82
1761585612123 0.26530975103378296 83
1761585612505 0.25818338990211487 84
1761585612889 0.26507768034935 85
1761585613258 0.2540075480937958 86
1761585613632 0.26262640953063965 87
1761585614001 0.24269375205039978 88
1761585614373 0.2519010007381439 89
1761585614748 0.23834848403930664 90
1761585615122 0.24097603559494019 91
1761585615491 0.21779987215995789 92
1761585615862 0.2271648645401001 93
1761585616232 0.26694172620773315 94
1761585616601 0.23581227660179138 95
1761585616975 0.23977215588092804 96
1761585617348 0.2242530733346939 97
1761585617723 0.21231554448604584 98
1761585618095 0.2271287888288498 99
1761585581040 0.8607355952262878 0
