1761463030574 0.5534024238586426 0
1761463032302 0.5669220089912415 1
1761463033850 0.5637674331665039 2
1761463035334 0.5615141987800598 3
1761463036787 0.563316822052002 4
1761463038415 0.5691753029823303 5
1761463039862 0.5678233504295349 6
1761463041326 0.5682740211486816 7
1761463042776 0.5750337839126587 8
1761463044530 0.569625973701477 9
1761463046036 0.5863001346588135 10
1761463047629 0.6011716723442078 11
1761463049350 0.5962145328521729 12
1761463050970 0.5984677672386169 13
1761463052483 0.604776918888092 14
1761463053957 0.6007210612297058 15
1761463055802 0.6083821654319763 16
1761463057303 0.6228030920028687 17
1761463058800 0.6327174305915833 18
1761463060326 0.6295628547668457 19
1761463062099 0.643983781337738 20
1761463063630 0.6403785347938538 21
1761463065076 0.6453357338905334 22
1761463066714 0.6543487906455994 23
1761463068281 0.6660658121109009 24
1761463069854 0.6940063238143921 25
1761463071368 0.687697172164917 26
1761463073048 0.6953582763671875 27
1761463074556 0.694456934928894 28
1761463076045 0.7025687098503113 29
1761463077566 0.7124831080436707 30
1761463079216 0.7192429304122925 31
1761463080742 0.7318611741065979 32
1761463082218 0.7413249015808105 33
1761463083930 0.7453808188438416 34
1761463085447 0.7543938755989075 35
1761463086919 0.7661108374595642 36
1761463088439 0.7543938755989075 37
1761463090112 0.7823343873023987 38
1761463092512 0.7688148021697998 39
1761463093979 0.8026137948036194 40
1761463095660 0.801261842250824 41
1761463097211 0.8017124533653259 42
1761463098725 0.8129788041114807 43
1761463100205 0.8174853324890137 44
1761463101963 0.8323569297790527 45
1761463103460 0.816584050655365 46
1761463104925 0.8328076004981995 47
1761463106467 0.8269490599632263 48
1761463108081 0.8494817614555359 49
1761463030574 0.5534024238586426 0
