1761463030574 0.990044891834259 0
1761463032302 0.9644055366516113 1
1761463033850 0.9533703327178955 2
1761463035334 0.947536051273346 3
1761463036787 0.9442467093467712 4
1761463038415 0.9303010702133179 5
1761463039862 0.9319559335708618 6
1761463041326 0.921221911907196 7
1761463042776 0.9150698184967041 8
1761463044530 0.903523862361908 9
1761463046036 0.8960482478141785 10
1761463047629 0.885409414768219 11
1761463049350 0.8726528882980347 12
1761463050970 0.8724560141563416 13
1761463052483 0.8697463870048523 14
1761463053957 0.8608200550079346 15
1761463055802 0.8444977402687073 16
1761463057303 0.8291065096855164 17
1761463058800 0.8146712183952332 18
1761463060326 0.8092579245567322 19
1761463062099 0.7893778681755066 20
1761463063630 0.7848551869392395 21
1761463065076 0.7725354433059692 22
1761463066714 0.7664048075675964 23
1761463068281 0.7407194375991821 24
1761463069854 0.7263985872268677 25
1761463071368 0.7145019769668579 26
1761463073048 0.7084040641784668 27
1761463074556 0.685486376285553 28
1761463076045 0.6681575775146484 29
1761463077566 0.649924635887146 30
1761463079216 0.6290572881698608 31
1761463080742 0.6068608164787292 32
1761463082218 0.5962547063827515 33
1761463083930 0.5838442444801331 34
1761463085447 0.5653908252716064 35
1761463086919 0.5374002456665039 36
1761463088439 0.5349539518356323 37
1761463090112 0.5103209614753723 38
1761463092512 0.5156609416007996 39
1761463093979 0.47149473428726196 40
1761463095660 0.45776501297950745 41
1761463097211 0.45489394664764404 42
1761463098725 0.43132683634757996 43
1761463100205 0.4233275353908539 44
1761463101963 0.40543463826179504 45
1761463103460 0.4098818898200989 46
1761463104925 0.3885449767112732 47
1761463106467 0.39833009243011475 48
1761463108081 0.3478936553001404 49
1761463030574 0.990044891834259 0
