1761522816723 0.5232086777687073 0
1761522819103 0.5322217345237732 1
1761522821336 0.5525011420249939 2
1761522823873 0.5642181038856506 3
1761522826218 0.5610635280609131 4
1761522828650 0.5804416537284851 5
1761522830853 0.6020730137825012 6
1761522833091 0.6061288714408875 7
1761522835724 0.6115367412567139 8
1761522838176 0.6349707245826721 9
1761522840418 0.628661572933197 10
1761522842751 0.63316810131073 11
1761522845352 0.6498422622680664 12
1761522847522 0.6363226771354675 13
1761522849952 0.6498422622680664 14
1761522851329 0.6552501320838928 15
1761522852601 0.6710230112075806 16
1761522854078 0.6687697172164917 17
1761522856285 0.6845425963401794 18
1761522857900 0.6908517479896545 19
1761522859217 0.6958089470863342 20
1761522861226 0.698512852191925 21
1761522863641 0.7016674280166626 22
1761522865183 0.7034700512886047 23
1761522866979 0.7251014113426208 24
1761522868622 0.7251014113426208 25
1761522869968 0.726904034614563 26
1761522871321 0.7332131862640381 27
1761522872703 0.7323118448257446 28
1761522874027 0.7395222783088684 29
1761522875244 0.742676854133606 30
1761522876767 0.7566471099853516 31
1761522878383 0.762054979801178 32
1761522879978 0.7710680365562439 33
1761522881434 0.7638576030731201 34
1761522882841 0.7629562616348267 35
1761522884376 0.7737719416618347 36
1761522885724 0.7800810933113098 37
1761522887193 0.7854889631271362 38
1761522888596 0.785939633846283 39
1761522890229 0.8039657473564148 40
1761522891444 0.8003605008125305 41
1761522893060 0.8111761808395386 42
1761522894423 0.8170347213745117 43
1761522895967 0.8030644655227661 44
1761522897416 0.821090579032898 45
1761522898909 0.8264984488487244 46
1761522900225 0.8301036357879639 47
1761522901697 0.84046870470047 48
1761522903607 0.8332582116127014 49
1761522816723 0.5232086777687073 0
