1761522816723 0.9223467111587524 0
1761522819103 0.8983999490737915 1
1761522821336 0.8945650458335876 2
1761522823873 0.8828771114349365 3
1761522826218 0.8787575364112854 4
1761522828650 0.8677560687065125 5
1761522830853 0.8521015644073486 6
1761522833091 0.850512683391571 7
1761522835724 0.8357797265052795 8
1761522838176 0.8199059367179871 9
1761522840418 0.8163638114929199 10
1761522842751 0.8079951405525208 11
1761522845352 0.7881926894187927 12
1761522847522 0.7884768843650818 13
1761522849952 0.7804931998252869 14
1761522851329 0.7604724168777466 15
1761522852601 0.7544896006584167 16
1761522854078 0.7464631795883179 17
1761522856285 0.7264237999916077 18
1761522857900 0.7103936076164246 19
1761522859217 0.7115371823310852 20
1761522861226 0.6816869974136353 21
1761522863641 0.6818360090255737 22
1761522865183 0.6722854375839233 23
1761522866979 0.6462661623954773 24
1761522868622 0.6453392505645752 25
1761522869968 0.6217789053916931 26
1761522871321 0.6287851929664612 27
1761522872703 0.6214944124221802 28
1761522874027 0.596479058265686 29
1761522875244 0.6023063063621521 30
1761522876767 0.5552259087562561 31
1761522878383 0.5641151666641235 32
1761522879978 0.5298030376434326 33
1761522881434 0.5518377423286438 34
1761522882841 0.5325362682342529 35
1761522884376 0.5275749564170837 36
1761522885724 0.5026494860649109 37
1761522887193 0.5056502819061279 38
1761522888596 0.49203264713287354 39
1761522890229 0.4605978727340698 40
1761522891444 0.4636225402355194 41
1761522893060 0.4581526815891266 42
1761522894423 0.44071707129478455 43
1761522895967 0.4517306387424469 44
1761522897416 0.4169311225414276 45
1761522898909 0.4135757088661194 46
1761522900225 0.4051574468612671 47
1761522901697 0.3772190511226654 48
1761522903607 0.38484707474708557 49
1761522816723 0.9223467111587524 0
