1761465476606 0.3934204578399658 0
1761465476911 0.4411897361278534 1
1761465477149 0.45200541615486145 2
1761465477372 0.4578638970851898 3
1761465477680 0.45921584963798523 4
1761465477896 0.4641730487346649 5
1761465478119 0.4740874171257019 6
1761465478337 0.48355114459991455 7
1761465478557 0.47724199295043945 8
1761465478775 0.47949525713920593 9
1761465479003 0.49211356043815613 10
1761465479291 0.4984227120876312 11
1761465479541 0.5087877511978149 12
1761465479784 0.511040985584259 13
1761465480034 0.5214060544967651 14
1761465480272 0.5205047130584717 15
1761465480516 0.5254619121551514 16
1761465480748 0.5263632535934448 17
1761465480968 0.5299684405326843 18
1761465481195 0.539432168006897 19
1761465481429 0.5412347912788391 20
1761465481654 0.5493465662002563 21
1761465481879 0.5624154806137085 22
1761465482103 0.5529517531394958 23
1761465482332 0.550247848033905 24
1761465482557 0.5727805495262146 25
1761465482771 0.5687246322631836 26
1761465482985 0.5669220089912415 27
1761465483215 0.5687246322631836 28
1761465483434 0.5817936062812805 29
1761465483660 0.593961238861084 30
1761465483880 0.5849481821060181 31
1761465484101 0.5858494639396667 32
1761465484330 0.5966651439666748 33
1761465484604 0.5890040397644043 34
1761465484881 0.5966651439666748 35
1761465485127 0.5957638621330261 36
1761465485355 0.6029742956161499 37
1761465485596 0.6011716723442078 38
1761465485840 0.6191978454589844 39
1761465486070 0.6101847887039185 40
1761465486297 0.6070302128791809 41
1761465486526 0.6219017505645752 42
1761465486752 0.6106353998184204 43
1761465486975 0.6182965040206909 44
1761465487205 0.6219017505645752 45
1761465487433 0.6214510798454285 46
1761465487674 0.6228030920028687 47
1761465487897 0.6318161487579346 48
1761465488160 0.6318161487579346 49
1761465476606 0.3934204578399658 0
