1761465476606 1.0847387313842773 0
1761465476911 1.0634766817092896 1
1761465477149 1.0534641742706299 2
1761465477372 1.046751856803894 3
1761465477680 1.043194055557251 4
1761465477896 1.0338943004608154 5
1761465478119 1.0251339673995972 6
1761465478337 1.0236209630966187 7
1761465478557 1.0196682214736938 8
1761465478775 1.0147205591201782 9
1761465479003 1.0079057216644287 10
1761465479291 1.0007585287094116 11
1761465479541 0.996185839176178 12
1761465479784 0.9893341660499573 13
1761465480034 0.9852449297904968 14
1761465480272 0.9802918434143066 15
1761465480516 0.9694970846176147 16
1761465480748 0.9679902791976929 17
1761465480968 0.9636441469192505 18
1761465481195 0.9578268527984619 19
1761465481429 0.9496685266494751 20
1761465481654 0.9480900168418884 21
1761465481879 0.9394859075546265 22
1761465482103 0.9380911588668823 23
1761465482332 0.9321750998497009 24
1761465482557 0.9275383949279785 25
1761465482771 0.925208568572998 26
1761465482985 0.9142537117004395 27
1761465483215 0.9140727519989014 28
1761465483434 0.9086294174194336 29
1761465483660 0.9003337621688843 30
1761465483880 0.8989599347114563 31
1761465484101 0.9001449346542358 32
1761465484330 0.8923300504684448 33
1761465484604 0.8874966502189636 34
1761465484881 0.8766024112701416 35
1761465485127 0.8799249529838562 36
1761465485355 0.8755497932434082 37
1761465485596 0.8671954870223999 38
1761465485840 0.867196798324585 39
1761465486070 0.8638746738433838 40
1761465486297 0.8615873456001282 41
1761465486526 0.8509525060653687 42
1761465486752 0.8469384908676147 43
1761465486975 0.8432842493057251 44
1761465487205 0.839226484298706 45
1761465487433 0.8453670740127563 46
1761465487674 0.8379587531089783 47
1761465487897 0.8346709609031677 48
1761465488160 0.8277449011802673 49
1761465476606 1.0847387313842773 0
