1761468174209 0.5018642544746399 0
1761468174588 0.5480984449386597 1
1761468175009 0.5719612240791321 2
1761468175239 0.5883668661117554 3
1761468175556 0.5920954346656799 4
1761468176052 0.6017897129058838 5
1761468176501 0.6025354266166687 6
1761468176949 0.6047725677490234 7
1761468177392 0.6159582138061523 8
1761468177814 0.6167039275169373 9
1761468178281 0.6167039275169373 10
1761468178709 0.6167039275169373 11
1761468179115 0.6152125000953674 12
1761468179537 0.6286353468894958 13
1761468179986 0.6331096291542053 14
1761468180457 0.6316182017326355 15
1761468180909 0.627143919467926 16
1761468181308 0.6383296251296997 17
1761468181713 0.6495152711868286 18
1761468182182 0.6562266945838928 19
1761468182649 0.6524981260299683 20
1761468183104 0.6607009768486023 21
1761468183570 0.6607009768486023 22
1761468184021 0.6569724082946777 23
1761468184417 0.6614466905593872 24
1761468184827 0.6711409687995911 25
1761468185205 0.6592095494270325 26
1761468185699 0.6748694777488708 27
1761468185930 0.6703952550888062 28
1761468186128 0.6711409687995911 29
1761468186512 0.6793437600135803 30
1761468186840 0.662938117980957 31
1761468187239 0.6644295454025269 32
1761468187593 0.6748694777488708 33
1761468187795 0.6808351874351501 34
1761468188074 0.6882923245429993 35
1761468188412 0.6830723285675049 36
1761468188711 0.6800894737243652 37
1761468189155 0.6950037479400635 38
1761468189594 0.6778523325920105 39
1761468190019 0.7002236843109131 40
1761468190472 0.6957494616508484 41
1761468190910 0.6979866027832031 42
1761468191317 0.699478030204773 43
1761468191677 0.7069351077079773 44
1761468192065 0.6942580342292786 45
1761468192405 0.7069351077079773 46
1761468192869 0.7084265351295471 47
1761468193280 0.7114093899726868 48
1761468193692 0.7002236843109131 49
1761468174209 0.5018642544746399 0
