1761468174209 1.0109753608703613 0
1761468174588 0.9586597681045532 1
1761468175009 0.9414665102958679 2
1761468175239 0.9259447455406189 3
1761468175556 0.9220676422119141 4
1761468176052 0.905225932598114 5
1761468176501 0.8966522216796875 6
1761468176949 0.8888326287269592 7
1761468177392 0.8805956840515137 8
1761468177814 0.8728042840957642 9
1761468178281 0.8643056154251099 10
1761468178709 0.8586540222167969 11
1761468179115 0.8632277250289917 12
1761468179537 0.8555176258087158 13
1761468179986 0.8362627625465393 14
1761468180457 0.8332471251487732 15
1761468180909 0.8321959972381592 16
1761468181308 0.8213082551956177 17
1761468181713 0.815967857837677 18
1761468182182 0.8067804574966431 19
1761468182649 0.8128796219825745 20
1761468183104 0.8008204102516174 21
1761468183570 0.7977226376533508 22
1761468184021 0.7962399125099182 23
1761468184417 0.7832592129707336 24
1761468184827 0.7840406894683838 25
1761468185205 0.782494843006134 26
1761468185699 0.7728292346000671 27
1761468185930 0.7708752155303955 28
1761468186128 0.7685096263885498 29
1761468186512 0.761420726776123 30
1761468186840 0.7702236175537109 31
1761468187239 0.7584633827209473 32
1761468187593 0.7656455039978027 33
1761468187795 0.7534071803092957 34
1761468188074 0.7437472343444824 35
1761468188412 0.7396289706230164 36
1761468188711 0.7434455156326294 37
1761468189155 0.734272837638855 38
1761468189594 0.7303205728530884 39
1761468190019 0.7269909977912903 40
1761468190472 0.7259928584098816 41
1761468190910 0.7208655476570129 42
1761468191317 0.7122163772583008 43
1761468191677 0.7118039727210999 44
1761468192065 0.7099095582962036 45
1761468192405 0.7017182111740112 46
1761468192869 0.7056264877319336 47
1761468193280 0.7032502293586731 48
1761468193692 0.6995329856872559 49
1761468174209 1.0109753608703613 0
