1761606593356 0.5076645612716675 0
1761606593599 0.53291255235672 1
1761606593812 0.5342651009559631 2
1761606594026 0.5577096343040466 3
1761606594238 0.5599639415740967 4
1761606594453 0.5775473117828369 5
1761606594668 0.5843101739883423 6
1761606594881 0.5897204875946045 7
1761606595099 0.6068530082702637 8
1761606595310 0.6086564660072327 9
1761606595523 0.6217312812805176 10
1761606595739 0.628944993019104 11
1761606595953 0.6343552470207214 12
1761606596176 0.6375112533569336 13
1761606596396 0.646528422832489 14
1761606596611 0.6546438336372375 15
1761606596827 0.6568980813026428 16
1761606597045 0.6632100939750671 17
1761606597270 0.6740306615829468 18
1761606597485 0.6713255047798157 19
1761606597698 0.6857529282569885 20
1761606597912 0.6807935237884521 21
1761606598124 0.6807935237884521 22
1761606598336 0.6893597841262817 23
1761606598564 0.7037872076034546 24
1761606598780 0.7010820508003235 25
1761606598995 0.6965734958648682 26
1761606599207 0.7024345993995667 27
1761606599413 0.7137060165405273 28
1761606599630 0.7123534679412842 29
1761606599849 0.7060414552688599 30
1761606600057 0.7222723364830017 31
1761606600267 0.7191163301467896 32
1761606600485 0.7164111733436584 33
1761606600701 0.7290351390838623 34
1761606600927 0.724526584148407 35
1761606601139 0.7339946031570435 36
1761606601351 0.7236248850822449 37
1761606601567 0.7294860482215881 38
1761606601779 0.7394048571586609 39
1761606602003 0.7398557066917419 40
1761606602223 0.7466185688972473 41
1761606602426 0.7493237257003784 42
1761606602632 0.7416591644287109 43
1761606602847 0.7466185688972473 44
1761606603063 0.7542831301689148 45
1761606603297 0.7502254247665405 46
1761606603506 0.755635678768158 47
1761606603717 0.7524797320365906 48
1761606603925 0.7533814311027527 49
1761606593356 0.5076645612716675 0
