1761514986495 0.46822893619537354 0
1761514986732 0.5119423270225525 1
1761514986971 0.5047318339347839 2
1761514987186 0.5380802154541016 3
1761514987401 0.5209553837776184 4
1761514987621 0.5340243577957153 5
1761514987834 0.5223073363304138 6
1761514988051 0.5520504713058472 7
1761514988271 0.5493465662002563 8
1761514988487 0.5488958954811096 9
1761514988705 0.5538530945777893 10
1761514988924 0.5538530945777893 11
1761514989141 0.5579089522361755 12
1761514989359 0.5506985187530518 13
1761514989573 0.5552050471305847 14
1761514989792 0.5723298788070679 15
1761514990011 0.569625973701477 16
1761514990232 0.569625973701477 17
1761514990445 0.5583596229553223 18
1761514990657 0.5597115755081177 19
1761514990873 0.569625973701477 20
1761514991091 0.5750337839126587 21
1761514991303 0.5660207271575928 22
1761514991516 0.5727805495262146 23
1761514991728 0.5678233504295349 24
1761514991945 0.565570056438446 25
1761514992157 0.5723298788070679 26
1761514992383 0.5570076704025269 27
1761514992588 0.569625973701477 28
1761514992798 0.5727805495262146 29
1761514993015 0.569625973701477 30
1761514993230 0.5754844546318054 31
1761514993444 0.5718792080879211 32
1761514993659 0.5470932722091675 33
1761514993879 0.570076584815979 34
1761514994095 0.5777377486228943 35
1761514994311 0.5763857364654541 36
1761514994517 0.5835962295532227 37
1761514994726 0.5642181038856506 38
1761514994941 0.5745831727981567 39
1761514995155 0.5817936062812805 40
1761514995367 0.578639030456543 41
1761514995577 0.5790897011756897 42
1761514995843 0.5813429355621338 43
1761514996051 0.5908066630363464 44
1761514996264 0.5826948881149292 45
1761514996479 0.5813429355621338 46
1761514996680 0.578639030456543 47
1761514996894 0.5822442770004272 48
1761514997109 0.578639030456543 49
1761514986495 0.46822893619537354 0
