1761514986495 0.8733417391777039 0
1761514986732 0.8640502095222473 1
1761514986971 0.8631542921066284 2
1761514987186 0.8583428859710693 3
1761514987401 0.8578218817710876 4
1761514987621 0.8530218005180359 5
1761514987834 0.8573030233383179 6
1761514988051 0.8504323959350586 7
1761514988271 0.8500804901123047 8
1761514988487 0.8495246171951294 9
1761514988705 0.8491381406784058 10
1761514988924 0.8496795296669006 11
1761514989141 0.8468353748321533 12
1761514989359 0.8475462794303894 13
1761514989573 0.8456723093986511 14
1761514989792 0.8444772362709045 15
1761514990011 0.8452957272529602 16
1761514990232 0.8440802097320557 17
1761514990445 0.8452866673469543 18
1761514990657 0.8414387702941895 19
1761514990873 0.8404980897903442 20
1761514991091 0.8410362601280212 21
1761514991303 0.8432374596595764 22
1761514991516 0.8396229147911072 23
1761514991728 0.8395694494247437 24
1761514991945 0.8390440344810486 25
1761514992157 0.8388687372207642 26
1761514992383 0.8424707651138306 27
1761514992588 0.8406016230583191 28
1761514992798 0.8377606272697449 29
1761514993015 0.8375988602638245 30
1761514993230 0.8378868699073792 31
1761514993444 0.8353078365325928 32
1761514993659 0.8460924625396729 33
1761514993879 0.8331910371780396 34
1761514994095 0.8327017426490784 35
1761514994311 0.8307350873947144 36
1761514994517 0.831122875213623 37
1761514994726 0.8332712650299072 38
1761514994941 0.8368166089057922 39
1761514995155 0.8315693736076355 40
1761514995367 0.8301609754562378 41
1761514995577 0.830612063407898 42
1761514995843 0.8280425667762756 43
1761514996051 0.8262283802032471 44
1761514996264 0.8301525712013245 45
1761514996479 0.8287128806114197 46
1761514996680 0.8291494846343994 47
1761514996894 0.8270295262336731 48
1761514997109 0.8263936042785645 49
1761514986495 0.8733417391777039 0
