1761605649453 0.42380523681640625 0
1761605649745 0.40712353587150574 1
1761605649981 0.41839495301246643 2
1761605650221 0.4251577854156494 3
1761605650443 0.43597835302352905 4
1761605650665 0.43507665395736694 5
1761605650887 0.44364291429519653 6
1761605651107 0.459873765707016 7
1761605651340 0.4607754647731781 8
1761605651599 0.47069433331489563 9
1761605651849 0.46212804317474365 10
1761605652074 0.45671775937080383 11
1761605652303 0.49323713779449463 12
1761605652529 0.49188458919525146 13
1761605652750 0.4941388666629791 14
1761605652981 0.49504056572914124 15
1761605653201 0.5112714171409607 16
1761605653467 0.5229936838150024 17
1761605653707 0.5166816711425781 18
1761605653931 0.5130748152732849 19
1761605654155 0.5275022387504578 20
1761605654373 0.5306582450866699 21
1761605654594 0.5392245054244995 22
1761605654815 0.5387736558914185 23
1761605655037 0.548692524433136 24
1761605655257 0.5342651009559631 25
1761605655477 0.546889066696167 26
1761605655700 0.5595130920410156 27
1761605655919 0.5536519289016724 28
1761605656133 0.5590622425079346 29
1761605656354 0.5662758946418762 30
1761605656574 0.5779982209205627 31
1761605656793 0.5414788126945496 32
1761605657016 0.582055926322937 33
1761605657238 0.5852118730545044 34
1761605657466 0.5924255847930908 35
1761605657691 0.5847610235214233 36
1761605657914 0.6014427542686462 37
1761605658134 0.6077547073364258 38
1761605658364 0.6077547073364258 39
1761605658585 0.6082056164741516 40
1761605658818 0.6158701777458191 41
1761605659048 0.6185752749443054 42
1761605659267 0.6163210272789001 43
1761605659487 0.6275924444198608 44
1761605659709 0.6262398362159729 45
1761605659924 0.6433724164962769 46
1761605660150 0.6375112533569336 47
1761605660373 0.6501352787017822 48
1761605660595 0.6501352787017822 49
1761605649453 0.42380523681640625 0
