1761464793702 1.0293313264846802 0
1761464794062 1.0015037059783936 1
1761464794311 1.0024094581604004 2
1761464794538 0.9980612993240356 3
1761464794901 0.9989361763000488 4
1761464795154 1.0001851320266724 5
1761464795365 0.9997285604476929 6
1761464795587 0.9994421601295471 7
1761464795821 0.9971204996109009 8
1761464796035 0.9959756135940552 9
1761464796249 0.9950405955314636 10
1761464796470 0.9939799904823303 11
1761464796694 0.9965163469314575 12
1761464796920 0.9969921708106995 13
1761464797149 0.995333731174469 14
1761464797358 0.9937881231307983 15
1761464797577 0.993499755859375 16
1761464797787 0.9916046857833862 17
1761464798006 0.9922240376472473 18
1761464798230 0.9925833344459534 19
1761464798441 0.9925789833068848 20
1761464798661 0.9901173114776611 21
1761464798881 0.991085410118103 22
1761464799114 0.993019700050354 23
1761464799333 0.9908416867256165 24
1761464799566 0.9898939728736877 25
1761464799795 0.9937145113945007 26
1761464800008 0.9932253360748291 27
1761464800218 0.9916964769363403 28
1761464800440 0.9920567870140076 29
1761464800667 0.9899207949638367 30
1761464800897 0.9907408356666565 31
1761464801118 0.9910171031951904 32
1761464801352 0.9877238869667053 33
1761464801576 0.9902476668357849 34
1761464801800 0.9891947507858276 35
1761464802023 0.9897657632827759 36
1761464802237 0.9888792037963867 37
1761464802459 0.9887123107910156 38
1761464802685 0.9890190362930298 39
1761464802901 0.9918776750564575 40
1761464803116 0.9907186031341553 41
1761464803333 0.9855344295501709 42
1761464803564 0.989978551864624 43
1761464803795 0.9863612651824951 44
1761464804023 0.987318754196167 45
1761464804239 0.9877354502677917 46
1761464804467 0.9876669645309448 47
1761464804690 0.9863672852516174 48
1761464804915 0.9853203296661377 49
1761464793702 1.0293313264846802 0
