1761590701394 0.44048693776130676 0
1761590701644 0.4522092044353485 1
1761590701903 0.4738503098487854 2
1761590702132 0.47430115938186646 3
1761590702384 0.47520288825035095 4
1761590702630 0.4905320107936859 5
1761590702861 0.48827773332595825 6
1761590703076 0.5076645612716675 7
1761590703304 0.5036068558692932 8
1761590703551 0.5139765739440918 9
1761590703765 0.5180342793464661 10
1761590703999 0.515779972076416 11
1761590704222 0.5270513892173767 12
1761590704440 0.5275022387504578 13
1761590704662 0.5374211072921753 14
1761590704881 0.5347159504890442 15
1761590705121 0.5450856685638428 16
1761590705352 0.5437331199645996 17
1761590705584 0.5419296622276306 18
1761590705821 0.5536519289016724 19
1761590706069 0.5545536279678345 20
1761590706328 0.564021646976471 21
1761590706555 0.5608656406402588 22
1761590706776 0.5617673397064209 23
1761590706995 0.5676285028457642 24
1761590707279 0.5707845091819763 25
1761590707530 0.5680793523788452 26
1761590707761 0.5897204875946045 27
1761590707978 0.5910730361938477 28
1761590708217 0.5825067758560181 29
1761590708464 0.5883678793907166 30
1761590708701 0.6041478514671326 31
1761590708921 0.6045987606048584 32
1761590709134 0.6032461524009705 33
1761590709355 0.6086564660072327 34
1761590709570 0.6194770336151123 35
1761590709803 0.6055004596710205 36
1761590710025 0.6140667200088501 37
1761590710245 0.6149684190750122 38
1761590710468 0.6212804317474365 39
1761590710694 0.6244364380836487 40
1761590710928 0.6293958425521851 41
1761590711142 0.6248872876167297 42
1761590711374 0.6244364380836487 43
1761590711589 0.6316501498222351 44
1761590711801 0.6244364380836487 45
1761590712026 0.6402164101600647 46
1761590712259 0.646528422832489 47
1761590712472 0.6433724164962769 48
1761590712758 0.6456266641616821 49
1761590712989 0.6550946831703186 50
1761590713203 0.6492335200309753 51
1761590713427 0.6487826704978943 52
1761590713641 0.6415689587593079 53
1761590713858 0.6496844291687012 54
1761590714095 0.6559963822364807 55
1761590714332 0.6663661003112793 56
1761590714558 0.6573489904403687 57
1761590714799 0.6510369777679443 58
1761590715024 0.6582506895065308 59
1761590715265 0.6672677993774414 60
1761590715501 0.6596032381057739 61
1761590715721 0.6735798120498657 62
1761590715958 0.6812443733215332 63
1761590716173 0.6677186489105225 64
1761590716395 0.6834986209869385 65
1761590716629 0.6735798120498657 66
1761590716861 0.6726781129837036 67
1761590717074 0.6807935237884521 68
1761590717330 0.678088366985321 69
1761590717589 0.6812443733215332 70
1761590717813 0.6821460723876953 71
1761590718034 0.6785392165184021 72
1761590718251 0.6767358183860779 73
1761590718470 0.6803426742553711 74
1761590718707 0.6862037777900696 75
1761590718921 0.6857529282569885 76
1761590719141 0.67763751745224 77
1761590719362 0.6898106336593628 78
1761590719587 0.6916140913963318 79
1761590719798 0.6970243453979492 80
1761590720011 0.6965734958648682 81
1761590720235 0.6889089345932007 82
1761590720451 0.7033363580703735 83
1761590720664 0.691163182258606 84
1761590720878 0.691163182258606 85
1761590721099 0.6992786526679993 86
1761590721315 0.6974751949310303 87
1761590721537 0.7060414552688599 88
1761590721762 0.709197461605072 89
1761590721978 0.7024345993995667 90
1761590722200 0.7051397562026978 91
1761590722413 0.7060414552688599 92
1761590722628 0.7123534679412842 93
1761590722844 0.7141569256782532 94
1761590723059 0.7100991606712341 95
1761590723272 0.7137060165405273 96
1761590723486 0.7114517688751221 97
1761590723690 0.7258791923522949 98
1761590723903 0.7141569256782532 99
1761590701394 0.44048693776130676 0
