1761590701394 1.0592321157455444 0
1761590701644 1.0407772064208984 1
1761590701903 1.0326637029647827 2
1761590702132 1.025558590888977 3
1761590702384 1.0195571184158325 4
1761590702630 1.012481689453125 5
1761590702861 1.007092833518982 6
1761590703076 0.9985619187355042 7
1761590703304 0.9974062442779541 8
1761590703551 0.9929962158203125 9
1761590703765 0.9860745072364807 10
1761590703999 0.9808457493782043 11
1761590704222 0.9739798903465271 12
1761590704440 0.9763971567153931 13
1761590704662 0.9723873138427734 14
1761590704881 0.9627618193626404 15
1761590705121 0.956466794013977 16
1761590705352 0.9553690552711487 17
1761590705584 0.9506552219390869 18
1761590705821 0.9442484378814697 19
1761590706069 0.9397549629211426 20
1761590706328 0.9311721324920654 21
1761590706555 0.9269940257072449 22
1761590706776 0.924342930316925 23
1761590706995 0.9181508421897888 24
1761590707279 0.9115116596221924 25
1761590707530 0.9087969660758972 26
1761590707761 0.8973976969718933 27
1761590707978 0.8899113535881042 28
1761590708217 0.8934910893440247 29
1761590708464 0.8898107409477234 30
1761590708701 0.88018798828125 31
1761590708921 0.8765819072723389 32
1761590709134 0.874273955821991 33
1761590709355 0.8631401658058167 34
1761590709570 0.859043300151825 35
1761590709803 0.860504150390625 36
1761590710025 0.8544237017631531 37
1761590710245 0.8479055762290955 38
1761590710468 0.8446125984191895 39
1761590710694 0.8376296162605286 40
1761590710928 0.8289704322814941 41
1761590711142 0.8323426246643066 42
1761590711374 0.830091118812561 43
1761590711589 0.8252140879631042 44
1761590711801 0.827168345451355 45
1761590712026 0.8146315813064575 46
1761590712259 0.8066533803939819 47
1761590712472 0.80671626329422 48
1761590712758 0.8043418526649475 49
1761590712989 0.7930163145065308 50
1761590713203 0.7858253121376038 51
1761590713427 0.7895035743713379 52
1761590713641 0.7956934571266174 53
1761590713858 0.7904911041259766 54
1761590714095 0.7841525077819824 55
1761590714332 0.7787976861000061 56
1761590714558 0.7721620202064514 57
1761590714799 0.7810081839561462 58
1761590715024 0.7689856290817261 59
1761590715265 0.7681955695152283 60
1761590715501 0.7658470869064331 61
1761590715721 0.7551774382591248 62
1761590715958 0.7514013051986694 63
1761590716173 0.7565256357192993 64
1761590716395 0.7443296313285828 65
1761590716629 0.7469301223754883 66
1761590716861 0.7469480633735657 67
1761590717074 0.7494767904281616 68
1761590717330 0.738815188407898 69
1761590717589 0.7365785241127014 70
1761590717813 0.7326792478561401 71
1761590718034 0.730945348739624 72
1761590718251 0.7294920086860657 73
1761590718470 0.7248702049255371 74
1761590718707 0.7261986136436462 75
1761590718921 0.7253405451774597 76
1761590719141 0.7229775786399841 77
1761590719362 0.7205163836479187 78
1761590719587 0.7097525000572205 79
1761590719798 0.7146410346031189 80
1761590720011 0.7107363343238831 81
1761590720235 0.7092885375022888 82
1761590720451 0.7019626498222351 83
1761590720664 0.7114677429199219 84
1761590720878 0.7066884636878967 85
1761590721099 0.7009180188179016 86
1761590721315 0.7014362215995789 87
1761590721537 0.6930915117263794 88
1761590721762 0.682458221912384 89
1761590721978 0.6887102723121643 90
1761590722200 0.6938886046409607 91
1761590722413 0.6796092987060547 92
1761590722628 0.6813542246818542 93
1761590722844 0.6764144897460938 94
1761590723059 0.6760444641113281 95
1761590723272 0.6750920414924622 96
1761590723486 0.6719385385513306 97
1761590723690 0.669772744178772 98
1761590723903 0.6684018969535828 99
1761590701394 1.0592321157455444 0
