1761520134289 0.5412347912788391 0
1761520135288 0.5525011420249939 1
1761520136190 0.5597115755081177 2
1761520137122 0.5646687746047974 3
1761520138041 0.5790897011756897 4
1761520139013 0.5858494639396667 5
1761520140046 0.5912573337554932 6
1761520141041 0.6074808239936829 7
1761520141966 0.6164939403533936 8
1761520142838 0.6187471747398376 9
1761520143696 0.6349707245826721 10
1761520144566 0.6566020846366882 11
1761520145514 0.6363226771354675 12
1761520146443 0.6547994613647461 13
1761520147313 0.6651644706726074 14
1761520148174 0.6692203879356384 15
1761520149034 0.6822893023490906 16
1761520149950 0.6804866790771484 17
1761520150863 0.6786841154098511 18
1761520151854 0.6953582763671875 19
1761520152765 0.7003154754638672 20
1761520153681 0.7111311554908752 21
1761520154560 0.7124831080436707 22
1761520155460 0.7291572690010071 23
1761520156351 0.7237494587898254 24
1761520157333 0.7458314299583435 25
1761520158347 0.7354664206504822 26
1761520159274 0.7386209964752197 27
1761520160276 0.7534925937652588 28
1761520161386 0.7589004039764404 29
1761520162468 0.7629562616348267 30
1761520163689 0.7638576030731201 31
1761520164798 0.7863902449607849 32
1761520165693 0.7809824347496033 33
1761520166560 0.7760252356529236 34
1761520167476 0.7899954915046692 35
1761520168410 0.7976565957069397 36
1761520169385 0.7908967733383179 37
1761520170307 0.7796304821968079 38
1761520171379 0.797205924987793 39
1761520172289 0.797205924987793 40
1761520173201 0.8255971074104309 41
1761520174173 0.8215412497520447 42
1761520175432 0.8206399083137512 43
1761520176484 0.8269490599632263 44
1761520177659 0.8346101641654968 45
1761520178707 0.8278504014015198 46
1761520179711 0.8544389605522156 47
1761520180623 0.8458765149116516 48
1761520181531 0.8521856665611267 49
1761520134289 0.5412347912788391 0
