1761520134289 0.8760718107223511 0
1761520135288 0.8504337072372437 1
1761520136190 0.8477029204368591 2
1761520137122 0.8352996706962585 3
1761520138041 0.826153039932251 4
1761520139013 0.8225061297416687 5
1761520140046 0.8156155347824097 6
1761520141041 0.8019282221794128 7
1761520141966 0.802733302116394 8
1761520142838 0.794022798538208 9
1761520143696 0.7717953324317932 10
1761520144566 0.7576785683631897 11
1761520145514 0.7543021440505981 12
1761520146443 0.7386727929115295 13
1761520147313 0.7325918674468994 14
1761520148174 0.7219542860984802 15
1761520149034 0.7048001289367676 16
1761520149950 0.6976343393325806 17
1761520150863 0.6872580051422119 18
1761520151854 0.6691676378250122 19
1761520152765 0.6677911877632141 20
1761520153681 0.6409345865249634 21
1761520154560 0.6366677284240723 22
1761520155460 0.6141728758811951 23
1761520156351 0.6157585978507996 24
1761520157333 0.5881067514419556 25
1761520158347 0.6031731963157654 26
1761520159274 0.5845518708229065 27
1761520160276 0.5609498620033264 28
1761520161386 0.5367491245269775 29
1761520162468 0.543692946434021 30
1761520163689 0.5311868786811829 31
1761520164798 0.5013698935508728 32
1761520165693 0.5051109790802002 33
1761520166560 0.5016915202140808 34
1761520167476 0.49522897601127625 35
1761520168410 0.4663606882095337 36
1761520169385 0.46703699231147766 37
1761520170307 0.4873504638671875 38
1761520171379 0.45453786849975586 39
1761520172289 0.44695764780044556 40
1761520173201 0.39942869544029236 41
1761520174173 0.42189836502075195 42
1761520175432 0.41246750950813293 43
1761520176484 0.39529111981391907 44
1761520177659 0.38610225915908813 45
1761520178707 0.38984790444374084 46
1761520179711 0.3655511140823364 47
1761520180623 0.3582296669483185 48
1761520181531 0.33859580755233765 49
1761520134289 0.8760718107223511 0
