1761617656900 0.4774571657180786 0
1761617657925 0.4963931441307068 1
1761617658854 0.5036068558692932 2
1761617659681 0.5108205676078796 3
1761617660516 0.5279530882835388 4
1761617661200 0.5216411352157593 5
1761617662114 0.5040577054023743 6
1761617663012 0.53291255235672 7
1761617663539 0.5198376774787903 8
1761617664384 0.5383228063583374 9
1761617665220 0.5279530882835388 10
1761617666055 0.5383228063583374 11
1761617666830 0.5450856685638428 12
1761617667640 0.5518485307693481 13
1761617668500 0.5500450730323792 14
1761617669267 0.5563570857048035 15
1761617670111 0.5613164901733398 16
1761617670961 0.5721370577812195 17
1761617671721 0.5662758946418762 18
1761617672538 0.5658250451087952 19
1761617673523 0.5730387568473816 20
1761617674496 0.5788999199867249 21
1761617675421 0.5766456127166748 22
1761617676330 0.5843101739883423 23
1761617677260 0.5807033181190491 24
1761617678175 0.5964832901954651 25
1761617679075 0.5834084749221802 26
1761617679955 0.6018936038017273 27
1761617680895 0.595581591129303 28
1761617681834 0.5928764939308167 29
1761617682728 0.6023444533348083 30
1761617683569 0.6163210272789001 31
1761617684493 0.6104598641395569 32
1761617685403 0.6230838298797607 33
1761617686245 0.6375112533569336 34
1761617687005 0.6366095542907715 35
1761617687749 0.628494143486023 36
1761617688597 0.6483318209648132 37
1761617689419 0.6456266641616821 38
1761617690260 0.6559963822364807 39
1761617691038 0.6596032381057739 40
1761617691942 0.6632100939750671 41
1761617692884 0.6659152507781982 42
1761617693723 0.6862037777900696 43
1761617694609 0.6789900660514832 44
1761617695484 0.6871054768562317 45
1761617696375 0.6875563859939575 46
1761617697218 0.6974751949310303 47
1761617697918 0.6992786526679993 48
1761617698965 0.6871054768562317 49
1761617656900 0.4774571657180786 0
