1761523728879 0.4109959304332733 0
1761523731392 0.42902207374572754 1
1761523733638 0.45921584963798523 2
1761523736030 0.46462368965148926 3
1761523738300 0.47228482365608215 4
1761523740667 0.4952681362628937 5
1761523742944 0.5006759762763977 6
1761523745186 0.5033798813819885 7
1761523747527 0.5313203930854797 8
1761523749762 0.5308697819709778 9
1761523751936 0.5493465662002563 10
1761523754129 0.5461919903755188 11
1761523756393 0.5718792080879211 12
1761523758651 0.5917080044746399 13
1761523760874 0.6115367412567139 14
1761523763159 0.604776918888092 15
1761523765170 0.6191978454589844 16
1761523767379 0.6367733478546143 17
1761523769694 0.629112184047699 18
1761523772006 0.6502929329872131 19
1761523774108 0.657052755355835 20
1761523776169 0.6507436037063599 21
1761523778240 0.6728255748748779 22
1761523780503 0.6795853972434998 23
1761523782578 0.6863452196121216 24
1761523784881 0.6908517479896545 25
1761523787065 0.6976115107536316 26
1761523789256 0.7196935415267944 27
1761523790971 0.7084271907806396 28
1761523793254 0.7210454940795898 29
1761523795482 0.738170325756073 30
1761523797634 0.731410562992096 31
1761523799761 0.7404236197471619 32
1761523801940 0.746732771396637 33
1761523804059 0.7341144680976868 34
1761523806270 0.7557458281517029 35
1761523808567 0.772870659828186 36
1761523810662 0.7661108374595642 37
1761523813219 0.7787291407585144 38
1761523815481 0.7836863398551941 39
1761523817751 0.7800810933113098 40
1761523819889 0.8026137948036194 41
1761523822138 0.7976565957069397 42
1761523824375 0.7999098896980286 43
1761523826655 0.8143307566642761 44
1761523828868 0.8134294748306274 45
1761523830983 0.8093736171722412 46
1761523833143 0.8251464366912842 47
1761523835187 0.8264984488487244 48
1761523837207 0.8305543065071106 49
1761523728879 0.4109959304332733 0
