1761523728879 1.0840779542922974 0
1761523731392 1.0623397827148438 1
1761523733638 1.047983169555664 2
1761523736030 1.0399771928787231 3
1761523738300 1.0253512859344482 4
1761523740667 1.007482886314392 5
1761523742944 1.0030971765518188 6
1761523745186 0.9989360570907593 7
1761523747527 0.9657542705535889 8
1761523749762 0.9655552506446838 9
1761523751936 0.9466757774353027 10
1761523754129 0.9191689491271973 11
1761523756393 0.9113224148750305 12
1761523758651 0.893093466758728 13
1761523760874 0.8639126420021057 14
1761523763159 0.8553256988525391 15
1761523765170 0.847984790802002 16
1761523767379 0.819199800491333 17
1761523769694 0.8152758479118347 18
1761523772006 0.7886141538619995 19
1761523774108 0.7734349966049194 20
1761523776169 0.7680389881134033 21
1761523778240 0.7403974533081055 22
1761523780503 0.7147356867790222 23
1761523782578 0.7151786684989929 24
1761523784881 0.6974639892578125 25
1761523787065 0.6850882172584534 26
1761523789256 0.6613600254058838 27
1761523790971 0.6559650301933289 28
1761523793254 0.6334413290023804 29
1761523795482 0.6150486469268799 30
1761523797634 0.6134533882141113 31
1761523799761 0.6078446507453918 32
1761523801940 0.5804648995399475 33
1761523804059 0.5850192308425903 34
1761523806270 0.5605505108833313 35
1761523808567 0.5284994840621948 36
1761523810662 0.5355029702186584 37
1761523813219 0.5097880363464355 38
1761523815481 0.5064950585365295 39
1761523817751 0.4822986423969269 40
1761523819889 0.4633006751537323 41
1761523822138 0.46409037709236145 42
1761523824375 0.450461208820343 43
1761523826655 0.43607035279273987 44
1761523828868 0.4235933721065521 45
1761523830983 0.4339194595813751 46
1761523833143 0.4097840189933777 47
1761523835187 0.4008971154689789 48
1761523837207 0.42123979330062866 49
1761523728879 1.0840779542922974 0
