1761514737961 0.5114916563034058 0
1761514739278 0.5380802154541016 1
1761514740391 0.5556557178497314 2
1761514741558 0.5957638621330261 3
1761514742692 0.5872014164924622 4
1761514743708 0.6155925989151001 5
1761514744827 0.6241550445556641 6
1761514745958 0.6336187720298767 7
1761514747066 0.6322667598724365 8
1761514748243 0.6507436037063599 9
1761514749324 0.6520955562591553 10
1761514750210 0.6665164232254028 11
1761514751210 0.6629112362861633 12
1761514752090 0.6750788688659668 13
1761514752973 0.6840919256210327 14
1761514753840 0.698512852191925 15
1761514754727 0.6849932670593262 16
1761514755642 0.6994141340255737 17
1761514756550 0.7219468355178833 18
1761514757458 0.7350157499313354 19
1761514758381 0.7251014113426208 20
1761514759282 0.7458314299583435 21
1761514760196 0.7435781955718994 22
1761514761114 0.7629562616348267 23
1761514762050 0.7611536979675293 24
1761514763000 0.7589004039764404 25
1761514764009 0.7841370105743408 26
1761514765016 0.7872915863990784 27
1761514766010 0.8030644655227661 28
1761514766995 0.7760252356529236 29
1761514767974 0.8098242282867432 30
1761514768876 0.8053176999092102 31
1761514769792 0.8170347213745117 32
1761514770712 0.8283010125160217 33
1761514771654 0.8323569297790527 34
1761514772600 0.8467778563499451 35
1761514773525 0.8409193158149719 36
1761514774423 0.8463271856307983 37
1761514775300 0.8490310907363892 38
1761514776202 0.847228467464447 39
1761514777116 0.8589454889297485 40
1761514778080 0.8499323725700378 41
1761514779024 0.8724650740623474 42
1761514779909 0.8643532991409302 43
1761514780800 0.8805768489837646 44
1761514781742 0.8891392350196838 45
1761514782721 0.8931951522827148 46
1761514783660 0.8823794722557068 47
1761514784596 0.8918431997299194 48
1761514785587 0.8891392350196838 49
1761514737961 0.5114916563034058 0
