1761514737961 0.880617082118988 0
1761514739278 0.8552680611610413 1
1761514740391 0.840420663356781 2
1761514741558 0.8242709636688232 3
1761514742692 0.8169699311256409 4
1761514743708 0.7995848655700684 5
1761514744827 0.7924970984458923 6
1761514745958 0.781199038028717 7
1761514747066 0.7744845151901245 8
1761514748243 0.7637865543365479 9
1761514749324 0.759523332118988 10
1761514750210 0.7386977672576904 11
1761514751210 0.7414106726646423 12
1761514752090 0.7204253077507019 13
1761514752973 0.7128967046737671 14
1761514753840 0.6912312507629395 15
1761514754727 0.6899704933166504 16
1761514755642 0.6763834953308105 17
1761514756550 0.6484909057617188 18
1761514757458 0.6421259641647339 19
1761514758381 0.6424245834350586 20
1761514759282 0.6005174517631531 21
1761514760196 0.5964552164077759 22
1761514761114 0.5693069100379944 23
1761514762050 0.5676023364067078 24
1761514763000 0.5692031383514404 25
1761514764009 0.5336222648620605 26
1761514765016 0.5282728672027588 27
1761514766010 0.4929558038711548 28
1761514766995 0.5307018756866455 29
1761514767974 0.47011131048202515 30
1761514768876 0.47646528482437134 31
1761514769792 0.4563419818878174 32
1761514770712 0.43195784091949463 33
1761514771654 0.4105985462665558 34
1761514772600 0.39441820979118347 35
1761514773525 0.38406872749328613 36
1761514774423 0.38291817903518677 37
1761514775300 0.37192049622535706 38
1761514776202 0.3601980209350586 39
1761514777116 0.3366997241973877 40
1761514778080 0.3510485887527466 41
1761514779024 0.31920719146728516 42
1761514779909 0.3228994905948639 43
1761514780800 0.2866211235523224 44
1761514781742 0.26796814799308777 45
1761514782721 0.25825321674346924 46
1761514783660 0.28771165013313293 47
1761514784596 0.2533036470413208 48
1761514785587 0.28007882833480835 49
1761514737961 0.880617082118988 0
