1761497525766 0.4943668246269226 0
1761497527273 0.5245606303215027 1
1761497528515 0.5479946136474609 2
1761497530188 0.5497971773147583 3
1761497531648 0.5745831727981567 4
1761497533094 0.609283447265625 5
1761497534236 0.5957638621330261 6
1761497535357 0.6124380230903625 7
1761497537062 0.6277602314949036 8
1761497539003 0.6354213356971741 9
1761497540482 0.6561514139175415 10
1761497541952 0.6534475088119507 11
1761497543109 0.6746281981468201 12
1761497544511 0.6624605655670166 13
1761497546079 0.6782334446907043 14
1761497548005 0.6935556530952454 15
1761497550018 0.6926543712615967 16
1761497551942 0.7097792029380798 17
1761497554162 0.7309598922729492 18
1761497556405 0.7260026931762695 19
1761497558373 0.7260026931762695 20
1761497560421 0.746732771396637 21
1761497562555 0.7476340532302856 22
1761497564564 0.7521405816078186 23
1761497566481 0.7579991221427917 24
1761497568464 0.7638576030731201 25
1761497570371 0.7688148021697998 26
1761497572264 0.781883716583252 27
1761497574496 0.7936007380485535 28
1761497576405 0.7958539724349976 29
1761497578351 0.7958539724349976 30
1761497581188 0.8008111715316772 31
1761497583270 0.8102748990058899 32
1761497585160 0.8134294748306274 33
1761497587162 0.8278504014015198 34
1761497589158 0.8255971074104309 35
1761497591358 0.821090579032898 36
1761497593620 0.8346101641654968 37
1761497595657 0.8395673632621765 38
1761497597628 0.8350608348846436 39
1761497599802 0.8440738916397095 40
1761497601097 0.8458765149116516 41
1761497602367 0.8630013465881348 42
1761497604141 0.8584948182106018 43
1761497606159 0.855790913105011 44
1761497608205 0.8724650740623474 45
1761497610141 0.8724650740623474 46
1761497612141 0.8675078749656677 47
1761497614155 0.8819288015365601 48
1761497616278 0.8810274600982666 49
1761497525766 0.4943668246269226 0
