1761497525766 0.9544489979743958 0
1761497527273 0.9307453632354736 1
1761497528515 0.916888952255249 2
1761497530188 0.9109821319580078 3
1761497531648 0.8908424973487854 4
1761497533094 0.8631510734558105 5
1761497534236 0.8680636286735535 6
1761497535357 0.853219747543335 7
1761497537062 0.8313988447189331 8
1761497539003 0.8150386214256287 9
1761497540482 0.7926802039146423 10
1761497541952 0.782893180847168 11
1761497543109 0.7737576365470886 12
1761497544511 0.7741190195083618 13
1761497546079 0.7412671446800232 14
1761497548005 0.7361840009689331 15
1761497550018 0.7055126428604126 16
1761497551942 0.7005292773246765 17
1761497554162 0.6658775806427002 18
1761497556405 0.6687300801277161 19
1761497558373 0.6429308652877808 20
1761497560421 0.6263202428817749 21
1761497562555 0.621575117111206 22
1761497564564 0.6192986965179443 23
1761497566481 0.6004045009613037 24
1761497568464 0.5735980272293091 25
1761497570371 0.5709287524223328 26
1761497572264 0.5424258708953857 27
1761497574496 0.531709611415863 28
1761497576405 0.5166271924972534 29
1761497578351 0.5186673402786255 30
1761497581188 0.489501953125 31
1761497583270 0.4745965600013733 32
1761497585160 0.47090640664100647 33
1761497587162 0.4423094689846039 34
1761497589158 0.4516611695289612 35
1761497591358 0.43942803144454956 36
1761497593620 0.4132527709007263 37
1761497595657 0.40814054012298584 38
1761497597628 0.39886513352394104 39
1761497599802 0.3871995210647583 40
1761497601097 0.38128602504730225 41
1761497602367 0.35160312056541443 42
1761497604141 0.35348930954933167 43
1761497606159 0.35040879249572754 44
1761497608205 0.3215937316417694 45
1761497610141 0.306428998708725 46
1761497612141 0.30723071098327637 47
1761497614155 0.29688283801078796 48
1761497616278 0.29191261529922485 49
1761497525766 0.9544489979743958 0
