1761603863098 0.5892696380615234 0
1761603863379 0.6086564660072327 1
1761603863586 0.6091073155403137 2
1761603863792 0.6109107136726379 3
1761603864054 0.6122633218765259 4
1761603864281 0.6059513092041016 5
1761603864511 0.6041478514671326 6
1761603864737 0.6077547073364258 7
1761603864949 0.613615870475769 8
1761603865170 0.6127141714096069 9
1761603865388 0.611361563205719 10
1761603865600 0.6185752749443054 11
1761603865817 0.6140667200088501 12
1761603866028 0.6149684190750122 13
1761603866242 0.6181244254112244 14
1761603866461 0.6158701777458191 15
1761603866674 0.6127141714096069 16
1761603866886 0.6154192686080933 17
1761603867101 0.6172227263450623 18
1761603867317 0.6181244254112244 19
1761603867535 0.6302975416183472 20
1761603867748 0.6158701777458191 21
1761603867958 0.6185752749443054 22
1761603868174 0.6199278831481934 23
1761603868389 0.631199300289154 24
1761603868606 0.6271415948867798 25
1761603868824 0.628494143486023 26
1761603869041 0.631199300289154 27
1761603869261 0.6357078552246094 28
1761603869478 0.6352570056915283 29
1761603869697 0.6388638615608215 30
1761603869915 0.6433724164962769 31
1761603870134 0.6325518488883972 32
1761603870352 0.646077573299408 33
1761603870564 0.6415689587593079 34
1761603870790 0.6433724164962769 35
1761603871005 0.6406672596931458 36
1761603871218 0.6420198082923889 37
1761603871435 0.6523895263671875 38
1761603871649 0.6528403759002686 39
1761603871862 0.6568980813026428 40
1761603872075 0.6573489904403687 41
1761603872291 0.6609557867050171 42
1761603872507 0.6546438336372375 43
1761603872719 0.6654644012451172 44
1761603872935 0.6695221066474915 45
1761603873149 0.6726781129837036 46
1761603873364 0.6641117930412292 47
1761603873574 0.6767358183860779 48
1761603873791 0.6636609435081482 49
1761603863098 0.5892696380615234 0
