1761603863098 0.9550751447677612 0
1761603863379 0.9263433814048767 1
1761603863586 0.9154770374298096 2
1761603863792 0.9179856181144714 3
1761603864054 0.910507082939148 4
1761603864281 0.9065361022949219 5
1761603864511 0.9033581018447876 6
1761603864737 0.9021192789077759 7
1761603864949 0.8931857943534851 8
1761603865170 0.8881932497024536 9
1761603865388 0.8905825018882751 10
1761603865600 0.8854471445083618 11
1761603865817 0.8852024674415588 12
1761603866028 0.8788093328475952 13
1761603866242 0.8750921487808228 14
1761603866461 0.8749566674232483 15
1761603866674 0.8753060102462769 16
1761603866886 0.87222820520401 17
1761603867101 0.8585159778594971 18
1761603867317 0.8631115555763245 19
1761603867535 0.8541816473007202 20
1761603867748 0.8523074388504028 21
1761603867958 0.8563672304153442 22
1761603868174 0.8479935526847839 23
1761603868389 0.8492541909217834 24
1761603868606 0.8418266773223877 25
1761603868824 0.8349820971488953 26
1761603869041 0.833301842212677 27
1761603869261 0.8325809240341187 28
1761603869478 0.8296237587928772 29
1761603869697 0.8224644064903259 30
1761603869915 0.8243423104286194 31
1761603870134 0.82430100440979 32
1761603870352 0.8113908767700195 33
1761603870564 0.8131295442581177 34
1761603870790 0.8120436668395996 35
1761603871005 0.8131141662597656 36
1761603871218 0.8032904267311096 37
1761603871435 0.8037567734718323 38
1761603871649 0.7956360578536987 39
1761603871862 0.7842254638671875 40
1761603872075 0.7859169840812683 41
1761603872291 0.7805113792419434 42
1761603872507 0.7818506360054016 43
1761603872719 0.7769432663917542 44
1761603872935 0.7687996029853821 45
1761603873149 0.7686561942100525 46
1761603873364 0.7660427093505859 47
1761603873574 0.7515943646430969 48
1761603873791 0.7529744505882263 49
1761603863098 0.9550751447677612 0
