1761530386632 0.8686587810516357 0
1761530387020 0.842711329460144 1
1761530387364 0.8308303952217102 2
1761530387725 0.8163952827453613 3
1761530388075 0.8099835515022278 4
1761530388428 0.8074787855148315 5
1761530388776 0.7882949709892273 6
1761530389122 0.7855254411697388 7
1761530389476 0.774704098701477 8
1761530389818 0.7656818628311157 9
1761530390175 0.756066083908081 10
1761530390521 0.7526998519897461 11
1761530390878 0.7327253818511963 12
1761530391221 0.7192093133926392 13
1761530391575 0.7005891799926758 14
1761530391910 0.6977427005767822 15
1761530392260 0.6713535189628601 16
1761530392614 0.6617960333824158 17
1761530392964 0.6598148345947266 18
1761530393297 0.6373130679130554 19
1761530393640 0.6363271474838257 20
1761530393991 0.616413950920105 21
1761530394342 0.6099095344543457 22
1761530394696 0.5919307470321655 23
1761530395054 0.5850017666816711 24
1761530395400 0.5772595405578613 25
1761530395739 0.5639845132827759 26
1761530396091 0.5724819898605347 27
1761530396438 0.5516718029975891 28
1761530396788 0.543656051158905 29
1761530397137 0.5314499139785767 30
1761530397492 0.5280928015708923 31
1761530397829 0.5309332609176636 32
1761530398186 0.5125170350074768 33
1761530398524 0.5103195905685425 34
1761530398871 0.4977395832538605 35
1761530399238 0.5091818571090698 36
1761530399596 0.5012110471725464 37
1761530399946 0.4765159487724304 38
1761530400302 0.47274717688560486 39
1761530400634 0.4624004065990448 40
1761530400990 0.4735162556171417 41
1761530401351 0.45000430941581726 42
1761530401718 0.4563623070716858 43
1761530402132 0.43985018134117126 44
1761530402498 0.4551878273487091 45
1761530402863 0.43501922488212585 46
1761530403223 0.42439591884613037 47
1761530403575 0.4214252829551697 48
1761530403919 0.40121427178382874 49
1761530386632 0.8686587810516357 0
