1761516673935 0.42316359281539917 0
1761516674189 0.45065343379974365 1
1761516674410 0.4718341529369354 2
1761516674636 0.47949525713920593 3
1761516674864 0.4916629195213318 4
1761516675088 0.4957188069820404 5
1761516675305 0.4979720711708069 6
1761516675552 0.5159981846809387 7
1761516675767 0.5101397037506104 8
1761516675981 0.5069851279258728 9
1761516676197 0.5227580070495605 10
1761516676411 0.5308697819709778 11
1761516676625 0.5205047130584717 12
1761516676836 0.5308697819709778 13
1761516677050 0.5367282629013062 14
1761516677260 0.5497971773147583 15
1761516677474 0.5520504713058472 16
1761516677690 0.5597115755081177 17
1761516677907 0.5732311606407166 18
1761516678120 0.5826948881149292 19
1761516678332 0.5935105681419373 20
1761516678544 0.5971158146858215 21
1761516678772 0.5944119095802307 22
1761516678987 0.6020730137825012 23
1761516679214 0.6052275896072388 24
1761516679438 0.6196485161781311 25
1761516679657 0.6124380230903625 26
1761516679874 0.6205497980117798 27
1761516680088 0.6309148073196411 28
1761516680313 0.6237043738365173 29
1761516680529 0.6336187720298767 30
1761516680751 0.6475890278816223 31
1761516681014 0.6345200538635254 32
1761516681255 0.643983781337738 33
1761516681472 0.6516448855400085 34
1761516681694 0.6453357338905334 35
1761516681904 0.6480396389961243 36
1761516682120 0.6435331106185913 37
1761516682346 0.6696709990501404 38
1761516682581 0.6561514139175415 39
1761516682805 0.6557007431983948 40
1761516683022 0.6656151413917542 41
1761516683271 0.6584047079086304 42
1761516683487 0.6714736223220825 43
1761516683711 0.6750788688659668 44
1761516683925 0.6750788688659668 45
1761516684148 0.6795853972434998 46
1761516684360 0.6840919256210327 47
1761516684576 0.6908517479896545 48
1761516684787 0.6854438781738281 49
1761516673935 0.42316359281539917 0
