1761516673935 1.056644320487976 0
1761516674189 1.0366082191467285 1
1761516674410 1.0306240320205688 2
1761516674636 1.0241442918777466 3
1761516674864 1.0169674158096313 4
1761516675088 1.008586049079895 5
1761516675305 1.0023319721221924 6
1761516675552 0.993731677532196 7
1761516675767 0.9885430932044983 8
1761516675981 0.980270266532898 9
1761516676197 0.9696698188781738 10
1761516676411 0.958912193775177 11
1761516676625 0.9497069120407104 12
1761516676836 0.9475750923156738 13
1761516677050 0.9330883026123047 14
1761516677260 0.9196405410766602 15
1761516677474 0.913790762424469 16
1761516677690 0.8997102379798889 17
1761516677907 0.8884714841842651 18
1761516678120 0.8845211267471313 19
1761516678332 0.8727485537528992 20
1761516678544 0.8636533617973328 21
1761516678772 0.8526953458786011 22
1761516678987 0.8439403772354126 23
1761516679214 0.840831458568573 24
1761516679438 0.8309550881385803 25
1761516679657 0.83230060338974 26
1761516679874 0.8147256970405579 27
1761516680088 0.807898998260498 28
1761516680313 0.7973800301551819 29
1761516680529 0.7928623557090759 30
1761516680751 0.7800025939941406 31
1761516681014 0.7906326651573181 32
1761516681255 0.7735589742660522 33
1761516681472 0.7645706534385681 34
1761516681694 0.7639850378036499 35
1761516681904 0.7621604204177856 36
1761516682120 0.7656519412994385 37
1761516682346 0.7500315308570862 38
1761516682581 0.7422394156455994 39
1761516682805 0.7358430624008179 40
1761516683022 0.7393538355827332 41
1761516683271 0.7375277280807495 42
1761516683487 0.7290402054786682 43
1761516683711 0.7232463955879211 44
1761516683925 0.7193458080291748 45
1761516684148 0.711678683757782 46
1761516684360 0.7110563516616821 47
1761516684576 0.6988469958305359 48
1761516684787 0.6986925005912781 49
1761516673935 1.056644320487976 0
