1761608191112 0.4607754647731781 0
1761608191475 0.4616771936416626 1
1761608191841 0.4792605936527252 2
1761608192200 0.4711451828479767 3
1761608192529 0.46393147110939026 4
1761608192869 0.4589720368385315 5
1761608193252 0.4810640215873718 6
1761608193634 0.47790801525115967 7
1761608194028 0.48376914858818054 8
1761608194401 0.47700631618499756 9
1761608194730 0.47790801525115967 10
1761608195083 0.48827773332595825 11
1761608195453 0.47520288825035095 12
1761608195779 0.48376914858818054 13
1761608196138 0.4810640215873718 14
1761608196463 0.4815148711204529 15
1761608196825 0.4896303117275238 16
1761608197168 0.48737600445747375 17
1761608197535 0.4878268837928772 18
1761608197886 0.4923354387283325 19
1761608198238 0.49188458919525146 20
1761608198572 0.49954915046691895 21
1761608198944 0.5031560063362122 22
1761608199316 0.5013525485992432 23
1761608199661 0.49368801712989807 24
1761608200026 0.500450849533081 25
1761608200374 0.49774572253227234 26
1761608200741 0.4990983009338379 27
1761608201085 0.4963931441307068 28
1761608201429 0.5027051568031311 29
1761608201790 0.5121731162071228 30
1761608202138 0.5054102540016174 31
1761608202482 0.49774572253227234 32
1761608202829 0.5027051568031311 33
1761608203185 0.5031560063362122 34
1761608203549 0.49594229459762573 35
1761608203892 0.5076645612716675 36
1761608204229 0.5031560063362122 37
1761608204574 0.5144274234771729 38
1761608204920 0.5270513892173767 39
1761608205276 0.5094679594039917 40
1761608205621 0.5198376774787903 41
1761608205992 0.5293056964874268 42
1761608206349 0.5189359784126282 43
1761608206700 0.5238953828811646 44
1761608207039 0.533363401889801 45
1761608207387 0.5365194082260132 46
1761608207723 0.5446348190307617 47
1761608208089 0.5306582450866699 48
1761608208429 0.5527502298355103 49
1761608191112 0.4607754647731781 0
