1761608191112 1.026195764541626 0
1761608191475 1.0168615579605103 1
1761608191841 1.0171737670898438 2
1761608192200 1.0105994939804077 3
1761608192529 1.025519847869873 4
1761608192869 1.0161021947860718 5
1761608193252 1.0094982385635376 6
1761608193634 1.009767770767212 7
1761608194028 1.0063393115997314 8
1761608194401 1.0081732273101807 9
1761608194730 1.0016663074493408 10
1761608195083 1.0022989511489868 11
1761608195453 1.0066423416137695 12
1761608195779 1.0020830631256104 13
1761608196138 1.0014688968658447 14
1761608196463 0.999390184879303 15
1761608196825 1.0007805824279785 16
1761608197168 0.997707724571228 17
1761608197535 0.9975116848945618 18
1761608197886 0.9972013831138611 19
1761608198238 0.9998243451118469 20
1761608198572 0.9988753795623779 21
1761608198944 0.997730553150177 22
1761608199316 0.9961816072463989 23
1761608199661 0.9966159462928772 24
1761608200026 0.9968938827514648 25
1761608200374 0.9937273263931274 26
1761608200741 0.9942898750305176 27
1761608201085 0.9973287582397461 28
1761608201429 0.9922332763671875 29
1761608201790 0.9920010566711426 30
1761608202138 0.9940024018287659 31
1761608202482 0.9915319085121155 32
1761608202829 0.9955387711524963 33
1761608203185 0.9912200570106506 34
1761608203549 0.9897862672805786 35
1761608203892 0.9895140528678894 36
1761608204229 0.9858548045158386 37
1761608204574 0.9825043082237244 38
1761608204920 0.982429563999176 39
1761608205276 0.9834339618682861 40
1761608205621 0.9793907999992371 41
1761608205992 0.976756751537323 42
1761608206349 0.9804651141166687 43
1761608206700 0.9751518368721008 44
1761608207039 0.9719616770744324 45
1761608207387 0.9715037941932678 46
1761608207723 0.9694981575012207 47
1761608208089 0.9734256267547607 48
1761608208429 0.9655945301055908 49
1761608191112 1.026195764541626 0
