1761601420037 0.48196572065353394 0
1761601420955 0.4963931441307068 1
1761601421843 0.4990983009338379 2
1761601422775 0.50225430727005 3
1761601423646 0.4963931441307068 4
1761601424638 0.5148782730102539 5
1761601425823 0.5184851288795471 6
1761601426886 0.5288548469543457 7
1761601427850 0.5383228063583374 8
1761601428721 0.5450856685638428 9
1761601429659 0.5613164901733398 10
1761601430578 0.5599639415740967 11
1761601431496 0.5834084749221802 12
1761601432494 0.5924255847930908 13
1761601433735 0.6014427542686462 14
1761601434617 0.6036970019340515 15
1761601435497 0.6199278831481934 16
1761601436357 0.6357078552246094 17
1761601437295 0.6339043974876404 18
1761601438209 0.6393147110939026 19
1761601439107 0.6559963822364807 20
1761601440031 0.6474301218986511 21
1761601440961 0.6726781129837036 22
1761601441902 0.6749323606491089 23
1761601442820 0.6880072355270386 24
1761601443785 0.7001803517341614 25
1761601444786 0.6970243453979492 26
1761601445791 0.7146077752113342 27
1761601446932 0.726330041885376 28
1761601447966 0.7177637219429016 29
1761601449349 0.7348963022232056 30
1761601450352 0.7173128724098206 31
1761601451426 0.7529305815696716 32
1761601452481 0.755635678768158 33
1761601453501 0.7511271238327026 34
1761601454580 0.7673580050468445 35
1761601455626 0.790802538394928 36
1761601456680 0.7817853689193726 37
1761601457697 0.7917042374610901 38
1761601458712 0.7939585447311401 39
1761601459720 0.7844905257225037 40
1761601460750 0.8165013790130615 41
1761601461770 0.8146979212760925 42
1761601462787 0.8155996203422546 43
1761601463808 0.8264201879501343 44
1761601464911 0.8412984609603882 45
1761601465977 0.8345355987548828 46
1761601467028 0.8476104736328125 47
1761601468107 0.8512173295021057 48
1761601469129 0.8633904457092285 49
1761601420037 0.48196572065353394 0
