1761601420037 1.0076287984848022 0
1761601420955 1.0008710622787476 1
1761601421843 0.9942660927772522 2
1761601422775 0.9874454736709595 3
1761601423646 0.9858492016792297 4
1761601424638 0.97478187084198 5
1761601425823 0.9676466584205627 6
1761601426886 0.9663988351821899 7
1761601427850 0.9514783024787903 8
1761601428721 0.9450297355651855 9
1761601429659 0.9310234785079956 10
1761601430578 0.9273788332939148 11
1761601431496 0.913718044757843 12
1761601432494 0.8885443806648254 13
1761601433735 0.8791685104370117 14
1761601434617 0.8666045665740967 15
1761601435497 0.8545124530792236 16
1761601436357 0.8377239108085632 17
1761601437295 0.8209660053253174 18
1761601438209 0.8066688179969788 19
1761601439107 0.7880212664604187 20
1761601440031 0.7939981818199158 21
1761601440961 0.7449417114257812 22
1761601441902 0.7339838743209839 23
1761601442820 0.7202174067497253 24
1761601443785 0.7010934352874756 25
1761601444786 0.7041935324668884 26
1761601445791 0.661194920539856 27
1761601446932 0.6533045768737793 28
1761601447966 0.6371302008628845 29
1761601449349 0.6146749258041382 30
1761601450352 0.6159659028053284 31
1761601451426 0.5899592638015747 32
1761601452481 0.5597492456436157 33
1761601453501 0.5910838842391968 34
1761601454580 0.5398318767547607 35
1761601455626 0.5109601616859436 36
1761601456680 0.5199779868125916 37
1761601457697 0.4958619475364685 38
1761601458712 0.4843418002128601 39
1761601459720 0.4941120743751526 40
1761601460750 0.4573155343532562 41
1761601461770 0.4353148937225342 42
1761601462787 0.45001253485679626 43
1761601463808 0.4101625680923462 44
1761601464911 0.383450448513031 45
1761601465977 0.383258581161499 46
1761601467028 0.3726257383823395 47
1761601468107 0.35841184854507446 48
1761601469129 0.33154410123825073 49
1761601420037 1.0076287984848022 0
