1761502799813 0.5371789336204529 0
1761502800873 0.5759351253509521 1
1761502801714 0.6029742956161499 2
1761502802750 0.6124380230903625 3
1761502803713 0.6101847887039185 4
1761502804746 0.6295628547668457 5
1761502805955 0.6426318287849426 6
1761502807092 0.6480396389961243 7
1761502808187 0.6552501320838928 8
1761502809177 0.6516448855400085 9
1761502810337 0.6705723404884338 10
1761502811054 0.6651644706726074 11
1761502811948 0.6746281981468201 12
1761502812480 0.6827399730682373 13
1761502813028 0.6849932670593262 14
1761502813543 0.6917530298233032 15
1761502814022 0.7012167572975159 16
1761502814563 0.6958089470863342 17
1761502815077 0.7016674280166626 18
1761502816237 0.6953582763671875 19
1761502816912 0.7214961647987366 20
1761502817852 0.7174403071403503 21
1761502818725 0.7187922596931458 22
1761502819371 0.7133843898773193 23
1761502820211 0.7214961647987366 24
1761502821090 0.7345651388168335 25
1761502821591 0.7282559871673584 26
1761502822630 0.7210454940795898 27
1761502823383 0.7345651388168335 28
1761502824543 0.7449301481246948 29
1761502825538 0.7372690439224243 30
1761502826136 0.7534925937652588 31
1761502826925 0.7530419230461121 32
1761502827387 0.7548445463180542 33
1761502828133 0.7521405816078186 34
1761502829009 0.7625056505203247 35
1761502829886 0.7607030272483826 36
1761502830769 0.7692654132843018 37
1761502831607 0.7507886290550232 38
1761502832308 0.762054979801178 39
1761502833143 0.7697160840034485 40
1761502834071 0.7769265174865723 41
1761502835176 0.7778278589248657 42
1761502836277 0.7809824347496033 43
1761502837449 0.7827850580215454 44
1761502838553 0.7917981147766113 45
1761502839573 0.7904461622238159 46
1761502840620 0.7877421975135803 47
1761502841735 0.7832356691360474 48
1761502842759 0.7958539724349976 49
1761502799813 0.5371789336204529 0
