1761502799813 0.7939915060997009 0
1761502800873 0.7522979378700256 1
1761502801714 0.7377821803092957 2
1761502802750 0.7275421023368835 3
1761502803713 0.7200567126274109 4
1761502804746 0.7107130289077759 5
1761502805955 0.696724534034729 6
1761502807092 0.6869822144508362 7
1761502808187 0.6802710890769958 8
1761502809177 0.6902799606323242 9
1761502810337 0.6774029731750488 10
1761502811054 0.6696086525917053 11
1761502811948 0.6554815173149109 12
1761502812480 0.6570242047309875 13
1761502813028 0.640933632850647 14
1761502813543 0.6357974410057068 15
1761502814022 0.632914125919342 16
1761502814563 0.630644679069519 17
1761502815077 0.6202728748321533 18
1761502816237 0.6198127269744873 19
1761502816912 0.6066170930862427 20
1761502817852 0.6086063385009766 21
1761502818725 0.6024359464645386 22
1761502819371 0.6150848269462585 23
1761502820211 0.5925139784812927 24
1761502821090 0.5836506485939026 25
1761502821591 0.5905722379684448 26
1761502822630 0.6011516451835632 27
1761502823383 0.5828205347061157 28
1761502824543 0.5662082433700562 29
1761502825538 0.5670243501663208 30
1761502826136 0.5471672415733337 31
1761502826925 0.551544725894928 32
1761502827387 0.5410570502281189 33
1761502828133 0.5519459247589111 34
1761502829009 0.5346277952194214 35
1761502829886 0.5384135842323303 36
1761502830769 0.5187957286834717 37
1761502831607 0.5500491857528687 38
1761502832308 0.5336748957633972 39
1761502833143 0.5173608660697937 40
1761502834071 0.5005825757980347 41
1761502835176 0.4959496855735779 42
1761502836277 0.4953692555427551 43
1761502837449 0.4884665906429291 44
1761502838553 0.48570600152015686 45
1761502839573 0.48268213868141174 46
1761502840620 0.4796554148197174 47
1761502841735 0.49325472116470337 48
1761502842759 0.4662338197231293 49
1761502799813 0.7939915060997009 0
