1761608650334 0.44544634222984314 0
1761608650698 0.4607754647731781 1
1761608651073 0.46753832697868347 2
1761608651433 0.4562669098377228 3
1761608651797 0.4549143314361572 4
1761608652145 0.4652840495109558 5
1761608652509 0.45671775937080383 6
1761608652868 0.4661857485771179 7
1761608653231 0.4679891765117645 8
1761608653578 0.46753832697868347 9
1761608653908 0.4643823206424713 10
1761608654258 0.4652840495109558 11
1761608654621 0.4693417549133301 12
1761608655294 0.47249773144721985 13
1761608655643 0.4747520387172699 14
1761608656007 0.475653737783432 15
1761608656375 0.4720468819141388 16
1761608656728 0.48061317205429077 17
1761608657096 0.4616771936416626 18
1761608657430 0.48061317205429077 19
1761608657755 0.4783588945865631 20
1761608658109 0.475653737783432 21
1761608658435 0.4797114431858063 22
1761608658783 0.47610458731651306 23
1761608659131 0.48061317205429077 24
1761608659485 0.4869251549243927 25
1761608659820 0.48647430539131165 26
1761608660188 0.4824165999889374 27
1761608660529 0.48376914858818054 28
1761608660872 0.48557257652282715 29
1761608661262 0.48737600445747375 30
1761608661602 0.4896303117275238 31
1761608661957 0.49008116126060486 32
1761608662302 0.48917943239212036 33
1761608662658 0.4878268837928772 34
1761608662989 0.4945897161960602 35
1761608663322 0.49594229459762573 36
1761608663650 0.49098286032676697 37
1761608663978 0.5076645612716675 38
1761608664308 0.5072137117385864 39
1761608664632 0.4963931441307068 40
1761608664958 0.5130748152732849 41
1761608665325 0.5180342793464661 42
1761608665662 0.5148782730102539 43
1761608665987 0.5302073955535889 44
1761608666322 0.5261496901512146 45
1761608666665 0.5342651009559631 46
1761608667045 0.5189359784126282 47
1761608667435 0.53291255235672 48
1761608667756 0.5220919847488403 49
1761608650334 0.44544634222984314 0
