1761608650334 1.0605361461639404 0
1761608650698 1.0414329767227173 1
1761608651073 1.0362032651901245 2
1761608651433 1.0366644859313965 3
1761608651797 1.0371544361114502 4
1761608652145 1.036206603050232 5
1761608652509 1.0396946668624878 6
1761608652868 1.034229040145874 7
1761608653231 1.0346908569335938 8
1761608653578 1.0302386283874512 9
1761608653908 1.0294915437698364 10
1761608654258 1.0283478498458862 11
1761608654621 1.0255591869354248 12
1761608655294 1.026809811592102 13
1761608655643 1.023587703704834 14
1761608656007 1.0228791236877441 15
1761608656375 1.0216712951660156 16
1761608656728 1.0226572751998901 17
1761608657096 1.025747537612915 18
1761608657430 1.0245463848114014 19
1761608657755 1.019244909286499 20
1761608658109 1.0190505981445312 21
1761608658435 1.0177382230758667 22
1761608658783 1.018669843673706 23
1761608659131 1.0167226791381836 24
1761608659485 1.0173410177230835 25
1761608659820 1.016559362411499 26
1761608660188 1.014623999595642 27
1761608660529 1.0140732526779175 28
1761608660872 1.0151939392089844 29
1761608661262 1.0124009847640991 30
1761608661602 1.0136089324951172 31
1761608661957 1.0131460428237915 32
1761608662302 1.0095041990280151 33
1761608662658 1.0097477436065674 34
1761608662989 1.0103793144226074 35
1761608663322 1.005752682685852 36
1761608663650 1.004833698272705 37
1761608663978 1.0007870197296143 38
1761608664308 1.0003690719604492 39
1761608664632 1.0030510425567627 40
1761608664958 0.9969902634620667 41
1761608665325 0.996292233467102 42
1761608665662 0.9960227608680725 43
1761608665987 0.9953510761260986 44
1761608666322 0.9905271530151367 45
1761608666665 0.9908844828605652 46
1761608667045 0.9907452464103699 47
1761608667435 0.9903703331947327 48
1761608667756 0.9869720339775085 49
1761608650334 1.0605361461639404 0
