1761604845460 0.4039675295352936 0
1761604846055 0.42110008001327515 1
1761604846604 0.43958520889282227 2
1761604847332 0.47520288825035095 3
1761604848066 0.5009016990661621 4
1761604848587 0.5144274234771729 5
1761604849105 0.5247971415519714 6
1761604849637 0.5522993803024292 7
1761604850187 0.5662758946418762 8
1761604850864 0.5703336596488953 9
1761604851484 0.6036970019340515 10
1761604851998 0.6190261244773865 11
1761604852585 0.6298466920852661 12
1761604853117 0.6415689587593079 13
1761604853630 0.6496844291687012 14
1761604854206 0.6717763543128967 15
1761604854726 0.6632100939750671 16
1761604855262 0.6875563859939575 17
1761604855934 0.695671796798706 18
1761604856566 0.7015329003334045 19
1761604857171 0.7326419949531555 20
1761604857682 0.7317402958869934 21
1761604858295 0.740306556224823 22
1761604858865 0.744364321231842 23
1761604859452 0.7565374374389648 24
1761604860045 0.7646528482437134 25
1761604860578 0.7714157104492188 26
1761604861124 0.7808836698532104 27
1761604861677 0.790802538394928 28
1761604862198 0.7957619428634644 29
1761604862742 0.7989179491996765 30
1761604863309 0.7953110933303833 31
1761604863842 0.8232641816139221 32
1761604864369 0.8110910654067993 33
1761604864905 0.8250676393508911 34
1761604865419 0.8408476114273071 35
1761604865937 0.8309287428855896 36
1761604866441 0.8449053168296814 37
1761604866960 0.8566275835037231 38
1761604867482 0.8498647212982178 39
1761604868007 0.8503155708312988 40
1761604868515 0.8647429943084717 41
1761604869030 0.8579801917076111 42
1761604869566 0.8737601637840271 43
1761604870076 0.8787195682525635 44
1761604870587 0.8683498501777649 45
1761604871162 0.8823264241218567 46
1761604871729 0.8845807313919067 47
1761604872302 0.9012624025344849 48
1761604872893 0.9017132520675659 49
1761604845460 0.4039675295352936 0
