1761604845460 1.0831283330917358 0
1761604846055 1.071755051612854 1
1761604846604 1.056052565574646 2
1761604847332 1.0273128747940063 3
1761604848066 1.0030863285064697 4
1761604848587 0.9837828278541565 5
1761604849105 0.9688103199005127 6
1761604849637 0.927767276763916 7
1761604850187 0.9251112341880798 8
1761604850864 0.8968860507011414 9
1761604851484 0.8636119365692139 10
1761604851998 0.8347157835960388 11
1761604852585 0.8146272897720337 12
1761604853117 0.79163658618927 13
1761604853630 0.7652708292007446 14
1761604854206 0.7401402592658997 15
1761604854726 0.7307945489883423 16
1761604855262 0.7054561376571655 17
1761604855934 0.686543345451355 18
1761604856566 0.6626990437507629 19
1761604857171 0.6341080069541931 20
1761604857682 0.6139586567878723 21
1761604858295 0.5994890332221985 22
1761604858865 0.5986683964729309 23
1761604859452 0.557291567325592 24
1761604860045 0.5430001020431519 25
1761604860578 0.5345329642295837 26
1761604861124 0.5045211315155029 27
1761604861677 0.49013978242874146 28
1761604862198 0.477960467338562 29
1761604862742 0.4748494327068329 30
1761604863309 0.4627974033355713 31
1761604863842 0.42202243208885193 32
1761604864369 0.43547213077545166 33
1761604864905 0.4099215269088745 34
1761604865419 0.3967936933040619 35
1761604865937 0.39189597964286804 36
1761604866441 0.35400429368019104 37
1761604866960 0.34125885367393494 38
1761604867482 0.34247204661369324 39
1761604868007 0.3356299102306366 40
1761604868515 0.32228589057922363 41
1761604869030 0.32341083884239197 42
1761604869566 0.30795788764953613 43
1761604870076 0.28898540139198303 44
1761604870587 0.30618828535079956 45
1761604871162 0.28839659690856934 46
1761604871729 0.2754664421081543 47
1761604872302 0.23749403655529022 48
1761604872893 0.24572698771953583 49
1761604845460 1.0831283330917358 0
