1761465869308 0.3744930028915405 0
1761465871192 0.40784138441085815 1
1761465872886 0.42136096954345703 2
1761465874004 0.42812076210975647 3
1761465875346 0.4285714328289032 4
1761465877003 0.431275337934494 5
1761465878580 0.4447949528694153 6
1761465879733 0.46958088874816895 7
1761465881217 0.47453808784484863 8
1761465882499 0.47949525713920593 9
1761465883646 0.48715639114379883 10
1761465884841 0.48625507950782776 11
1761465885984 0.5087877511978149 12
1761465887287 0.5326723456382751 13
1761465888513 0.5268138647079468 14
1761465889850 0.5484452247619629 15
1761465891211 0.5511491894721985 16
1761465892645 0.5619648694992065 17
1761465894767 0.5754844546318054 18
1761465896279 0.5678233504295349 19
1761465897427 0.5993691086769104 20
1761465898599 0.6142406463623047 21
1761465900266 0.6169445514678955 22
1761465901624 0.6223524212837219 23
1761465902939 0.6408292055130005 24
1761465904066 0.6575033664703369 25
1761465905198 0.6696709990501404 26
1761465906463 0.6755295395851135 27
1761465907912 0.6809373497962952 28
1761465909113 0.6980621814727783 29
1761465910501 0.703019380569458 30
1761465912213 0.7115817666053772 31
1761465914090 0.7178909182548523 32
1761465915227 0.7327625155448914 33
1761465916820 0.7449301481246948 34
1761465918912 0.7557458281517029 35
1761465920449 0.7607030272483826 36
1761465921689 0.7625056505203247 37
1761465923955 0.7769265174865723 38
1761465925784 0.7827850580215454 39
1761465927308 0.7823343873023987 40
1761465929416 0.7963046431541443 41
1761465930855 0.7913474440574646 42
1761465932203 0.8156827688217163 43
1761465933471 0.8170347213745117 44
1761465934514 0.8134294748306274 45
1761465936616 0.8242451548576355 46
1761465938097 0.821090579032898 47
1761465939674 0.836412787437439 48
1761465943031 0.8485804200172424 49
1761465869308 0.3744930028915405 0
