1761498837873 0.45425868034362793 0
1761498838108 0.48129788041114807 1
1761498838320 0.4894096553325653 2
1761498838563 0.4993240237236023 3
1761498838893 0.5128436088562012 4
1761498839104 0.5205047130584717 5
1761498839320 0.5209553837776184 6
1761498839534 0.530419111251831 7
1761498839747 0.534925639629364 8
1761498839966 0.5331230163574219 9
1761498840183 0.5380802154541016 10
1761498840397 0.5286164879798889 11
1761498840606 0.5470932722091675 12
1761498840817 0.5412347912788391 13
1761498841027 0.5353763103485107 14
1761498841243 0.543488085269928 15
1761498841457 0.5358269214630127 16
1761498841668 0.5425867438316345 17
1761498841878 0.5236592888832092 18
1761498842090 0.5475439429283142 19
1761498842300 0.5425867438316345 20
1761498842510 0.5335736870765686 21
1761498842768 0.5470932722091675 22
1761498842996 0.5493465662002563 23
1761498843216 0.5425867438316345 24
1761498843462 0.5570076704025269 25
1761498843670 0.5552050471305847 26
1761498843883 0.554303765296936 27
1761498844093 0.554303765296936 28
1761498844305 0.5561063289642334 29
1761498844529 0.5488958954811096 30
1761498844742 0.5610635280609131 31
1761498844955 0.5615141987800598 32
1761498845170 0.5525011420249939 33
1761498845378 0.5457413196563721 34
1761498845588 0.5597115755081177 35
1761498845799 0.5506985187530518 36
1761498846009 0.554754376411438 37
1761498846235 0.5619648694992065 38
1761498846445 0.5610635280609131 39
1761498846657 0.5624154806137085 40
1761498846866 0.5664713978767395 41
1761498847076 0.5709779262542725 42
1761498847292 0.5529517531394958 43
1761498847504 0.5646687746047974 44
1761498847735 0.565570056438446 45
1761498847952 0.565570056438446 46
1761498848162 0.5574583411216736 47
1761498848371 0.5642181038856506 48
1761498848579 0.5561063289642334 49
1761498837873 0.45425868034362793 0
