1761498837873 0.9712058305740356 0
1761498838108 0.9488639235496521 1
1761498838320 0.9461203813552856 2
1761498838563 0.9447231888771057 3
1761498838893 0.9413356184959412 4
1761498839104 0.9379890561103821 5
1761498839320 0.9370416402816772 6
1761498839534 0.9363607168197632 7
1761498839747 0.9329571723937988 8
1761498839966 0.9330375790596008 9
1761498840183 0.934015691280365 10
1761498840397 0.9328585863113403 11
1761498840606 0.9301000833511353 12
1761498840817 0.9301198720932007 13
1761498841027 0.929435670375824 14
1761498841243 0.9281231760978699 15
1761498841457 0.9292266964912415 16
1761498841668 0.9295259714126587 17
1761498841878 0.9319412112236023 18
1761498842090 0.9279189109802246 19
1761498842300 0.9264295101165771 20
1761498842510 0.9308483600616455 21
1761498842768 0.92513507604599 22
1761498842996 0.9274422526359558 23
1761498843216 0.9258672595024109 24
1761498843462 0.9238833785057068 25
1761498843670 0.9225197434425354 26
1761498843883 0.9223229885101318 27
1761498844093 0.9224281311035156 28
1761498844305 0.9222761988639832 29
1761498844529 0.9249420762062073 30
1761498844742 0.9185099601745605 31
1761498844955 0.919238269329071 32
1761498845170 0.9224652647972107 33
1761498845378 0.9206642508506775 34
1761498845588 0.917931854724884 35
1761498845799 0.9171529412269592 36
1761498846009 0.9192684888839722 37
1761498846235 0.9138075113296509 38
1761498846445 0.9136279821395874 39
1761498846657 0.914758563041687 40
1761498846866 0.9146540760993958 41
1761498847076 0.9128807783126831 42
1761498847292 0.9132177233695984 43
1761498847504 0.911496102809906 44
1761498847735 0.9093248248100281 45
1761498847952 0.911300003528595 46
1761498848162 0.9105798602104187 47
1761498848371 0.9082241058349609 48
1761498848579 0.9111612439155579 49
1761498837873 0.9712058305740356 0
