1761517174645 0.5263632535934448 0
1761517175089 0.539432168006897 1
1761517175524 0.539432168006897 2
1761517175887 0.5425867438316345 3
1761517176266 0.5570076704025269 4
1761517176637 0.5718792080879211 5
1761517177007 0.569625973701477 6
1761517177375 0.593961238861084 7
1761517177745 0.6173952221870422 8
1761517178112 0.6205497980117798 9
1761517178482 0.6255069971084595 10
1761517178854 0.6566020846366882 11
1761517179230 0.668319046497345 12
1761517179602 0.6705723404884338 13
1761517179980 0.6818386912345886 14
1761517180348 0.687697172164917 15
1761517180720 0.6840919256210327 16
1761517181091 0.6904010772705078 17
1761517181458 0.7205948829650879 18
1761517181823 0.7115817666053772 19
1761517182192 0.7201442122459412 20
1761517182562 0.7296079397201538 21
1761517182930 0.7264533638954163 22
1761517183276 0.7462821006774902 23
1761517183647 0.7471834421157837 24
1761517184015 0.7561964988708496 25
1761517184380 0.7697160840034485 26
1761517184749 0.762054979801178 27
1761517185120 0.7611536979675293 28
1761517185487 0.781883716583252 29
1761517185851 0.7809824347496033 30
1761517186217 0.7791798114776611 31
1761517186584 0.7782785296440125 32
1761517186958 0.7787291407585144 33
1761517187332 0.7949526906013489 34
1761517187698 0.8003605008125305 35
1761517188067 0.7931500673294067 36
1761517188432 0.8062190413475037 37
1761517188797 0.8003605008125305 38
1761517189167 0.8003605008125305 39
1761517189537 0.8134294748306274 40
1761517189900 0.8215412497520447 41
1761517190246 0.8228932023048401 42
1761517190613 0.8337088823318481 43
1761517190978 0.8346101641654968 44
1761517191322 0.8337088823318481 45
1761517191688 0.8346101641654968 46
1761517192057 0.8337088823318481 47
1761517192425 0.8170347213745117 48
1761517192787 0.8467778563499451 49
1761517174645 0.5263632535934448 0
