1761517174645 0.8939293622970581 0
1761517175089 0.8727030158042908 1
1761517175524 0.8673727512359619 2
1761517175887 0.863010048866272 3
1761517176266 0.857925534248352 4
1761517176637 0.8431746363639832 5
1761517177007 0.8435903787612915 6
1761517177375 0.8308959007263184 7
1761517177745 0.811208963394165 8
1761517178112 0.794151782989502 9
1761517178482 0.7844205498695374 10
1761517178854 0.7677552103996277 11
1761517179230 0.7540028095245361 12
1761517179602 0.7435327768325806 13
1761517179980 0.7246080040931702 14
1761517180348 0.7219845056533813 15
1761517180720 0.7110705971717834 16
1761517181091 0.712372899055481 17
1761517181458 0.6775309443473816 18
1761517181823 0.6754782199859619 19
1761517182192 0.6565439701080322 20
1761517182562 0.6534619927406311 21
1761517182930 0.6531065702438354 22
1761517183276 0.6261818408966064 23
1761517183647 0.6149001121520996 24
1761517184015 0.6078706383705139 25
1761517184380 0.5938532948493958 26
1761517184749 0.5849564075469971 27
1761517185120 0.5979872345924377 28
1761517185487 0.5633159875869751 29
1761517185851 0.5623899102210999 30
1761517186217 0.5586158037185669 31
1761517186584 0.5640848875045776 32
1761517186958 0.5595291256904602 33
1761517187332 0.5269553065299988 34
1761517187698 0.516668438911438 35
1761517188067 0.5265240669250488 36
1761517188432 0.4943765103816986 37
1761517188797 0.5038487911224365 38
1761517189167 0.5097859501838684 39
1761517189537 0.4834526777267456 40
1761517189900 0.4653918743133545 41
1761517190246 0.462539941072464 42
1761517190613 0.44768428802490234 43
1761517190978 0.44110432267189026 44
1761517191322 0.44068148732185364 45
1761517191688 0.44756194949150085 46
1761517192057 0.4332502484321594 47
1761517192425 0.4707106649875641 48
1761517192787 0.41556990146636963 49
1761517174645 0.8939293622970581 0
