1761601502146 0.4801623225212097 0
1761601502394 0.5009016990661621 1
1761601502623 0.5121731162071228 2
1761601502867 0.5410279631614685 3
1761601503209 0.5306582450866699 4
1761601503435 0.5414788126945496 5
1761601503668 0.5459873676300049 6
1761601503883 0.5595130920410156 7
1761601504135 0.5676285028457642 8
1761601504378 0.5707845091819763 9
1761601504621 0.5861136317253113 10
1761601504849 0.5874661803245544 11
1761601505081 0.597835898399353 12
1761601505307 0.597835898399353 13
1761601505522 0.6009919047355652 14
1761601505745 0.5969341993331909 15
1761601505964 0.6145175695419312 16
1761601506183 0.611361563205719 17
1761601506402 0.6082056164741516 18
1761601506621 0.6154192686080933 19
1761601506837 0.6257889866828918 20
1761601507058 0.6185752749443054 21
1761601507316 0.6298466920852661 22
1761601507609 0.6316501498222351 23
1761601507847 0.6384130120277405 24
1761601508061 0.6411181092262268 25
1761601508288 0.6339043974876404 26
1761601508527 0.6366095542907715 27
1761601508794 0.6316501498222351 28
1761601509009 0.6411181092262268 29
1761601509231 0.6433724164962769 30
1761601509446 0.6501352787017822 31
1761601509663 0.6492335200309753 32
1761601509878 0.6587015390396118 33
1761601510095 0.6573489904403687 34
1761601510314 0.6541929841041565 35
1761601510532 0.6650135517120361 36
1761601510753 0.6645626425743103 37
1761601510971 0.6686204075813293 38
1761601511177 0.6564472317695618 39
1761601511390 0.6713255047798157 40
1761601511605 0.6771866679191589 41
1761601511823 0.6708746552467346 42
1761601512042 0.6686204075813293 43
1761601512259 0.6749323606491089 44
1761601512474 0.6726781129837036 45
1761601512693 0.6785392165184021 46
1761601512910 0.6785392165184021 47
1761601513134 0.6785392165184021 48
1761601513357 0.6812443733215332 49
1761601502146 0.4801623225212097 0
