1761601502146 1.0052800178527832 0
1761601502394 0.9820014238357544 1
1761601502623 0.9747817516326904 2
1761601502867 0.9674491882324219 3
1761601503209 0.9618231654167175 4
1761601503435 0.9532840251922607 5
1761601503668 0.9473399519920349 6
1761601503883 0.9379402995109558 7
1761601504135 0.9302316904067993 8
1761601504378 0.9226012825965881 9
1761601504621 0.9171502590179443 10
1761601504849 0.9109683036804199 11
1761601505081 0.9035062193870544 12
1761601505307 0.8958487510681152 13
1761601505522 0.8925136923789978 14
1761601505745 0.8873166441917419 15
1761601505964 0.8778213262557983 16
1761601506183 0.8735276460647583 17
1761601506402 0.8745860457420349 18
1761601506621 0.8609612584114075 19
1761601506837 0.8528181314468384 20
1761601507058 0.8571314811706543 21
1761601507316 0.8478807210922241 22
1761601507609 0.8389624357223511 23
1761601507847 0.8320998549461365 24
1761601508061 0.829068124294281 25
1761601508288 0.8315275311470032 26
1761601508527 0.8222178816795349 27
1761601508794 0.8282108306884766 28
1761601509009 0.8164992928504944 29
1761601509231 0.8159622550010681 30
1761601509446 0.8048570156097412 31
1761601509663 0.7983061075210571 32
1761601509878 0.7988082766532898 33
1761601510095 0.7875786423683167 34
1761601510314 0.796051561832428 35
1761601510532 0.7838026881217957 36
1761601510753 0.7848131656646729 37
1761601510971 0.7779322862625122 38
1761601511177 0.7921676635742188 39
1761601511390 0.7689692378044128 40
1761601511605 0.7683969140052795 41
1761601511823 0.7574610114097595 42
1761601512042 0.7616114020347595 43
1761601512259 0.7613837718963623 44
1761601512474 0.7558388113975525 45
1761601512693 0.7524023056030273 46
1761601512910 0.7506880164146423 47
1761601513134 0.7474614381790161 48
1761601513357 0.745121955871582 49
1761601502146 1.0052800178527832 0
