1761610910569 0.44815149903297424 0
1761610910939 0.4553651809692383 1
1761610911311 0.451307475566864 2
1761610911652 0.47069433331489563 3
1761610911986 0.4589720368385315 4
1761610912353 0.47069433331489563 5
1761610912721 0.47069433331489563 6
1761610913070 0.47069433331489563 7
1761610913415 0.4702434539794922 8
1761610913752 0.4693417549133301 9
1761610914084 0.47339946031570435 10
1761610914432 0.47610458731651306 11
1761610914790 0.47069433331489563 12
1761610915127 0.4670874774456024 13
1761610915471 0.4797114431858063 14
1761610915800 0.4765554666519165 15
1761610916134 0.475653737783432 16
1761610916479 0.48061317205429077 17
1761610916812 0.4792605936527252 18
1761610917147 0.47880974411964417 19
1761610917504 0.4824165999889374 20
1761610917849 0.47520288825035095 21
1761610918181 0.48376914858818054 22
1761610918539 0.4927862882614136 23
1761610918946 0.4860234558582306 24
1761610919269 0.49504056572914124 25
1761610919602 0.48557257652282715 26
1761610919939 0.48917943239212036 27
1761610920285 0.4981965720653534 28
1761610920656 0.4927862882614136 29
1761610921015 0.4905320107936859 30
1761610921362 0.49323713779449463 31
1761610921694 0.500450849533081 32
1761610922031 0.5027051568031311 33
1761610922386 0.5162308216094971 34
1761610922721 0.5202885270118713 35
1761610923052 0.5184851288795471 36
1761610923384 0.5162308216094971 37
1761610923722 0.5180342793464661 38
1761610924054 0.5180342793464661 39
1761610924392 0.5306582450866699 40
1761610924730 0.53291255235672 41
1761610925054 0.5184851288795471 42
1761610925390 0.5266005396842957 43
1761610925727 0.5320107936859131 44
1761610926070 0.5288548469543457 45
1761610926407 0.5320107936859131 46
1761610926739 0.5351668000221252 47
1761610927075 0.5270513892173767 48
1761610927418 0.5356176495552063 49
1761610910569 0.44815149903297424 0
