1761610910569 1.0444469451904297 0
1761610910939 1.0370640754699707 1
1761610911311 1.0344836711883545 2
1761610911652 1.0320861339569092 3
1761610911986 1.0332156419754028 4
1761610912353 1.030118703842163 5
1761610912721 1.031897783279419 6
1761610913070 1.0262973308563232 7
1761610913415 1.0299278497695923 8
1761610913752 1.027779221534729 9
1761610914084 1.0232264995574951 10
1761610914432 1.0227402448654175 11
1761610914790 1.0203708410263062 12
1761610915127 1.0173289775848389 13
1761610915471 1.0163731575012207 14
1761610915800 1.0163297653198242 15
1761610916134 1.0170116424560547 16
1761610916479 1.0164910554885864 17
1761610916812 1.015224814414978 18
1761610917147 1.0131410360336304 19
1761610917504 1.0102189779281616 20
1761610917849 1.0168359279632568 21
1761610918181 1.0127348899841309 22
1761610918539 1.0095492601394653 23
1761610918946 1.0083467960357666 24
1761610919269 1.0063581466674805 25
1761610919602 1.0038237571716309 26
1761610919939 1.0039358139038086 27
1761610920285 1.0060003995895386 28
1761610920656 1.0019623041152954 29
1761610921015 1.0060791969299316 30
1761610921362 0.9982150793075562 31
1761610921694 0.995258092880249 32
1761610922031 0.9985249042510986 33
1761610922386 0.9953204989433289 34
1761610922721 0.9923415780067444 35
1761610923052 0.9889711737632751 36
1761610923384 0.9885944128036499 37
1761610923722 0.9869755506515503 38
1761610924054 0.9868868589401245 39
1761610924392 0.9824586510658264 40
1761610924730 0.9841005802154541 41
1761610925054 0.9877334237098694 42
1761610925390 0.9829643368721008 43
1761610925727 0.9793103337287903 44
1761610926070 0.9849891066551208 45
1761610926407 0.979111909866333 46
1761610926739 0.9773823022842407 47
1761610927075 0.9772652983665466 48
1761610927418 0.978099524974823 49
1761610910569 1.0444469451904297 0
