1761609518149 0.46393147110939026 0
1761609518546 0.4684400260448456 1
1761609518908 0.4661857485771179 2
1761609519297 0.4693417549133301 3
1761609519650 0.4652840495109558 4
1761609520007 0.451307475566864 5
1761609520349 0.45671775937080383 6
1761609520705 0.468890905380249 7
1761609521059 0.47339946031570435 8
1761609521433 0.4738503098487854 9
1761609521830 0.4625788927078247 10
1761609522185 0.4738503098487854 11
1761609522554 0.475653737783432 12
1761609522905 0.4729486107826233 13
1761609523242 0.47159603238105774 14
1761609523573 0.4702434539794922 15
1761609523910 0.484220027923584 16
1761609524255 0.47880974411964417 17
1761609524609 0.48196572065353394 18
1761609524968 0.4810640215873718 19
1761609525323 0.4792605936527252 20
1761609525674 0.47610458731651306 21
1761609526043 0.47610458731651306 22
1761609526385 0.48286744952201843 23
1761609526780 0.484220027923584 24
1761609527189 0.48196572065353394 25
1761609527564 0.4896303117275238 26
1761609527910 0.48196572065353394 27
1761609528256 0.4833182990550995 28
1761609528624 0.48467087745666504 29
1761609528960 0.4801623225212097 30
1761609529328 0.4963931441307068 31
1761609529676 0.49008116126060486 32
1761609530056 0.4923354387283325 33
1761609530406 0.49594229459762573 34
1761609530745 0.49864742159843445 35
1761609531106 0.4972948729991913 36
1761609531458 0.49684399366378784 37
1761609531808 0.49594229459762573 38
1761609532187 0.5112714171409607 39
1761609532542 0.5054102540016174 40
1761609532892 0.5103697180747986 41
1761609533264 0.5166816711425781 42
1761609533595 0.5099188685417175 43
1761609533924 0.5198376774787903 44
1761609534264 0.5166816711425781 45
1761609534660 0.5247971415519714 46
1761609535019 0.5207393765449524 47
1761609535349 0.5293056964874268 48
1761609535696 0.53291255235672 49
1761609518149 0.46393147110939026 0
