1761609518149 1.0748695135116577 0
1761609518546 1.0296871662139893 1
1761609518908 1.032265067100525 2
1761609519297 1.0270013809204102 3
1761609519650 1.0299638509750366 4
1761609520007 1.030502438545227 5
1761609520349 1.029928207397461 6
1761609520705 1.0255666971206665 7
1761609521059 1.0263173580169678 8
1761609521433 1.0227322578430176 9
1761609521830 1.0265142917633057 10
1761609522185 1.0194493532180786 11
1761609522554 1.0165584087371826 12
1761609522905 1.0160359144210815 13
1761609523242 1.0174782276153564 14
1761609523573 1.0171910524368286 15
1761609523910 1.0170015096664429 16
1761609524255 1.0142244100570679 17
1761609524609 1.0143063068389893 18
1761609524968 1.0165027379989624 19
1761609525323 1.0162514448165894 20
1761609525674 1.014534592628479 21
1761609526043 1.0114001035690308 22
1761609526385 1.0138953924179077 23
1761609526780 1.0083776712417603 24
1761609527189 1.0093562602996826 25
1761609527564 1.0085487365722656 26
1761609527910 1.0113784074783325 27
1761609528256 1.0089635848999023 28
1761609528624 1.0087523460388184 29
1761609528960 1.0056383609771729 30
1761609529328 1.0028729438781738 31
1761609529676 1.0066421031951904 32
1761609530056 1.0068423748016357 33
1761609530406 1.0040258169174194 34
1761609530745 0.99985671043396 35
1761609531106 0.9996160864830017 36
1761609531458 1.0000423192977905 37
1761609531808 0.9958401322364807 38
1761609532187 0.9937272071838379 39
1761609532542 0.995809018611908 40
1761609532892 0.9950476288795471 41
1761609533264 0.9890166521072388 42
1761609533595 0.9897891283035278 43
1761609533924 0.9894846677780151 44
1761609534264 0.9890556335449219 45
1761609534660 0.9843609929084778 46
1761609535019 0.9833689332008362 47
1761609535349 0.9806550741195679 48
1761609535696 0.9792872071266174 49
1761609518149 1.0748695135116577 0
