1761590458234 0.4373309314250946 0
1761590459294 0.4562669098377228 1
1761590460272 0.451307475566864 2
1761590461246 0.46573489904403687 3
1761590462315 0.46979260444641113 4
1761590463357 0.47700631618499756 5
1761590464397 0.47790801525115967 6
1761590465394 0.48737600445747375 7
1761590466325 0.4815148711204529 8
1761590467242 0.5085662603378296 9
1761590468180 0.5180342793464661 10
1761590469107 0.515779972076416 11
1761590470061 0.5184851288795471 12
1761590470997 0.5455365180969238 13
1761590472062 0.5455365180969238 14
1761590473018 0.5653741955757141 15
1761590473979 0.5671776533126831 16
1761590474958 0.5748422145843506 17
1761590475964 0.5897204875946045 18
1761590477007 0.6091073155403137 19
1761590478093 0.6118124723434448 20
1761590479119 0.6140667200088501 21
1761590480386 0.6280432939529419 22
1761590481553 0.6257889866828918 23
1761590482955 0.6203787326812744 24
1761590485258 0.6411181092262268 25
1761590486339 0.6573489904403687 26
1761590487446 0.6411181092262268 27
1761590488489 0.6645626425743103 28
1761590489652 0.662308394908905 29
1761590490717 0.6785392165184021 30
1761590491742 0.6825969219207764 31
1761590493141 0.6988277435302734 32
1761590494254 0.6898106336593628 33
1761590495364 0.6992786526679993 34
1761590496578 0.7055906057357788 35
1761590497752 0.7073940634727478 36
1761590499237 0.7213705778121948 37
1761590501234 0.7330929040908813 38
1761590502565 0.726330041885376 39
1761590504112 0.7430117130279541 40
1761590506403 0.7430117130279541 41
1761590507370 0.7714157104492188 42
1761590508315 0.773219108581543 43
1761590509381 0.7407574653625488 44
1761590510501 0.7623985409736633 45
1761590511628 0.7813345193862915 46
1761590512712 0.7804328203201294 47
1761590513800 0.7980162501335144 48
1761590515525 0.7759242653846741 49
1761590516916 0.7885482311248779 50
1761590518477 0.8146979212760925 51
1761590520126 0.8074842095375061 52
1761590521892 0.8155996203422546 53
1761590523504 0.8264201879501343 54
1761590524742 0.821911633014679 55
1761590525965 0.8340847492218018 56
1761590527442 0.8363390564918518 57
1761590528866 0.8449053168296814 58
1761590530063 0.8467087745666504 59
1761590531563 0.8313795924186707 60
1761590532731 0.8503155708312988 61
1761590533930 0.8512173295021057 62
1761590535030 0.8530207276344299 63
1761590535993 0.8742110133171082 64
1761590537151 0.8809738755226135 65
1761590538144 0.8674481511116028 66
1761590539165 0.8697024583816528 67
1761590540106 0.868800699710846 68
1761590541121 0.869251549243927 69
1761590542163 0.8836789727210999 70
1761590543228 0.8935978412628174 71
1761590544291 0.9003607034683228 72
1761590545286 0.8935978412628174 73
1761590546307 0.8967538475990295 74
1761590547307 0.8800721168518066 75
1761590548288 0.8972046971321106 76
1761590549233 0.8976555466651917 77
1761590550205 0.9116321206092834 78
1761590551270 0.9057709574699402 79
1761590552578 0.902164101600647 80
1761590553935 0.9120829701423645 81
1761590555156 0.9404869079589844 82
1761590556369 0.9206492304801941 83
1761590557820 0.9084761142730713 84
1761590559353 0.9206492304801941 85
1761590560842 0.9350766539573669 86
1761590562236 0.9310189485549927 87
1761590563387 0.9314697980880737 88
1761590564436 0.9229035377502441 89
1761590565612 0.9296663403511047 90
1761590566646 0.9192966818809509 91
1761590567658 0.935527503490448 92
1761590568645 0.9413886666297913 93
1761590569637 0.9337241053581238 94
1761590570731 0.9233543872833252 95
1761590571701 0.8985572457313538 96
1761590572714 0.9238052368164062 97
1761590573668 0.9422903656959534 98
1761590574647 0.952660083770752 99
1761590458234 0.4373309314250946 0
