1761590458234 1.0610816478729248 0
1761590459294 1.0514497756958008 1
1761590460272 1.0519843101501465 2
1761590461246 1.0451562404632568 3
1761590462315 1.0415788888931274 4
1761590463357 1.0338878631591797 5
1761590464397 1.0316979885101318 6
1761590465394 1.02596116065979 7
1761590466325 1.015631914138794 8
1761590467242 1.0019919872283936 9
1761590468180 0.997115433216095 10
1761590469107 0.984691321849823 11
1761590470061 0.9826338887214661 12
1761590470997 0.9435657858848572 13
1761590472062 0.9454179406166077 14
1761590473018 0.9275431632995605 15
1761590473979 0.9249414205551147 16
1761590474958 0.9022825956344604 17
1761590475964 0.8936303853988647 18
1761590477007 0.8687075972557068 19
1761590478093 0.857383131980896 20
1761590479119 0.8410071730613708 21
1761590480386 0.8321399092674255 22
1761590481553 0.8189699649810791 23
1761590482955 0.7975173592567444 24
1761590485258 0.8049924373626709 25
1761590486339 0.774963915348053 26
1761590487446 0.7767313122749329 27
1761590488489 0.7530890107154846 28
1761590489652 0.7409815192222595 29
1761590490717 0.730448305606842 30
1761590491742 0.7167919874191284 31
1761590493141 0.691013514995575 32
1761590494254 0.6949005126953125 33
1761590495364 0.6675736308097839 34
1761590496578 0.6644160151481628 35
1761590497752 0.641717255115509 36
1761590499237 0.6329623460769653 37
1761590501234 0.6032316088676453 38
1761590502565 0.6061115860939026 39
1761590504112 0.5962581634521484 40
1761590506403 0.5819289088249207 41
1761590507370 0.5378252863883972 42
1761590508315 0.5307390689849854 43
1761590509381 0.5821394324302673 44
1761590510501 0.5421721935272217 45
1761590511628 0.5122734308242798 46
1761590512712 0.49972790479660034 47
1761590513800 0.466343492269516 48
1761590515525 0.5216068029403687 49
1761590516916 0.4735344648361206 50
1761590518477 0.4322737753391266 51
1761590520126 0.4345899522304535 52
1761590521892 0.4235542118549347 53
1761590523504 0.40587154030799866 54
1761590524742 0.4050731658935547 55
1761590525965 0.3870117962360382 56
1761590527442 0.3842134177684784 57
1761590528866 0.36841776967048645 58
1761590530063 0.38006630539894104 59
1761590531563 0.37970903515815735 60
1761590532731 0.35907095670700073 61
1761590533930 0.35608306527137756 62
1761590535030 0.34859761595726013 63
1761590535993 0.294135183095932 64
1761590537151 0.2869065999984741 65
1761590538144 0.3052454888820648 66
1761590539165 0.3003517687320709 67
1761590540106 0.3210418224334717 68
1761590541121 0.3134261667728424 69
1761590542163 0.26987960934638977 70
1761590543228 0.2638270854949951 71
1761590544291 0.2405175119638443 72
1761590545286 0.25388097763061523 73
1761590546307 0.25215616822242737 74
1761590547307 0.28285831212997437 75
1761590548288 0.24660685658454895 76
1761590549233 0.23699940741062164 77
1761590550205 0.20581336319446564 78
1761590551270 0.23024551570415497 79
1761590552578 0.2325928956270218 80
1761590553935 0.20973075926303864 81
1761590555156 0.15579606592655182 82
1761590556369 0.20471607148647308 83
1761590557820 0.2293432205915451 84
1761590559353 0.18993094563484192 85
1761590560842 0.17137408256530762 86
1761590562236 0.17434367537498474 87
1761590563387 0.16650156676769257 88
1761590564436 0.19048231840133667 89
1761590565612 0.17337574064731598 90
1761590566646 0.20306025445461273 91
1761590567658 0.17040719091892242 92
1761590568645 0.14622490108013153 93
1761590569637 0.16446520388126373 94
1761590570731 0.21112537384033203 95
1761590571701 0.266577810049057 96
1761590572714 0.18307450413703918 97
1761590573668 0.15179692208766937 98
1761590574647 0.12887416779994965 99
1761590458234 1.0610816478729248 0
