1761463332666 0.9789838790893555 0
1761463333101 0.956851601600647 1
1761463333395 0.9500289559364319 2
1761463333705 0.9406333565711975 3
1761463334014 0.9375575184822083 4
1761463334308 0.9300867915153503 5
1761463334600 0.9229401350021362 6
1761463334903 0.9251922965049744 7
1761463335211 0.9204590320587158 8
1761463335492 0.9116871356964111 9
1761463335779 0.9071158170700073 10
1761463336081 0.9029887318611145 11
1761463336366 0.8951478600502014 12
1761463336676 0.8946620225906372 13
1761463336970 0.8886421322822571 14
1761463337258 0.8826128840446472 15
1761463337547 0.8797333240509033 16
1761463337833 0.8744723200798035 17
1761463338136 0.8655636310577393 18
1761463338420 0.8705607652664185 19
1761463338709 0.8583249449729919 20
1761463339015 0.8585494160652161 21
1761463339297 0.8573086261749268 22
1761463339582 0.8493564128875732 23
1761463339863 0.8484631776809692 24
1761463340180 0.8400282859802246 25
1761463340464 0.8377498984336853 26
1761463340751 0.8327421545982361 27
1761463341051 0.8289753198623657 28
1761463341333 0.8233646750450134 29
1761463341625 0.8176741003990173 30
1761463341985 0.8111101388931274 31
1761463342545 0.8115500807762146 32
1761463342921 0.8066262602806091 33
1761463343526 0.8000391721725464 34
1761463343836 0.8009785413742065 35
1761463344253 0.7983474731445312 36
1761463345105 0.7892654538154602 37
1761463345826 0.7819935083389282 38
1761463346436 0.7848753333091736 39
1761463346763 0.7834202647209167 40
1761463347118 0.7774021625518799 41
1761463347574 0.7714821100234985 42
1761463348485 0.774718165397644 43
1761463349025 0.763678789138794 44
1761463349689 0.7677607536315918 45
1761463350157 0.7562830448150635 46
1761463350699 0.760384202003479 47
1761463351589 0.7522322535514832 48
1761463352778 0.74531090259552 49
1761463332666 0.9789838790893555 0
