1761606038049 0.4251577854156494 0
1761606038293 0.4296663701534271 1
1761606038510 0.44364291429519653 2
1761606038723 0.4562669098377228 3
1761606038945 0.43056806921958923 4
1761606039161 0.47249773144721985 5
1761606039374 0.46212804317474365 6
1761606039592 0.47520288825035095 7
1761606039808 0.4824165999889374 8
1761606040027 0.49008116126060486 9
1761606040242 0.48647430539131165 10
1761606040462 0.4878268837928772 11
1761606040680 0.4905320107936859 12
1761606040901 0.5094679594039917 13
1761606041116 0.5211902856826782 14
1761606041331 0.5293056964874268 15
1761606041542 0.5166816711425781 16
1761606041760 0.5320107936859131 17
1761606041979 0.5401262640953064 18
1761606042195 0.5455365180969238 19
1761606042414 0.5590622425079346 20
1761606042628 0.5671776533126831 21
1761606042841 0.564021646976471 22
1761606043059 0.5793507695198059 23
1761606043279 0.5712353587150574 24
1761606043500 0.5775473117828369 25
1761606043717 0.5861136317253113 26
1761606043939 0.5883678793907166 27
1761606044154 0.5856627821922302 28
1761606044368 0.6023444533348083 29
1761606044583 0.6023444533348083 30
1761606044797 0.6055004596710205 31
1761606045015 0.6086564660072327 32
1761606045232 0.6149684190750122 33
1761606045443 0.628494143486023 34
1761606045659 0.6172227263450623 35
1761606045875 0.628944993019104 36
1761606046097 0.6302975416183472 37
1761606046311 0.628494143486023 38
1761606046532 0.6239855885505676 39
1761606046748 0.6474301218986511 40
1761606046968 0.6537421345710754 41
1761606047185 0.6550946831703186 42
1761606047404 0.6469792723655701 43
1761606047617 0.6523895263671875 44
1761606047838 0.6668169498443604 45
1761606048055 0.6713255047798157 46
1761606048268 0.6708746552467346 47
1761606048476 0.6807935237884521 48
1761606048691 0.6789900660514832 49
1761606038049 0.4251577854156494 0
