1761606038049 1.0807377099990845 0
1761606038293 1.0692381858825684 1
1761606038510 1.0507597923278809 2
1761606038723 1.042396068572998 3
1761606038945 1.058100938796997 4
1761606039161 1.0378402471542358 5
1761606039374 1.040857195854187 6
1761606039592 1.0278334617614746 7
1761606039808 1.021193265914917 8
1761606040027 1.0239500999450684 9
1761606040242 1.0162203311920166 10
1761606040462 1.0138435363769531 11
1761606040680 1.004096269607544 12
1761606040901 0.9948022961616516 13
1761606041116 0.9860084652900696 14
1761606041331 0.9725656509399414 15
1761606041542 0.9813883900642395 16
1761606041760 0.9645131826400757 17
1761606041979 0.9528378248214722 18
1761606042195 0.9485665559768677 19
1761606042414 0.9343804121017456 20
1761606042628 0.930643618106842 21
1761606042841 0.9261099100112915 22
1761606043059 0.9122978448867798 23
1761606043279 0.9101447463035583 24
1761606043500 0.9045032262802124 25
1761606043717 0.8958125710487366 26
1761606043939 0.8894871473312378 27
1761606044154 0.8860886693000793 28
1761606044368 0.8705812692642212 29
1761606044583 0.8686496019363403 30
1761606044797 0.8627435564994812 31
1761606045015 0.857270359992981 32
1761606045232 0.8472310900688171 33
1761606045443 0.8407754898071289 34
1761606045659 0.8360775113105774 35
1761606045875 0.8302777409553528 36
1761606046097 0.8217281699180603 37
1761606046311 0.8197786211967468 38
1761606046532 0.8139136433601379 39
1761606046748 0.8008098006248474 40
1761606046968 0.7951210141181946 41
1761606047185 0.7873556613922119 42
1761606047404 0.7912968397140503 43
1761606047617 0.7858195900917053 44
1761606047838 0.7779988646507263 45
1761606048055 0.7689740657806396 46
1761606048268 0.7604395151138306 47
1761606048476 0.7537766098976135 48
1761606048691 0.7551886439323425 49
1761606038049 1.0807377099990845 0
