1761525984562 0.7602523565292358 0
1761525985346 0.8287516832351685 1
1761525986174 0.8287516832351685 2
1761525987029 0.8296530246734619 3
1761525987761 0.8292023539543152 4
1761525988450 0.8328076004981995 5
1761525989216 0.8310049772262573 6
1761525989913 0.8332582116127014 7
1761525990600 0.8328076004981995 8
1761525991259 0.8341595530509949 9
1761525991837 0.8368634581565857 10
1761525992677 0.8373141288757324 11
1761525993234 0.8368634581565857 12
1761525993920 0.8413699865341187 13
1761525994538 0.8418206572532654 14
1761525995247 0.8422712683677673 15
1761525995947 0.8431726098060608 16
1761525996650 0.8440738916397095 17
1761525997273 0.8449752330780029 18
1761525998076 0.8467778563499451 19
1761525998899 0.8485804200172424 20
1761525999583 0.85173499584198 21
1761526000241 0.8521856665611267 22
1761526000911 0.8463271856307983 23
1761526001590 0.8548895716667175 24
1761526002294 0.851284384727478 25
1761526003079 0.8562415242195129 26
1761526003976 0.8548895716667175 27
1761526004651 0.8607481122016907 28
1761526005490 0.8589454889297485 29
1761526006248 0.8584948182106018 30
1761526007065 0.8630013465881348 31
1761526007977 0.866606593132019 32
1761526009165 0.8616493940353394 33
1761526009974 0.8630013465881348 34
1761526010595 0.871113121509552 35
1761526011286 0.8702117800712585 36
1761526011978 0.8688598275184631 37
1761526012764 0.8702117800712585 38
1761526013534 0.867057204246521 39
1761526014290 0.8715637922286987 40
1761526015040 0.871113121509552 41
1761526015999 0.8724650740623474 42
1761526016858 0.8765209317207336 43
1761526017571 0.8792248964309692 44
1761526018511 0.8783235549926758 45
1761526019405 0.8868860006332397 46
1761526020200 0.8814781308174133 47
1761526021544 0.8832807540893555 48
1761526022775 0.8855340480804443 49
1761525984562 0.7602523565292358 0
