1761525984562 0.6661848425865173 0
1761525985346 0.5481942296028137 1
1761525986174 0.5355128645896912 2
1761525987029 0.5259687304496765 3
1761525987761 0.5219231843948364 4
1761525988450 0.514366626739502 5
1761525989216 0.5068615078926086 6
1761525989913 0.5021687746047974 7
1761525990600 0.49415212869644165 8
1761525991259 0.48863622546195984 9
1761525991837 0.47954779863357544 10
1761525992677 0.47608521580696106 11
1761525993234 0.47022297978401184 12
1761525993920 0.4643981456756592 13
1761525994538 0.4601459503173828 14
1761525995247 0.45359066128730774 15
1761525995947 0.45380833745002747 16
1761525996650 0.4475288987159729 17
1761525997273 0.43720167875289917 18
1761525998076 0.43652820587158203 19
1761525998899 0.42856091260910034 20
1761525999583 0.42412069439888 21
1761526000241 0.4225647747516632 22
1761526000911 0.4171312153339386 23
1761526001590 0.41233205795288086 24
1761526002294 0.4100474715232849 25
1761526003079 0.40260037779808044 26
1761526003976 0.40397122502326965 27
1761526004651 0.3945876955986023 28
1761526005490 0.39093729853630066 29
1761526006248 0.38510385155677795 30
1761526007065 0.3803290128707886 31
1761526007977 0.3722143769264221 32
1761526009165 0.3711468279361725 33
1761526009974 0.36714935302734375 34
1761526010595 0.35930290818214417 35
1761526011286 0.3571152687072754 36
1761526011978 0.3516978323459625 37
1761526012764 0.35000282526016235 38
1761526013534 0.3503475785255432 39
1761526014290 0.3475761115550995 40
1761526015040 0.3375047445297241 41
1761526015999 0.33662351965904236 42
1761526016858 0.3416675627231598 43
1761526017571 0.3331303000450134 44
1761526018511 0.32408443093299866 45
1761526019405 0.3200872838497162 46
1761526020200 0.3220784664154053 47
1761526021544 0.31041303277015686 48
1761526022775 0.3130030930042267 49
1761525984562 0.6661848425865173 0
