1761464088262 0.45966652035713196 0
1761464089326 0.4907616078853607 1
1761464090361 0.4754393994808197 2
1761464091433 0.5033798813819885 3
1761464092417 0.5069851279258728 4
1761464093419 0.5065344572067261 5
1761464094598 0.5065344572067261 6
1761464095600 0.5164488554000854 7
1761464096613 0.5389814972877502 8
1761464097606 0.5421360731124878 9
1761464098612 0.5443893671035767 10
1761464099711 0.5525011420249939 11
1761464100982 0.5597115755081177 12
1761464102015 0.5583596229553223 13
1761464103016 0.5646687746047974 14
1761464104021 0.5606129169464111 15
1761464105128 0.5781883597373962 16
1761464106162 0.5944119095802307 17
1761464107180 0.5813429355621338 18
1761464108550 0.5745831727981567 19
1761464109750 0.602523684501648 20
1761464111053 0.6115367412567139 21
1761464112331 0.602523684501648 22
1761464113513 0.6327174305915833 23
1761464114598 0.6295628547668457 24
1761464115657 0.6475890278816223 25
1761464116814 0.6327174305915833 26
1761464117924 0.648490309715271 27
1761464118953 0.6457864046096802 28
1761464119997 0.6624605655670166 29
1761464121028 0.6660658121109009 30
1761464122195 0.6633618474006653 31
1761464123443 0.6858945488929749 32
1761464124453 0.6913023591041565 33
1761464125483 0.6854438781738281 34
1761464126525 0.6899504065513611 35
1761464127647 0.7066246271133423 36
1761464128696 0.7070752382278442 37
1761464129735 0.7120324373245239 38
1761464130772 0.7282559871673584 39
1761464131788 0.7372690439224243 40
1761464132878 0.742676854133606 41
1761464134052 0.7539432048797607 42
1761464135072 0.742226243019104 43
1761464136085 0.7634069323539734 44
1761464137120 0.772870659828186 45
1761464138198 0.7850382924079895 46
1761464139503 0.7697160840034485 47
1761464140509 0.7805317640304565 48
1761464141551 0.7994592189788818 49
1761464088262 0.45966652035713196 0
