1761464088262 0.9833435416221619 0
1761464089326 0.9495524764060974 1
1761464090361 0.9591609835624695 2
1761464091433 0.9369100332260132 3
1761464092417 0.9358343482017517 4
1761464093419 0.9347025752067566 5
1761464094598 0.9272257685661316 6
1761464095600 0.9335639476776123 7
1761464096613 0.9221392869949341 8
1761464097606 0.9152254462242126 9
1761464098612 0.9152921438217163 10
1761464099711 0.8979405164718628 11
1761464100982 0.9013254642486572 12
1761464102015 0.8946901559829712 13
1761464103016 0.8887649774551392 14
1761464104021 0.8892214298248291 15
1761464105128 0.8769071102142334 16
1761464106162 0.859825074672699 17
1761464107180 0.8736602067947388 18
1761464108550 0.8689186573028564 19
1761464109750 0.8487173318862915 20
1761464111053 0.8380262851715088 21
1761464112331 0.8377739787101746 22
1761464113513 0.8146044611930847 23
1761464114598 0.8050409555435181 24
1761464115657 0.8018047213554382 25
1761464116814 0.8034378290176392 26
1761464117924 0.7845677137374878 27
1761464118953 0.7806201577186584 28
1761464119997 0.760740339756012 29
1761464121028 0.7612181901931763 30
1761464122195 0.7502390742301941 31
1761464123443 0.7225573658943176 32
1761464124453 0.713868260383606 33
1761464125483 0.7100849747657776 34
1761464126525 0.6953490376472473 35
1761464127647 0.6796315908432007 36
1761464128696 0.6735923886299133 37
1761464129735 0.6620872020721436 38
1761464130772 0.6310194730758667 39
1761464131788 0.6170043349266052 40
1761464132878 0.6007731556892395 41
1761464134052 0.5826997756958008 42
1761464135072 0.5868920683860779 43
1761464136085 0.540821373462677 44
1761464137120 0.5348676443099976 45
1761464138198 0.5110390186309814 46
1761464139503 0.5213791728019714 47
1761464140509 0.49991193413734436 48
1761464141551 0.4685722589492798 49
1761464088262 0.9833435416221619 0
