1761604970346 0.39765554666519165 0
1761604970671 0.43056806921958923 1
1761604970987 0.44724977016448975 2
1761604971277 0.451307475566864 3
1761604971621 0.4634806215763092 4
1761604971913 0.4679891765117645 5
1761604972201 0.48917943239212036 6
1761604972491 0.4783588945865631 7
1761604972760 0.49594229459762573 8
1761604973050 0.5063120126724243 9
1761604973336 0.49368801712989807 10
1761604973624 0.5072137117385864 11
1761604973902 0.515329122543335 12
1761604974182 0.5324617028236389 13
1761604974496 0.5211902856826782 14
1761604974792 0.5207393765449524 15
1761604975085 0.5297565460205078 16
1761604975384 0.5369702577590942 17
1761604975663 0.5541027784347534 18
1761604975950 0.5545536279678345 19
1761604976240 0.5365194082260132 20
1761604976571 0.5536519289016724 21
1761604976847 0.5631199479103088 22
1761604977148 0.5626690983772278 23
1761604977435 0.5599639415740967 24
1761604977756 0.5617673397064209 25
1761604978049 0.5779982209205627 26
1761604978354 0.5883678793907166 27
1761604978641 0.595581591129303 28
1761604978911 0.5725879073143005 29
1761604979206 0.5964832901954651 30
1761604979491 0.6082056164741516 31
1761604979817 0.6172227263450623 32
1761604980099 0.6045987606048584 33
1761604980369 0.6036970019340515 34
1761604980654 0.6181244254112244 35
1761604980947 0.6239855885505676 36
1761604981252 0.6221821308135986 37
1761604981555 0.6298466920852661 38
1761604981849 0.6348061561584473 39
1761604982153 0.630748450756073 40
1761604982445 0.6343552470207214 41
1761604982743 0.6501352787017822 42
1761604983035 0.644274115562439 43
1761604983332 0.6505861282348633 44
1761604983637 0.6456266641616821 45
1761604983937 0.6636609435081482 46
1761604984233 0.6510369777679443 47
1761604984538 0.6659152507781982 48
1761604984820 0.6830477714538574 49
1761604970346 0.39765554666519165 0
