1761604970346 1.1147894859313965 0
1761604970671 1.070143699645996 1
1761604970987 1.0557249784469604 2
1761604971277 1.0623619556427002 3
1761604971621 1.0507316589355469 4
1761604971913 1.0435141324996948 5
1761604972201 1.0370826721191406 6
1761604972491 1.0320065021514893 7
1761604972760 1.0214581489562988 8
1761604973050 1.0179450511932373 9
1761604973336 1.0164053440093994 10
1761604973624 1.003748893737793 11
1761604973902 0.9966129660606384 12
1761604974182 0.9833824634552002 13
1761604974496 0.9910148978233337 14
1761604974792 0.9903603196144104 15
1761604975085 0.9846798181533813 16
1761604975384 0.9722490906715393 17
1761604975663 0.9598345756530762 18
1761604975950 0.951339602470398 19
1761604976240 0.9596230387687683 20
1761604976571 0.9424652457237244 21
1761604976847 0.9305652379989624 22
1761604977148 0.9218353033065796 23
1761604977435 0.9218994975090027 24
1761604977756 0.922196090221405 25
1761604978049 0.8976126909255981 26
1761604978354 0.9011470079421997 27
1761604978641 0.887954831123352 28
1761604978911 0.9040257930755615 29
1761604979206 0.8760393261909485 30
1761604979491 0.8640667796134949 31
1761604979817 0.8553726077079773 32
1761604980099 0.8521332144737244 33
1761604980369 0.8608255982398987 34
1761604980654 0.8475019335746765 35
1761604980947 0.8342154026031494 36
1761604981252 0.8280467987060547 37
1761604981555 0.8123005628585815 38
1761604981849 0.8033816814422607 39
1761604982153 0.8054008483886719 40
1761604982445 0.8152088522911072 41
1761604982743 0.782844603061676 42
1761604983035 0.8019902110099792 43
1761604983332 0.7818862199783325 44
1761604983637 0.772627055644989 45
1761604983937 0.7551653981208801 46
1761604984233 0.7719433903694153 47
1761604984538 0.7457844018936157 48
1761604984820 0.7216659188270569 49
1761604970346 1.1147894859313965 0
