1761521822597 0.5367282629013062 0
1761521824814 0.5601622462272644 1
1761521826851 0.5570076704025269 2
1761521829148 0.5664713978767395 3
1761521831228 0.5642181038856506 4
1761521833265 0.5984677672386169 5
1761521835223 0.6124380230903625 6
1761521837236 0.6043262481689453 7
1761521839145 0.6210004687309265 8
1761521841048 0.6241550445556641 9
1761521842985 0.6322667598724365 10
1761521845141 0.6448850631713867 11
1761521847593 0.6566020846366882 12
1761521850209 0.6480396389961243 13
1761521852317 0.6629112362861633 14
1761521854530 0.6773321032524109 15
1761521856602 0.6710230112075806 16
1761521858564 0.6904010772705078 17
1761521860797 0.6854438781738281 18
1761521863237 0.6917530298233032 19
1761521865547 0.6935556530952454 20
1761521868068 0.7097792029380798 21
1761521870418 0.7160883545875549 22
1761521872950 0.7242000699043274 23
1761521875332 0.7359170913696289 24
1761521877752 0.7332131862640381 25
1761521880369 0.7210454940795898 26
1761521882704 0.7345651388168335 27
1761521884936 0.7471834421157837 28
1761521886959 0.7625056505203247 29
1761521889431 0.7647588849067688 30
1761521891457 0.7661108374595642 31
1761521893706 0.7710680365562439 32
1761521896026 0.7787291407585144 33
1761521898738 0.7899954915046692 34
1761521901620 0.7836863398551941 35
1761521903482 0.7886435389518738 36
1761521904707 0.8008111715316772 37
1761521906312 0.7963046431541443 38
1761521907675 0.797205924987793 39
1761521909791 0.8156827688217163 40
1761521911955 0.8138801455497742 41
1761521914132 0.8093736171722412 42
1761521915345 0.8147814273834229 43
1761521916654 0.8174853324890137 44
1761521917886 0.8134294748306274 45
1761521919686 0.8183866739273071 46
1761521921231 0.8314555883407593 47
1761521922799 0.8445245623588562 48
1761521924257 0.8359621167182922 49
1761521822597 0.5367282629013062 0
