1761521822597 0.8849684596061707 0
1761521824814 0.8586128354072571 1
1761521826851 0.8518816232681274 2
1761521829148 0.8473031520843506 3
1761521831228 0.8494848012924194 4
1761521833265 0.831484317779541 5
1761521835223 0.8154726028442383 6
1761521837236 0.8156920075416565 7
1761521839145 0.8019604086875916 8
1761521841048 0.7948997020721436 9
1761521842985 0.7842339873313904 10
1761521845141 0.7768948078155518 11
1761521847593 0.7581538558006287 12
1761521850209 0.7586084008216858 13
1761521852317 0.7459748983383179 14
1761521854530 0.7372245788574219 15
1761521856602 0.7190765738487244 16
1761521858564 0.7020478844642639 17
1761521860797 0.6922100782394409 18
1761521863237 0.6817194819450378 19
1761521865547 0.6812540888786316 20
1761521868068 0.6491079926490784 21
1761521870418 0.6415002346038818 22
1761521872950 0.631888210773468 23
1761521875332 0.6165440082550049 24
1761521877752 0.6092826128005981 25
1761521880369 0.6183199882507324 26
1761521882704 0.5919159650802612 27
1761521884936 0.584359347820282 28
1761521886959 0.5533382296562195 29
1761521889431 0.5526730418205261 30
1761521891457 0.5405471324920654 31
1761521893706 0.5390157699584961 32
1761521896026 0.5041697025299072 33
1761521898738 0.5072017908096313 34
1761521901620 0.49992385506629944 35
1761521903482 0.48028793931007385 36
1761521904707 0.4735547602176666 37
1761521906312 0.47543585300445557 38
1761521907675 0.46270814538002014 39
1761521909791 0.42813748121261597 40
1761521911955 0.4274902641773224 41
1761521914132 0.4373478591442108 42
1761521915345 0.42948615550994873 43
1761521916654 0.42236074805259705 44
1761521917886 0.4176211655139923 45
1761521919686 0.4164392948150635 46
1761521921231 0.3894273042678833 47
1761521922799 0.36801010370254517 48
1761521924257 0.3879987895488739 49
1761521822597 0.8849684596061707 0
