1761532612084 0.5092384219169617 0
1761532612398 0.5579089522361755 1
1761532612680 0.5808922648429871 2
1761532612970 0.5926092863082886 3
1761532613238 0.593961238861084 4
1761532613473 0.6228030920028687 5
1761532613733 0.6210004687309265 6
1761532614005 0.6313654780387878 7
1761532614276 0.6322667598724365 8
1761532614572 0.6466876864433289 9
1761532614847 0.6412798762321472 10
1761532615109 0.6602072715759277 11
1761532615392 0.6566020846366882 12
1761532615686 0.6538981795310974 13
1761532615924 0.6611086130142212 14
1761532616162 0.6647138595581055 15
1761532616387 0.6651644706726074 16
1761532616614 0.6759801506996155 17
1761532616890 0.6768814921379089 18
1761532617140 0.6773321032524109 19
1761532617373 0.6786841154098511 20
1761532617640 0.6885984539985657 21
1761532617869 0.7012167572975159 22
1761532618088 0.6962595582008362 23
1761532618318 0.6926543712615967 24
1761532618542 0.6976115107536316 25
1761532618768 0.7007660865783691 26
1761532618993 0.7133843898773193 27
1761532619218 0.7088778614997864 28
1761532619443 0.7079765796661377 29
1761532619682 0.7093285322189331 30
1761532619928 0.7115817666053772 31
1761532620173 0.7210454940795898 32
1761532620408 0.7169896364212036 33
1761532620639 0.7178909182548523 34
1761532620886 0.7201442122459412 35
1761532621115 0.7327625155448914 36
1761532621355 0.7318611741065979 37
1761532621597 0.7327625155448914 38
1761532621836 0.7219468355178833 39
1761532622090 0.7395222783088684 40
1761532622339 0.7291572690010071 41
1761532622595 0.7408742904663086 42
1761532622831 0.742226243019104 43
1761532623136 0.7440288662910461 44
1761532623398 0.7390716671943665 45
1761532623655 0.7471834421157837 46
1761532623911 0.7525912523269653 47
1761532624153 0.7476340532302856 48
1761532624398 0.7507886290550232 49
1761532624641 0.7602523565292358 50
1761532624921 0.7598016858100891 51
1761532625155 0.757548451423645 52
1761532625389 0.7670121788978577 53
1761532625694 0.7625056505203247 54
1761532625959 0.7525912523269653 55
1761532626219 0.7611536979675293 56
1761532626464 0.7764759063720703 57
1761532626703 0.7706173658370972 58
1761532626930 0.7638576030731201 59
1761532627155 0.7706173658370972 60
1761532627391 0.7688148021697998 61
1761532627627 0.7760252356529236 62
1761532627884 0.7697160840034485 63
1761532628136 0.7710680365562439 64
1761532628386 0.7737719416618347 65
1761532628735 0.781883716583252 66
1761532629002 0.7805317640304565 67
1761532629256 0.78143310546875 68
1761532629533 0.7908967733383179 69
1761532629950 0.7868409156799316 70
1761532630225 0.785939633846283 71
1761532630472 0.7872915863990784 72
1761532630837 0.7863902449607849 73
1761532631094 0.7954033613204956 74
1761532631359 0.8021631240844727 75
1761532631612 0.8044164180755615 76
1761532631880 0.7954033613204956 77
1761532632287 0.796755313873291 78
1761532632649 0.7886435389518738 79
1761532633056 0.7990085482597351 80
1761532633498 0.8017124533653259 81
1761532633906 0.8030644655227661 82
1761532634222 0.8066696524620056 83
1761532634535 0.8066696524620056 84
1761532634872 0.8089229464530945 85
1761532635186 0.8084722757339478 86
1761532635644 0.812077522277832 87
1761532636039 0.8035150766372681 88
1761532636636 0.7994592189788818 89
1761532636951 0.8098242282867432 90
1761532637245 0.8147814273834229 91
1761532637534 0.8035150766372681 92
1761532637824 0.8098242282867432 93
1761532638100 0.8075709939002991 94
1761532638407 0.8197386264801025 95
1761532638660 0.7976565957069397 96
1761532638931 0.8179360032081604 97
1761532639220 0.8215412497520447 98
1761532639613 0.8134294748306274 99
1761532612084 0.5092384219169617 0
