1761532612084 0.9045871496200562 0
1761532612398 0.8388028740882874 1
1761532612680 0.823652446269989 2
1761532612970 0.8119644522666931 3
1761532613238 0.8081682920455933 4
1761532613473 0.7936121225357056 5
1761532613733 0.7886135578155518 6
1761532614005 0.7805077433586121 7
1761532614276 0.7774230241775513 8
1761532614572 0.7669892907142639 9
1761532614847 0.7654547691345215 10
1761532615109 0.7550079822540283 11
1761532615392 0.754983127117157 12
1761532615686 0.7469285130500793 13
1761532615924 0.7425392866134644 14
1761532616162 0.7340757250785828 15
1761532616387 0.7336830496788025 16
1761532616614 0.7228677272796631 17
1761532616890 0.722268283367157 18
1761532617140 0.7153989672660828 19
1761532617373 0.7126429080963135 20
1761532617640 0.7069236636161804 21
1761532617869 0.6981850862503052 22
1761532618088 0.698604941368103 23
1761532618318 0.6948205232620239 24
1761532618542 0.6861971616744995 25
1761532618768 0.6842939853668213 26
1761532618993 0.6739276647567749 27
1761532619218 0.6719547510147095 28
1761532619443 0.6682769060134888 29
1761532619682 0.6679941415786743 30
1761532619928 0.6642229557037354 31
1761532620173 0.6556167006492615 32
1761532620408 0.6574274301528931 33
1761532620639 0.6524434089660645 34
1761532620886 0.6419289708137512 35
1761532621115 0.6419103145599365 36
1761532621355 0.6366409659385681 37
1761532621597 0.6374183297157288 38
1761532621836 0.6349313855171204 39
1761532622090 0.6347063779830933 40
1761532622339 0.6306695938110352 41
1761532622595 0.6253481507301331 42
1761532622831 0.6220688819885254 43
1761532623136 0.6138085722923279 44
1761532623398 0.6147698163986206 45
1761532623655 0.6070327162742615 46
1761532623911 0.5998786687850952 47
1761532624153 0.61111980676651 48
1761532624398 0.5958371758460999 49
1761532624641 0.5906615257263184 50
1761532624921 0.5907127857208252 51
1761532625155 0.5843652486801147 52
1761532625389 0.5865428447723389 53
1761532625694 0.5869907736778259 54
1761532625959 0.5808253288269043 55
1761532626219 0.5756290555000305 56
1761532626464 0.5677034258842468 57
1761532626703 0.5768418312072754 58
1761532626930 0.5725422501564026 59
1761532627155 0.5730894207954407 60
1761532627391 0.5698267817497253 61
1761532627627 0.5602604150772095 62
1761532627884 0.5580494999885559 63
1761532628136 0.5589067935943604 64
1761532628386 0.5610646605491638 65
1761532628735 0.5545808672904968 66
1761532629002 0.5459626317024231 67
1761532629256 0.5429300665855408 68
1761532629533 0.5360861420631409 69
1761532629950 0.5399081707000732 70
1761532630225 0.540223240852356 71
1761532630472 0.5301390886306763 72
1761532630837 0.5362977981567383 73
1761532631094 0.5242146253585815 74
1761532631359 0.5240168571472168 75
1761532631612 0.5199361443519592 76
1761532631880 0.5227211117744446 77
1761532632287 0.5246955156326294 78
1761532632649 0.52732914686203 79
1761532633056 0.5231541991233826 80
1761532633498 0.5146313905715942 81
1761532633906 0.5098607540130615 82
1761532634222 0.5033376812934875 83
1761532634535 0.5007773637771606 84
1761532634872 0.4987863302230835 85
1761532635186 0.4980326294898987 86
1761532635644 0.5028857588768005 87
1761532636039 0.5028210282325745 88
1761532636636 0.5022408366203308 89
1761532636951 0.48995792865753174 90
1761532637245 0.48845162987709045 91
1761532637534 0.48783746361732483 92
1761532637824 0.49134179949760437 93
1761532638100 0.48577994108200073 94
1761532638407 0.48510560393333435 95
1761532638660 0.49098050594329834 96
1761532638931 0.47206878662109375 97
1761532639220 0.47347867488861084 98
1761532639613 0.4765051305294037 99
1761532612084 0.9045871496200562 0
