1761603945080 0.5743913650512695 0
1761603945378 0.6014427542686462 1
1761603945690 0.611361563205719 2
1761603945969 0.6018936038017273 3
1761603946253 0.6122633218765259 4
1761603946534 0.6073038578033447 5
1761603946825 0.6068530082702637 6
1761603947101 0.6122633218765259 7
1761603947391 0.613165020942688 8
1761603947683 0.6055004596710205 9
1761603947970 0.6104598641395569 10
1761603948258 0.6145175695419312 11
1761603948545 0.6158701777458191 12
1761603948835 0.6100090146064758 13
1761603949118 0.6149684190750122 14
1761603949454 0.6127141714096069 15
1761603949746 0.6095581650733948 16
1761603950037 0.6158701777458191 17
1761603950325 0.6226329803466797 18
1761603950608 0.6212804317474365 19
1761603950891 0.6275924444198608 20
1761603951171 0.6239855885505676 21
1761603951436 0.6226329803466797 22
1761603951703 0.6298466920852661 23
1761603951984 0.6226329803466797 24
1761603952310 0.6325518488883972 25
1761603952575 0.6361587047576904 26
1761603952861 0.6433724164962769 27
1761603953143 0.6406672596931458 28
1761603953424 0.6429215669631958 29
1761603953709 0.6397655606269836 30
1761603953991 0.6397655606269836 31
1761603954277 0.6451758146286011 32
1761603954557 0.6501352787017822 33
1761603954845 0.6393147110939026 34
1761603955160 0.6519386768341064 35
1761603955429 0.6559963822364807 36
1761603955714 0.6478809714317322 37
1761603955996 0.6596032381057739 38
1761603956277 0.6577998399734497 39
1761603956557 0.6591523885726929 40
1761603956843 0.6704238057136536 41
1761603957125 0.6641117930412292 42
1761603957408 0.6663661003112793 43
1761603957688 0.6641117930412292 44
1761603957971 0.6753832101821899 45
1761603958256 0.6690712571144104 46
1761603958541 0.6812443733215332 47
1761603958824 0.6816952228546143 48
1761603959101 0.6816952228546143 49
1761603945080 0.5743913650512695 0
