1761603945080 0.9785370826721191 0
1761603945378 0.9280171394348145 1
1761603945690 0.9129146933555603 2
1761603945969 0.9258962869644165 3
1761603946253 0.9141747355461121 4
1761603946534 0.9066014885902405 5
1761603946825 0.913861870765686 6
1761603947101 0.9070707559585571 7
1761603947391 0.9102471470832825 8
1761603947683 0.9096811413764954 9
1761603947970 0.8945468664169312 10
1761603948258 0.8896651268005371 11
1761603948545 0.8953690528869629 12
1761603948835 0.8847902417182922 13
1761603949118 0.8757210969924927 14
1761603949454 0.8826714754104614 15
1761603949746 0.8917707204818726 16
1761603950037 0.877921998500824 17
1761603950325 0.8699464201927185 18
1761603950608 0.8660380244255066 19
1761603950891 0.8655699491500854 20
1761603951171 0.8555347919464111 21
1761603951436 0.8562656044960022 22
1761603951703 0.8535336256027222 23
1761603951984 0.8487574458122253 24
1761603952310 0.8462876081466675 25
1761603952575 0.8447251319885254 26
1761603952861 0.8267887234687805 27
1761603953143 0.8324531316757202 28
1761603953424 0.818892776966095 29
1761603953709 0.8235296010971069 30
1761603953991 0.8269051313400269 31
1761603954277 0.8147118091583252 32
1761603954557 0.80790776014328 33
1761603954845 0.8154051899909973 34
1761603955160 0.8030058145523071 35
1761603955429 0.7961373329162598 36
1761603955714 0.8059902787208557 37
1761603955996 0.7896543145179749 38
1761603956277 0.7835075259208679 39
1761603956557 0.7736840844154358 40
1761603956843 0.7597526907920837 41
1761603957125 0.7772229909896851 42
1761603957408 0.7630115151405334 43
1761603957688 0.751362144947052 44
1761603957971 0.7467859983444214 45
1761603958256 0.749420166015625 46
1761603958541 0.7377309203147888 47
1761603958824 0.7259686589241028 48
1761603959101 0.7186789512634277 49
1761603945080 0.9785370826721191 0
