1761514916451 0.5389814972877502 0
1761514916822 0.554303765296936 1
1761514917160 0.5759351253509521 2
1761514917520 0.5885534286499023 3
1761514917870 0.602523684501648 4
1761514918214 0.6029742956161499 5
1761514918560 0.629112184047699 6
1761514918909 0.6119873523712158 7
1761514919249 0.6444344520568848 8
1761514919595 0.6417304873466492 9
1761514919935 0.6327174305915833 10
1761514920289 0.643983781337738 11
1761514920645 0.6633618474006653 12
1761514920996 0.6714736223220825 13
1761514921344 0.6624605655670166 14
1761514921693 0.6642631888389587 15
1761514922040 0.6633618474006653 16
1761514922374 0.6768814921379089 17
1761514922712 0.6714736223220825 18
1761514923050 0.6980621814727783 19
1761514923401 0.6854438781738281 20
1761514923748 0.6813880205154419 21
1761514924095 0.6980621814727783 22
1761514924436 0.7084271907806396 23
1761514924799 0.7133843898773193 24
1761514925141 0.7223974466323853 25
1761514925490 0.7187922596931458 26
1761514925830 0.7242000699043274 27
1761514926180 0.7165389657020569 28
1761514926519 0.722848117351532 29
1761514926865 0.7350157499313354 30
1761514927199 0.7507886290550232 31
1761514927541 0.7386209964752197 32
1761514927873 0.7372690439224243 33
1761514928215 0.7611536979675293 34
1761514928554 0.73366379737854 35
1761514928903 0.746732771396637 36
1761514929256 0.7539432048797607 37
1761514929602 0.762054979801178 38
1761514929945 0.7634069323539734 39
1761514930300 0.7413249015808105 40
1761514930653 0.7566471099853516 41
1761514931001 0.772870659828186 42
1761514931347 0.7692654132843018 43
1761514931684 0.7679134607315063 44
1761514932036 0.762054979801178 45
1761514932379 0.7710680365562439 46
1761514932742 0.7697160840034485 47
1761514933115 0.7872915863990784 48
1761514933534 0.7778278589248657 49
1761514916451 0.5389814972877502 0
