1761523970544 0.4118972420692444 0
1761523971744 0.45425868034362793 1
1761523973157 0.45831456780433655 2
1761523974481 0.47093284130096436 3
1761523975738 0.48850834369659424 4
1761523977067 0.4957188069820404 5
1761523978066 0.5069851279258728 6
1761523979036 0.5178008079528809 7
1761523980037 0.5506985187530518 8
1761523981348 0.5515998005867004 9
1761523982670 0.5601622462272644 10
1761523984029 0.5754844546318054 11
1761523985208 0.5840468406677246 12
1761523986475 0.6115367412567139 13
1761523987758 0.6200991272926331 14
1761523989091 0.6200991272926331 15
1761523990409 0.6340693831443787 16
1761523991880 0.6336187720298767 17
1761523993121 0.6475890278816223 18
1761523994337 0.6651644706726074 19
1761523995579 0.6746281981468201 20
1761523996685 0.6764308214187622 21
1761523997878 0.6858945488929749 22
1761523998962 0.6872465014457703 23
1761524000163 0.7088778614997864 24
1761524001295 0.6971608996391296 25
1761524002467 0.703019380569458 26
1761524003654 0.7039206624031067 27
1761524004840 0.726904034614563 28
1761524006020 0.7296079397201538 29
1761524007188 0.7232987880706787 30
1761524008375 0.7278053164482117 31
1761524009530 0.7449301481246948 32
1761524010655 0.746732771396637 33
1761524011909 0.7413249015808105 34
1761524013390 0.7543938755989075 35
1761524015036 0.7579991221427917 36
1761524016474 0.7661108374595642 37
1761524017874 0.7584497332572937 38
1761524019090 0.7764759063720703 39
1761524020277 0.7742226123809814 40
1761524021634 0.7652095556259155 41
1761524023201 0.78143310546875 42
1761524024728 0.7791798114776611 43
1761524026201 0.7917981147766113 44
1761524027647 0.78143310546875 45
1761524029004 0.7922487854957581 46
1761524030571 0.7877421975135803 47
1761524032050 0.8026137948036194 48
1761524033351 0.8008111715316772 49
1761523970544 0.4118972420692444 0
