1761523970544 1.070156216621399 0
1761523971744 1.0437754392623901 1
1761523973157 1.030555009841919 2
1761523974481 1.0188472270965576 3
1761523975738 1.0102959871292114 4
1761523977067 1.0021145343780518 5
1761523978066 0.9846179485321045 6
1761523979036 0.9689638018608093 7
1761523980037 0.9481594562530518 8
1761523981348 0.9241858124732971 9
1761523982670 0.9134155511856079 10
1761523984029 0.8986155390739441 11
1761523985208 0.8822035193443298 12
1761523986475 0.8524035215377808 13
1761523987758 0.8234614133834839 14
1761523989091 0.8260518908500671 15
1761523990409 0.8039911985397339 16
1761523991880 0.792930006980896 17
1761523993121 0.766778826713562 18
1761523994337 0.7494645118713379 19
1761523995579 0.7267740964889526 20
1761523996685 0.7279977798461914 21
1761523997878 0.7189381718635559 22
1761523998962 0.7085727453231812 23
1761524000163 0.6807998418807983 24
1761524001295 0.6817934513092041 25
1761524002467 0.6726356148719788 26
1761524003654 0.6587988138198853 27
1761524004840 0.6347112655639648 28
1761524006020 0.6302879452705383 29
1761524007188 0.63022381067276 30
1761524008375 0.6135028600692749 31
1761524009530 0.5910556316375732 32
1761524010655 0.5923490524291992 33
1761524011909 0.5884470343589783 34
1761524013390 0.5669872760772705 35
1761524015036 0.5691365599632263 36
1761524016474 0.5435312390327454 37
1761524017874 0.5676379799842834 38
1761524019090 0.5337191820144653 39
1761524020277 0.5213860869407654 40
1761524021634 0.5386781096458435 41
1761524023201 0.512036144733429 42
1761524024728 0.5162731409072876 43
1761524026201 0.5182791352272034 44
1761524027647 0.5058190226554871 45
1761524029004 0.4750570058822632 46
1761524030571 0.47945842146873474 47
1761524032050 0.4696693420410156 48
1761524033351 0.46435096859931946 49
1761523970544 1.070156216621399 0
