1761595428793 0.3543733060359955 0
1761595429270 0.3642921447753906 1
1761595429740 0.37917041778564453 2
1761595430176 0.3494138717651367 3
1761595430596 0.36384129524230957 4
1761595431053 0.3782687187194824 5
1761595431486 0.37511271238327026 6
1761595431930 0.37601444125175476 7
1761595432421 0.37601444125175476 8
1761595432854 0.3787195682525635 9
1761595433320 0.36880072951316833 10
1761595433742 0.38548243045806885 11
1761595434182 0.3773669898509979 12
1761595434598 0.38007214665412903 13
1761595435042 0.3782687187194824 14
1761595435457 0.38548243045806885 15
1761595435904 0.38458070158958435 16
1761595436324 0.39675381779670715 17
1761595436742 0.4075743854045868 18
1761595437171 0.4035166800022125 19
1761595437613 0.40712353587150574 20
1761595438050 0.40712353587150574 21
1761595438480 0.4170423746109009 22
1761595438894 0.4008115530014038 23
1761595439327 0.4188458025455475 24
1761595439747 0.41253381967544556 25
1761595440195 0.41073039174079895 26
1761595440638 0.4138863980770111 27
1761595441069 0.4165915250778198 28
1761595441489 0.41614067554473877 29
1761595441892 0.40712353587150574 30
1761595442298 0.40982866287231445 31
1761595442733 0.41614067554473877 32
1761595443161 0.4152389466762543 33
1761595443590 0.41839495301246643 34
1761595444022 0.4179441034793854 35
1761595444449 0.40622180700302124 36
1761595444862 0.41343551874160767 37
1761595445302 0.41163209080696106 38
1761595445723 0.41253381967544556 39
1761595446150 0.4206492304801941 40
1761595446583 0.41839495301246643 41
1761595447004 0.41929665207862854 42
1761595447410 0.41433724761009216 43
1761595447850 0.4242560863494873 44
1761595448282 0.41073039174079895 45
1761595448717 0.419747531414032 46
1761595449139 0.4233543872833252 47
1761595449552 0.4224526584148407 48
1761595449968 0.4179441034793854 49
1761595450377 0.42380523681640625 50
1761595450789 0.4296663701534271 51
1761595451207 0.41839495301246643 52
1761595451620 0.42019838094711304 53
1761595452051 0.4170423746109009 54
1761595452460 0.426961213350296 55
1761595452943 0.4156897962093353 56
1761595453394 0.42651036381721497 57
1761595454101 0.43056806921958923 58
1761595454547 0.42560866475105286 59
1761595454983 0.4296663701534271 60
1761595455472 0.42741209268569946 61
1761595455909 0.4206492304801941 62
1761595456342 0.42560866475105286 63
1761595456798 0.4287646412849426 64
1761595457241 0.4310189485549927 65
1761595457677 0.4364292025566101 66
1761595458123 0.43146979808807373 67
1761595458556 0.4251577854156494 68
1761595458981 0.435527503490448 69
1761595459405 0.4391343593597412 70
1761595459811 0.4346257746219635 71
1761595460240 0.43327322602272034 72
1761595460666 0.4458971917629242 73
1761595461095 0.43146979808807373 74
1761595461523 0.43688008189201355 75
1761595461953 0.4458971917629242 76
1761595462373 0.44364291429519653 77
1761595462800 0.43778178095817566 78
1761595463249 0.4477006196975708 79
1761595463680 0.45085662603378296 80
1761595464131 0.4522092044353485 81
1761595464573 0.4531109035015106 82
1761595464991 0.44454464316368103 83
1761595465428 0.4540126323699951 84
1761595465849 0.4558160603046417 85
1761595466285 0.4607754647731781 86
1761595466710 0.4562669098377228 87
1761595467146 0.46573489904403687 88
1761595467569 0.466636598110199 89
1761595467966 0.4562669098377228 90
1761595468373 0.4580703377723694 91
1761595468802 0.4693417549133301 92
1761595469260 0.4711451828479767 93
1761595469663 0.4887285828590393 94
1761595470072 0.47880974411964417 95
1761595470495 0.48467087745666504 96
1761595470916 0.46979260444641113 97
1761595471341 0.48827773332595825 98
1761595471764 0.4860234558582306 99
1761595428793 0.3543733060359955 0
