1761595428793 1.1019080877304077 0
1761595429270 1.0955322980880737 1
1761595429740 1.094875693321228 2
1761595430176 1.0966161489486694 3
1761595430596 1.0939116477966309 4
1761595431053 1.0969456434249878 5
1761595431486 1.090965747833252 6
1761595431930 1.09224534034729 7
1761595432421 1.0933548212051392 8
1761595432854 1.0905181169509888 9
1761595433320 1.09302818775177 10
1761595433742 1.092327356338501 11
1761595434182 1.0891553163528442 12
1761595434598 1.0933266878128052 13
1761595435042 1.0894978046417236 14
1761595435457 1.0885201692581177 15
1761595435904 1.0881056785583496 16
1761595436324 1.0851081609725952 17
1761595436742 1.082821011543274 18
1761595437171 1.0837516784667969 19
1761595437613 1.082911491394043 20
1761595438050 1.0823392868041992 21
1761595438480 1.0792663097381592 22
1761595438894 1.0801846981048584 23
1761595439327 1.0805305242538452 24
1761595439747 1.080358624458313 25
1761595440195 1.0846514701843262 26
1761595440638 1.0801341533660889 27
1761595441069 1.0773382186889648 28
1761595441489 1.0783647298812866 29
1761595441892 1.0795342922210693 30
1761595442298 1.0766750574111938 31
1761595442733 1.0776187181472778 32
1761595443161 1.0779850482940674 33
1761595443590 1.0766663551330566 34
1761595444022 1.0765316486358643 35
1761595444449 1.0756875276565552 36
1761595444862 1.0758862495422363 37
1761595445302 1.0775803327560425 38
1761595445723 1.079378604888916 39
1761595446150 1.075332522392273 40
1761595446583 1.0762712955474854 41
1761595447004 1.0750625133514404 42
1761595447410 1.074143409729004 43
1761595447850 1.073167324066162 44
1761595448282 1.0721460580825806 45
1761595448717 1.0716720819473267 46
1761595449139 1.0733966827392578 47
1761595449552 1.0745912790298462 48
1761595449968 1.0726853609085083 49
1761595450377 1.0703113079071045 50
1761595450789 1.0699466466903687 51
1761595451207 1.0731885433197021 52
1761595451620 1.0713661909103394 53
1761595452051 1.0698844194412231 54
1761595452460 1.0693039894104004 55
1761595452943 1.07086181640625 56
1761595453394 1.068699598312378 57
1761595454101 1.0662633180618286 58
1761595454547 1.0655782222747803 59
1761595454983 1.0686569213867188 60
1761595455472 1.0657527446746826 61
1761595455909 1.0660645961761475 62
1761595456342 1.063795566558838 63
1761595456798 1.0652927160263062 64
1761595457241 1.0626083612442017 65
1761595457677 1.0666399002075195 66
1761595458123 1.0624685287475586 67
1761595458556 1.0609586238861084 68
1761595458981 1.0613237619400024 69
1761595459405 1.0613312721252441 70
1761595459811 1.0568969249725342 71
1761595460240 1.058637022972107 72
1761595460666 1.0588101148605347 73
1761595461095 1.0591157674789429 74
1761595461523 1.0572278499603271 75
1761595461953 1.0556676387786865 76
1761595462373 1.0525635480880737 77
1761595462800 1.0526037216186523 78
1761595463249 1.0486303567886353 79
1761595463680 1.0476911067962646 80
1761595464131 1.0482805967330933 81
1761595464573 1.0480742454528809 82
1761595464991 1.0447357892990112 83
1761595465428 1.0453966856002808 84
1761595465849 1.0423833131790161 85
1761595466285 1.036011815071106 86
1761595466710 1.0380792617797852 87
1761595467146 1.0350011587142944 88
1761595467569 1.0335379838943481 89
1761595467966 1.03559410572052 90
1761595468373 1.0314692258834839 91
1761595468802 1.0280742645263672 92
1761595469260 1.0248777866363525 93
1761595469663 1.02057945728302 94
1761595470072 1.0205177068710327 95
1761595470495 1.0135002136230469 96
1761595470916 1.0132678747177124 97
1761595471341 1.011438012123108 98
1761595471764 1.0067754983901978 99
1761595428793 1.1019080877304077 0
