1761604362706 0.36384129524230957 0
1761604363087 0.37150585651397705 1
1761604363422 0.3737601339817047 2
1761604363763 0.3665464520454407 3
1761604364130 0.38007214665412903 4
1761604364487 0.36474302411079407 5
1761604364830 0.38638412952423096 6
1761604365168 0.3841298520565033 7
1761604365538 0.3796212673187256 8
1761604365882 0.3773669898509979 9
1761604366225 0.37917041778564453 10
1761604366562 0.3859332799911499 11
1761604366901 0.38277727365493774 12
1761604367239 0.39585211873054504 13
1761604367584 0.3890892565250397 14
1761604367947 0.4026149809360504 15
1761604368292 0.4138863980770111 16
1761604368649 0.4084761142730713 17
1761604368988 0.4165915250778198 18
1761604369335 0.4337240755558014 19
1761604369678 0.4296663701534271 20
1761604370038 0.43597835302352905 21
1761604370378 0.4467989206314087 22
1761604370735 0.44138863682746887 23
1761604371076 0.4571686089038849 24
1761604371418 0.4580703377723694 25
1761604371753 0.46753832697868347 26
1761604372093 0.45942291617393494 27
1761604372430 0.4729486107826233 28
1761604372779 0.4792605936527252 29
1761604373155 0.48061317205429077 30
1761604373500 0.48557257652282715 31
1761604373898 0.4905320107936859 32
1761604374243 0.5036068558692932 33
1761604374582 0.49098286032676697 34
1761604374969 0.49008116126060486 35
1761604375324 0.4972948729991913 36
1761604375670 0.49188458919525146 37
1761604376004 0.500450849533081 38
1761604376348 0.5040577054023743 39
1761604376710 0.5126239657402039 40
1761604377063 0.5103697180747986 41
1761604377403 0.5103697180747986 42
1761604377748 0.5108205676078796 43
1761604378085 0.5293056964874268 44
1761604378429 0.5211902856826782 45
1761604378774 0.5202885270118713 46
1761604379129 0.5374211072921753 47
1761604379520 0.531109094619751 48
1761604379884 0.5220919847488403 49
1761604362706 0.36384129524230957 0
