1761604362706 1.1064503192901611 0
1761604363087 1.0945786237716675 1
1761604363422 1.0995562076568604 2
1761604363763 1.091678261756897 3
1761604364130 1.0975457429885864 4
1761604364487 1.0948957204818726 5
1761604364830 1.0913957357406616 6
1761604365168 1.0888584852218628 7
1761604365538 1.0898022651672363 8
1761604365882 1.090000867843628 9
1761604366225 1.0894076824188232 10
1761604366562 1.0872629880905151 11
1761604366901 1.0868735313415527 12
1761604367239 1.0837955474853516 13
1761604367584 1.0808496475219727 14
1761604367947 1.0765612125396729 15
1761604368292 1.0745444297790527 16
1761604368649 1.0693494081497192 17
1761604368988 1.070019006729126 18
1761604369335 1.0620774030685425 19
1761604369678 1.060901165008545 20
1761604370038 1.0561529397964478 21
1761604370378 1.0529509782791138 22
1761604370735 1.054205298423767 23
1761604371076 1.0453819036483765 24
1761604371418 1.0426356792449951 25
1761604371753 1.0378607511520386 26
1761604372093 1.0342774391174316 27
1761604372430 1.0288128852844238 28
1761604372779 1.027633786201477 29
1761604373155 1.0239207744598389 30
1761604373500 1.0164737701416016 31
1761604373898 1.0167831182479858 32
1761604374243 1.0082570314407349 33
1761604374582 1.0057189464569092 34
1761604374969 1.0077840089797974 35
1761604375324 1.0015848875045776 36
1761604375670 1.0018010139465332 37
1761604376004 0.9953675866127014 38
1761604376348 0.9897809624671936 39
1761604376710 0.9875736832618713 40
1761604377063 0.9858071804046631 41
1761604377403 0.987413763999939 42
1761604377748 0.9782166481018066 43
1761604378085 0.9698044061660767 44
1761604378429 0.9730415940284729 45
1761604378774 0.9664926528930664 46
1761604379129 0.9617112278938293 47
1761604379520 0.9590892791748047 48
1761604379884 0.956537663936615 49
1761604362706 1.1064503192901611 0
