1761468820383 1.0757418870925903 0
1761468820671 1.0319839715957642 1
1761468821194 1.0163511037826538 2
1761468821746 1.0037676095962524 3
1761468822309 0.9914728999137878 4
1761468822679 0.9772250056266785 5
1761468823182 0.9721025228500366 6
1761468823676 0.9618889093399048 7
1761468824169 0.9524084329605103 8
1761468824642 0.9484747052192688 9
1761468825120 0.9424397349357605 10
1761468825554 0.9282100200653076 11
1761468826004 0.9217904210090637 12
1761468826406 0.914121687412262 13
1761468826815 0.9106041193008423 14
1761468827276 0.9036217331886292 15
1761468827672 0.887986421585083 16
1761468828135 0.8865958452224731 17
1761468828576 0.8735945820808411 18
1761468829019 0.8706690073013306 19
1761468829411 0.8634896874427795 20
1761468829790 0.8567196726799011 21
1761468830207 0.8454312086105347 22
1761468830645 0.838719367980957 23
1761468831115 0.8344628214836121 24
1761468831531 0.8368966579437256 25
1761468831990 0.8211386203765869 26
1761468832399 0.8153476715087891 27
1761468832809 0.809838056564331 28
1761468833273 0.8062337040901184 29
1761468833699 0.8063441514968872 30
1761468834118 0.7891969680786133 31
1761468834564 0.788011372089386 32
1761468834933 0.7864149808883667 33
1761468835350 0.7817676067352295 34
1761468835809 0.7776495814323425 35
1761468836201 0.767935574054718 36
1761468836670 0.769702136516571 37
1761468837135 0.7663037180900574 38
1761468837583 0.7517291903495789 39
1761468837980 0.7672863602638245 40
1761468838386 0.747663140296936 41
1761468838784 0.7457557320594788 42
1761468839172 0.7383886575698853 43
1761468839587 0.7354532480239868 44
1761468840058 0.7311631441116333 45
1761468840505 0.7171871662139893 46
1761468840954 0.7205416560173035 47
1761468841340 0.7209721803665161 48
1761468841743 0.7146210670471191 49
1761468820383 1.0757418870925903 0
