1761596482852 0.40892696380615234 0
1761596483104 0.4391343593597412 1
1761596483337 0.44905319809913635 2
1761596483556 0.46212804317474365 3
1761596483782 0.4679891765117645 4
1761596484004 0.48286744952201843 5
1761596484229 0.4634806215763092 6
1761596484451 0.48196572065353394 7
1761596484681 0.48196572065353394 8
1761596484899 0.48286744952201843 9
1761596485122 0.5040577054023743 10
1761596485330 0.500450849533081 11
1761596485592 0.4963931441307068 12
1761596485824 0.5054102540016174 13
1761596486039 0.5054102540016174 14
1761596486269 0.5094679594039917 15
1761596486491 0.5229936838150024 16
1761596486711 0.5243462324142456 17
1761596486940 0.5302073955535889 18
1761596487181 0.5284039378166199 19
1761596487394 0.5378719568252563 20
1761596487623 0.5410279631614685 21
1761596487871 0.5423805117607117 22
1761596488088 0.5419296622276306 23
1761596488301 0.5392245054244995 24
1761596488516 0.5477908253669739 25
1761596488741 0.5410279631614685 26
1761596488969 0.5522993803024292 27
1761596489184 0.5554553866386414 28
1761596489417 0.5613164901733398 29
1761596489647 0.5563570857048035 30
1761596489928 0.5626690983772278 31
1761596490144 0.5721370577812195 32
1761596490492 0.5689810514450073 33
1761596490720 0.5730387568473816 34
1761596490978 0.5703336596488953 35
1761596491259 0.5766456127166748 36
1761596491502 0.5694319009780884 37
1761596491711 0.5775473117828369 38
1761596491925 0.5847610235214233 39
1761596492160 0.5865644812583923 40
1761596492366 0.582055926322937 41
1761596492579 0.5883678793907166 42
1761596492794 0.5829576253890991 43
1761596493039 0.6086564660072327 44
1761596493260 0.5987375974655151 45
1761596493472 0.6118124723434448 46
1761596493686 0.6032461524009705 47
1761596493896 0.5964832901954651 48
1761596494135 0.6109107136726379 49
1761596482852 0.40892696380615234 0
