1761596482852 1.0825741291046143 0
1761596483104 1.0540004968643188 1
1761596483337 1.0443295240402222 2
1761596483556 1.0342166423797607 3
1761596483782 1.028070330619812 4
1761596484004 1.0211490392684937 5
1761596484229 1.022367238998413 6
1761596484451 1.009102702140808 7
1761596484681 1.010213017463684 8
1761596484899 1.0038821697235107 9
1761596485122 0.9937823414802551 10
1761596485330 0.988789439201355 11
1761596485592 0.9825581312179565 12
1761596485824 0.9777792692184448 13
1761596486039 0.9782763123512268 14
1761596486269 0.9751180410385132 15
1761596486491 0.9673178195953369 16
1761596486711 0.9605603814125061 17
1761596486940 0.9532884359359741 18
1761596487181 0.9548693299293518 19
1761596487394 0.9478161931037903 20
1761596487623 0.9447762370109558 21
1761596487871 0.9411275386810303 22
1761596488088 0.9334186315536499 23
1761596488301 0.9309691786766052 24
1761596488516 0.9261608719825745 25
1761596488741 0.9337154030799866 26
1761596488969 0.9229754209518433 27
1761596489184 0.9154641032218933 28
1761596489417 0.9110800623893738 29
1761596489647 0.9136208295822144 30
1761596489928 0.9015176892280579 31
1761596490144 0.8980359435081482 32
1761596490492 0.8976418375968933 33
1761596490720 0.8901270031929016 34
1761596490978 0.8932262063026428 35
1761596491259 0.8817839026451111 36
1761596491502 0.881061851978302 37
1761596491711 0.8875421285629272 38
1761596491925 0.8680380582809448 39
1761596492160 0.8676933646202087 40
1761596492366 0.868297278881073 41
1761596492579 0.862190842628479 42
1761596492794 0.8663733005523682 43
1761596493039 0.8505933284759521 44
1761596493260 0.8458590507507324 45
1761596493472 0.841964066028595 46
1761596493686 0.8426567316055298 47
1761596493896 0.8422917723655701 48
1761596494135 0.8388133645057678 49
1761596482852 1.0825741291046143 0
