1761521536873 0.5313203930854797 0
1761521537577 0.5525011420249939 1
1761521538173 0.5583596229553223 2
1761521538791 0.5511491894721985 3
1761521539359 0.5452906489372253 4
1761521540002 0.5601622462272644 5
1761521540565 0.5561063289642334 6
1761521541183 0.5552050471305847 7
1761521541762 0.5579089522361755 8
1761521542513 0.5493465662002563 9
1761521543149 0.5561063289642334 10
1761521543908 0.5520504713058472 11
1761521544615 0.5615141987800598 12
1761521545293 0.5538530945777893 13
1761521545990 0.5561063289642334 14
1761521546659 0.5525011420249939 15
1761521547315 0.5506985187530518 16
1761521548201 0.559260904788971 17
1761521548877 0.5570076704025269 18
1761521549455 0.5556557178497314 19
1761521550047 0.5534024238586426 20
1761521550571 0.5479946136474609 21
1761521551132 0.5651194453239441 22
1761521551757 0.5579089522361755 23
1761521552385 0.5529517531394958 24
1761521553061 0.5552050471305847 25
1761521553633 0.5574583411216736 26
1761521554247 0.565570056438446 27
1761521554847 0.5687246322631836 28
1761521555488 0.5736818313598633 29
1761521556146 0.5727805495262146 30
1761521556811 0.5732311606407166 31
1761521557439 0.5615141987800598 32
1761521558220 0.5610635280609131 33
1761521558847 0.5691753029823303 34
1761521559817 0.5660207271575928 35
1761521560698 0.565570056438446 36
1761521561491 0.5691753029823303 37
1761521562109 0.5745831727981567 38
1761521562771 0.5799909830093384 39
1761521563421 0.5673726797103882 40
1761521564127 0.5759351253509521 41
1761521564842 0.5777377486228943 42
1761521565716 0.5763857364654541 43
1761521566524 0.5772870779037476 44
1761521567113 0.5790897011756897 45
1761521567867 0.5736818313598633 46
1761521568434 0.5777377486228943 47
1761521568756 0.5777377486228943 48
1761521569122 0.578639030456543 49
1761521536873 0.5313203930854797 0
