1761443248702 1.0470563173294067 0
1761443250169 0.9865237474441528 1
1761443251528 0.9875155091285706 2
1761443252981 0.9893642067909241 3
1761443254306 0.9907693862915039 4
1761443255805 0.9880356788635254 5
1761443257347 0.9865410327911377 6
1761443258702 0.9865488409996033 7
1761443260052 0.9845403432846069 8
1761443261415 0.9838117957115173 9
1761443262763 0.9808961749076843 10
1761443264221 0.9768655896186829 11
1761443265547 0.9741966724395752 12
1761443266837 0.9725474119186401 13
1761443268150 0.9728243350982666 14
1761443269475 0.9711174964904785 15
1761443270908 0.9687321782112122 16
1761443272287 0.9691177010536194 17
1761443273802 0.9689515829086304 18
1761443275098 0.9664021134376526 19
1761443276582 0.9702672362327576 20
1761443277995 0.9673622846603394 21
1761443279400 0.9674807786941528 22
1761443280852 0.9670303463935852 23
1761443282313 0.9669965505599976 24
1761443283659 0.9662799835205078 25
1761443285016 0.9665485620498657 26
1761443286364 0.9647554159164429 27
1761443287898 0.9655601978302002 28
1761443289330 0.9642502665519714 29
1761443290685 0.9634244441986084 30
1761443292014 0.9633007049560547 31
1761443293283 0.9648589491844177 32
1761443294627 0.9629334211349487 33
1761443296033 0.96099853515625 34
1761443297364 0.9597741365432739 35
1761443298759 0.9583319425582886 36
1761443300118 0.9604450464248657 37
1761443302782 0.9559757113456726 38
1761443304208 0.9565725922584534 39
1761443305537 0.9540470838546753 40
1761443306833 0.951686441898346 41
1761443308338 0.9546377062797546 42
1761443309733 0.9490063190460205 43
1761443312390 0.9462432861328125 44
1761443313782 0.9432111978530884 45
1761443315188 0.9377554655075073 46
1761443316539 0.9364317655563354 47
1761443317880 0.9351100921630859 48
1761443319423 0.939565122127533 49
1761443248702 1.0470563173294067 0
