1761498066386 0.9553071856498718 0
1761498066776 0.9412310123443604 1
1761498067094 0.9365481734275818 2
1761498067419 0.9381778240203857 3
1761498067926 0.9353580474853516 4
1761498068633 0.9385470747947693 5
1761498069259 0.9327926635742188 6
1761498069808 0.9333004355430603 7
1761498070336 0.9331940412521362 8
1761498070952 0.9306632876396179 9
1761498071552 0.9280321002006531 10
1761498072094 0.9295792579650879 11
1761498072608 0.9267838001251221 12
1761498073177 0.9263073801994324 13
1761498073767 0.9269565939903259 14
1761498074382 0.9267540574073792 15
1761498074839 0.9290521144866943 16
1761498075210 0.9244363307952881 17
1761498075765 0.9227855801582336 18
1761498076421 0.9242463111877441 19
1761498076964 0.9254220128059387 20
1761498077516 0.9204460978507996 21
1761498078146 0.9242967963218689 22
1761498078677 0.9193729162216187 23
1761498079139 0.9188919067382812 24
1761498079645 0.9178842902183533 25
1761498080203 0.9205295443534851 26
1761498080806 0.9151243567466736 27
1761498081417 0.9157230257987976 28
1761498082069 0.9136976599693298 29
1761498082645 0.9142205715179443 30
1761498083175 0.9130369424819946 31
1761498083530 0.9125477075576782 32
1761498084235 0.9118449091911316 33
1761498084983 0.9141282439231873 34
1761498085663 0.9137647151947021 35
1761498086262 0.9149125814437866 36
1761498086878 0.9114044308662415 37
1761498087510 0.9121999144554138 38
1761498088076 0.9127418398857117 39
1761498088632 0.9090749621391296 40
1761498089205 0.9105626344680786 41
1761498089747 0.9074495434761047 42
1761498090205 0.9068334102630615 43
1761498090775 0.9075220227241516 44
1761498091327 0.9083335995674133 45
1761498091866 0.9063616991043091 46
1761498092416 0.9052537679672241 47
1761498093046 0.9058402180671692 48
1761498093686 0.9039884209632874 49
1761498066386 0.9553071856498718 0
