1761602151062 1.0185174942016602 0
1761602151461 1.0033537149429321 1
1761602151850 0.9943578839302063 2
1761602152217 0.9911110997200012 3
1761602152584 0.9889206886291504 4
1761602152960 0.9769086837768555 5
1761602153330 0.9692129492759705 6
1761602153697 0.9641642570495605 7
1761602154066 0.9621995687484741 8
1761602154433 0.9516753554344177 9
1761602154810 0.9405819177627563 10
1761602155204 0.9351704120635986 11
1761602155606 0.9280573129653931 12
1761602155961 0.9121465086936951 13
1761602156335 0.8966098427772522 14
1761602156688 0.894130289554596 15
1761602157055 0.8845939636230469 16
1761602157398 0.8727420568466187 17
1761602157746 0.8503760099411011 18
1761602158152 0.849258303642273 19
1761602158519 0.831910252571106 20
1761602158910 0.8234348893165588 21
1761602159280 0.8135638236999512 22
1761602159647 0.8071731925010681 23
1761602160018 0.7852001190185547 24
1761602160401 0.7828106880187988 25
1761602160803 0.7579299211502075 26
1761602161213 0.7613691687583923 27
1761602161605 0.7391055226325989 28
1761602161955 0.7449436187744141 29
1761602162307 0.7243368625640869 30
1761602162678 0.7167585492134094 31
1761602163052 0.7289254069328308 32
1761602163447 0.6875633001327515 33
1761602163844 0.6827560663223267 34
1761602164237 0.6833754777908325 35
1761602164612 0.6707440614700317 36
1761602164978 0.6601855754852295 37
1761602165345 0.6524675488471985 38
1761602165716 0.6338661909103394 39
1761602166081 0.6375194191932678 40
1761602166450 0.6236187815666199 41
1761602166815 0.6282841563224792 42
1761602167191 0.6016997694969177 43
1761602167560 0.6144002676010132 44
1761602167932 0.5821618437767029 45
1761602168301 0.5734897255897522 46
1761602168668 0.583797037601471 47
1761602169042 0.5673547387123108 48
1761602169412 0.5588609576225281 49
1761602151062 1.0185174942016602 0
