1761465059414 1.0555047988891602 0
1761465059716 1.035536527633667 1
1761465059954 1.0279302597045898 2
1761465060237 1.022318959236145 3
1761465060478 1.014412522315979 4
1761465060692 1.0105105638504028 5
1761465060905 1.0039371252059937 6
1761465061116 0.9987232089042664 7
1761465061339 0.992682695388794 8
1761465061555 0.9869795441627502 9
1761465061769 0.983799934387207 10
1761465061979 0.9785091280937195 11
1761465062191 0.9759145975112915 12
1761465062415 0.9686858654022217 13
1761465062633 0.9715783596038818 14
1761465062856 0.9584056735038757 15
1761465063074 0.9542875289916992 16
1761465063303 0.9470894932746887 17
1761465063528 0.9428616166114807 18
1761465063752 0.9374669790267944 19
1761465063974 0.9387009143829346 20
1761465064188 0.9349628686904907 21
1761465064404 0.9228402972221375 22
1761465064626 0.9133567214012146 23
1761465064852 0.9103310704231262 24
1761465065077 0.9070420265197754 25
1761465065296 0.9054604172706604 26
1761465065516 0.9012946486473083 27
1761465065741 0.8930519223213196 28
1761465065966 0.8884018659591675 29
1761465066193 0.8861004114151001 30
1761465066421 0.882798969745636 31
1761465066642 0.8726401925086975 32
1761465066871 0.8771337866783142 33
1761465067095 0.8668634295463562 34
1761465067314 0.8624356985092163 35
1761465067528 0.8631389737129211 36
1761465067761 0.8591041564941406 37
1761465068026 0.8576887249946594 38
1761465068281 0.8419098854064941 39
1761465068520 0.8414737582206726 40
1761465068760 0.8366391658782959 41
1761465069029 0.8321152329444885 42
1761465069253 0.831873893737793 43
1761465069481 0.8254806399345398 44
1761465069711 0.8202699422836304 45
1761465069931 0.8170368075370789 46
1761465070158 0.8092772960662842 47
1761465070382 0.8090745210647583 48
1761465070601 0.8036207556724548 49
1761465059414 1.0555047988891602 0
