1761443659137 0.5403335094451904 0
1761443659676 0.5754844546318054 1
1761443660318 0.5754844546318054 2
1761443661099 0.578639030456543 3
1761443661828 0.5790897011756897 4
1761443662319 0.5844975113868713 5
1761443662741 0.5826948881149292 6
1761443663182 0.5853988528251648 7
1761443663867 0.5858494639396667 8
1761443664719 0.5993691086769104 9
1761443665483 0.6029742956161499 10
1761443666131 0.6016223430633545 11
1761443666901 0.6155925989151001 12
1761443667534 0.6142406463623047 13
1761443668314 0.6200991272926331 14
1761443669449 0.6191978454589844 15
1761443670393 0.629112184047699 16
1761443670929 0.6336187720298767 17
1761443671350 0.6336187720298767 18
1761443671729 0.6358720064163208 19
1761443672306 0.6372239589691162 20
1761443672802 0.6358720064163208 21
1761443673322 0.6511942148208618 22
1761443673749 0.6575033664703369 23
1761443674298 0.6462370157241821 24
1761443674811 0.6538981795310974 25
1761443675285 0.6665164232254028 26
1761443675800 0.6566020846366882 27
1761443676268 0.6719242930412292 28
1761443676757 0.663812518119812 29
1761443677237 0.6795853972434998 30
1761443677681 0.6692203879356384 31
1761443678107 0.6773321032524109 32
1761443678597 0.679134726524353 33
1761443679083 0.6786841154098511 34
1761443679652 0.687697172164917 35
1761443680200 0.6904010772705078 36
1761443680790 0.6904010772705078 37
1761443681498 0.7003154754638672 38
1761443682332 0.6967102289199829 39
1761443682775 0.7048220038414001 40
1761443683418 0.7016674280166626 41
1761443684136 0.7079765796661377 42
1761443684694 0.7210454940795898 43
1761443685234 0.7214961647987366 44
1761443686227 0.7142857313156128 45
1761443687204 0.7165389657020569 46
1761443688193 0.7205948829650879 47
1761443689031 0.7291572690010071 48
1761443689664 0.7205948829650879 49
1761443659137 0.5403335094451904 0
