1761500571731 0.47093284130096436 0
1761500572168 0.49887335300445557 1
1761500572558 0.5015772581100464 2
1761500573017 0.4880576729774475 3
1761500573396 0.4966200888156891 4
1761500573804 0.47589004039764404 5
1761500574227 0.4894096553325653 6
1761500574639 0.4930148720741272 7
1761500575068 0.5024785995483398 8
1761500575458 0.5029292702674866 9
1761500575846 0.4957188069820404 10
1761500576263 0.48355114459991455 11
1761500576656 0.4853537678718567 12
1761500577048 0.48760703206062317 13
1761500577444 0.4817485213279724 14
1761500577862 0.4907616078853607 15
1761500578279 0.49752140045166016 16
1761500578682 0.5024785995483398 17
1761500579076 0.49481749534606934 18
1761500579469 0.49752140045166016 19
1761500579917 0.49887335300445557 20
1761500580336 0.4844524562358856 21
1761500580748 0.5011266469955444 22
1761500581207 0.48580440878868103 23
1761500581653 0.4880576729774475 24
1761500582048 0.4907616078853607 25
1761500582440 0.49391618371009827 26
1761500582856 0.4853537678718567 27
1761500583272 0.4880576729774475 28
1761500583695 0.4957188069820404 29
1761500584093 0.5015772581100464 30
1761500584497 0.48760703206062317 31
1761500584905 0.5006759762763977 32
1761500585324 0.5051825046539307 33
1761500585712 0.4763406813144684 34
1761500586116 0.49481749534606934 35
1761500586508 0.5015772581100464 36
1761500586921 0.5051825046539307 37
1761500587331 0.48625507950782776 38
1761500587749 0.5006759762763977 39
1761500588155 0.5006759762763977 40
1761500588567 0.500225305557251 41
1761500588960 0.519603431224823 42
1761500589373 0.5268138647079468 43
1761500589783 0.5299684405326843 44
1761500590175 0.5335736870765686 45
1761500590581 0.5367282629013062 46
1761500590996 0.5511491894721985 47
1761500591392 0.5840468406677246 48
1761500591778 0.5781883597373962 49
1761500571731 0.47093284130096436 0
