1761612979361 0.4738503098487854 0
1761612979694 0.49323713779449463 1
1761612980022 0.5045085549354553 2
1761612980332 0.5036068558692932 3
1761612980614 0.5067628622055054 4
1761612980902 0.5148782730102539 5
1761612981212 0.5229936838150024 6
1761612981547 0.517132580280304 7
1761612981867 0.5207393765449524 8
1761612982219 0.5284039378166199 9
1761612982502 0.5266005396842957 10
1761612982811 0.5351668000221252 11
1761612983142 0.5392245054244995 12
1761612983436 0.5207393765449524 13
1761612983717 0.53291255235672 14
1761612984001 0.5288548469543457 15
1761612984283 0.5392245054244995 16
1761612984567 0.5477908253669739 17
1761612984853 0.5545536279678345 18
1761612985138 0.5532010793685913 19
1761612985437 0.5550045371055603 20
1761612985722 0.5541027784347534 21
1761612986004 0.5581604838371277 22
1761612986292 0.5631199479103088 23
1761612986576 0.562218189239502 24
1761612986861 0.5662758946418762 25
1761612987145 0.5703336596488953 26
1761612987428 0.5834084749221802 27
1761612987712 0.5942290425300598 28
1761612987996 0.5748422145843506 29
1761612988305 0.5942290425300598 30
1761612988592 0.5829576253890991 31
1761612988932 0.6027953028678894 32
1761612989219 0.611361563205719 33
1761612989503 0.6253381371498108 34
1761612989788 0.6194770336151123 35
1761612990080 0.631199300289154 36
1761612990351 0.6217312812805176 37
1761612990638 0.6348061561584473 38
1761612990922 0.646077573299408 39
1761612991208 0.646077573299408 40
1761612991490 0.6492335200309753 41
1761612991775 0.6596032381057739 42
1761612992059 0.6528403759002686 43
1761612992343 0.6659152507781982 44
1761612992624 0.6717763543128967 45
1761612992912 0.6744815111160278 46
1761612993195 0.6798917651176453 47
1761612993479 0.6880072355270386 48
1761612993763 0.6834986209869385 49
1761612979361 0.4738503098487854 0
