1761612979361 1.0250093936920166 0
1761612979694 0.9841656684875488 1
1761612980022 0.9830790162086487 2
1761612980332 0.9821684956550598 3
1761612980614 0.9793728590011597 4
1761612980902 0.9718400835990906 5
1761612981212 0.9689202904701233 6
1761612981547 0.9659938812255859 7
1761612981867 0.9665490984916687 8
1761612982219 0.9640578031539917 9
1761612982502 0.9688104391098022 10
1761612982811 0.9638847708702087 11
1761612983142 0.959327220916748 12
1761612983436 0.963469922542572 13
1761612983717 0.950062096118927 14
1761612984001 0.953380286693573 15
1761612984283 0.9501692056655884 16
1761612984567 0.9435954689979553 17
1761612984853 0.9434502720832825 18
1761612985138 0.9394359588623047 19
1761612985437 0.9479355216026306 20
1761612985722 0.9381444454193115 21
1761612986004 0.9380980134010315 22
1761612986292 0.924688994884491 23
1761612986576 0.9215126037597656 24
1761612986861 0.9150575399398804 25
1761612987145 0.9094527959823608 26
1761612987428 0.9011295437812805 27
1761612987712 0.9003341197967529 28
1761612987996 0.9054706692695618 29
1761612988305 0.888782799243927 30
1761612988592 0.8958863019943237 31
1761612988932 0.8782784342765808 32
1761612989219 0.875433087348938 33
1761612989503 0.8620569109916687 34
1761612989788 0.8589242696762085 35
1761612990080 0.8428967595100403 36
1761612990351 0.8490554094314575 37
1761612990638 0.8367300033569336 38
1761612990922 0.825132429599762 39
1761612991208 0.8130998015403748 40
1761612991490 0.7991214394569397 41
1761612991775 0.7924238443374634 42
1761612992059 0.7926368117332458 43
1761612992343 0.7849047183990479 44
1761612992624 0.7661230564117432 45
1761612992912 0.7556737065315247 46
1761612993195 0.759672224521637 47
1761612993479 0.7345976233482361 48
1761612993763 0.7385781407356262 49
1761612979361 1.0250093936920166 0
