1761443789211 0.5515998005867004 0
1761443790583 0.5682740211486816 1
1761443791269 0.5678233504295349 2
1761443792114 0.5678233504295349 3
1761443792904 0.5646687746047974 4
1761443793801 0.5637674331665039 5
1761443794502 0.5678233504295349 6
1761443795452 0.5691753029823303 7
1761443796583 0.5615141987800598 8
1761443797520 0.5691753029823303 9
1761443798566 0.5687246322631836 10
1761443799648 0.5669220089912415 11
1761443800548 0.5642181038856506 12
1761443801598 0.5637674331665039 13
1761443802630 0.5682740211486816 14
1761443803627 0.565570056438446 15
1761443804631 0.5687246322631836 16
1761443805696 0.5678233504295349 17
1761443806567 0.5651194453239441 18
1761443807448 0.565570056438446 19
1761443808370 0.5682740211486816 20
1761443809447 0.5673726797103882 21
1761443810587 0.565570056438446 22
1761443811608 0.5628661513328552 23
1761443812483 0.5664713978767395 24
1761443813314 0.5660207271575928 25
1761443814180 0.5615141987800598 26
1761443815047 0.5664713978767395 27
1761443815902 0.5601622462272644 28
1761443816908 0.5642181038856506 29
1761443817892 0.5678233504295349 30
1761443818917 0.5556557178497314 31
1761443819995 0.5637674331665039 32
1761443820833 0.5669220089912415 33
1761443821847 0.5646687746047974 34
1761443823002 0.5624154806137085 35
1761443824118 0.5669220089912415 36
1761443825049 0.5646687746047974 37
1761443826074 0.5637674331665039 38
1761443827006 0.563316822052002 39
1761443827927 0.5646687746047974 40
1761443828815 0.565570056438446 41
1761443829926 0.5642181038856506 42
1761443830717 0.565570056438446 43
1761443831497 0.5646687746047974 44
1761443832177 0.5624154806137085 45
1761443832911 0.5637674331665039 46
1761443833731 0.5646687746047974 47
1761443834764 0.5619648694992065 48
1761443835576 0.5646687746047974 49
1761443789211 0.5515998005867004 0
