1761443789211 0.9889496564865112 0
1761443790583 0.9693964719772339 1
1761443791269 0.969039261341095 2
1761443792114 0.9639435410499573 3
1761443792904 0.9651937484741211 4
1761443793801 0.9631993770599365 5
1761443794502 0.9608998894691467 6
1761443795452 0.9589941501617432 7
1761443796583 0.9598862528800964 8
1761443797520 0.9569810628890991 9
1761443798566 0.9568156003952026 10
1761443799648 0.9570399522781372 11
1761443800548 0.9542486667633057 12
1761443801598 0.9577030539512634 13
1761443802630 0.9532351493835449 14
1761443803627 0.9545453786849976 15
1761443804631 0.9551116824150085 16
1761443805696 0.9518266320228577 17
1761443806567 0.9548636674880981 18
1761443807448 0.9523595571517944 19
1761443808370 0.951943576335907 20
1761443809447 0.9503940939903259 21
1761443810587 0.9487602710723877 22
1761443811608 0.9517771005630493 23
1761443812483 0.9509770274162292 24
1761443813314 0.9488895535469055 25
1761443814180 0.9517456293106079 26
1761443815047 0.9481848478317261 27
1761443815902 0.9529364109039307 28
1761443816908 0.9470045566558838 29
1761443817892 0.9471047520637512 30
1761443818917 0.9485368132591248 31
1761443819995 0.9469356536865234 32
1761443820833 0.9468769431114197 33
1761443821847 0.9456774592399597 34
1761443823002 0.9447965025901794 35
1761443824118 0.9433151483535767 36
1761443825049 0.9454013705253601 37
1761443826074 0.9425644874572754 38
1761443827006 0.9452424049377441 39
1761443827927 0.9442576169967651 40
1761443828815 0.9415128827095032 41
1761443829926 0.9421561360359192 42
1761443830717 0.9399396181106567 43
1761443831497 0.9417012333869934 44
1761443832177 0.9412837028503418 45
1761443832911 0.9414485096931458 46
1761443833731 0.9398004412651062 47
1761443834764 0.94153892993927 48
1761443835576 0.9378678202629089 49
1761443789211 0.9889496564865112 0
