1761590024046 0.4684400260448456 0
1761590024285 0.47790801525115967 1
1761590024503 0.49594229459762573 2
1761590024718 0.49504056572914124 3
1761590024946 0.5045085549354553 4
1761590025174 0.5144274234771729 5
1761590025404 0.515329122543335 6
1761590025643 0.5144274234771729 7
1761590025861 0.5229936838150024 8
1761590026085 0.5229936838150024 9
1761590026310 0.5374211072921753 10
1761590026536 0.5302073955535889 11
1761590026752 0.5437331199645996 12
1761590026970 0.5455365180969238 13
1761590027201 0.5428313612937927 14
1761590027418 0.5509467720985413 15
1761590027646 0.5532010793685913 16
1761590027892 0.5599639415740967 17
1761590028126 0.5590622425079346 18
1761590028340 0.5671776533126831 19
1761590028565 0.5725879073143005 20
1761590028805 0.5689810514450073 21
1761590029037 0.5766456127166748 22
1761590029271 0.5897204875946045 23
1761590029499 0.5775473117828369 24
1761590029722 0.579801619052887 25
1761590029946 0.5870153307914734 26
1761590030193 0.5928764939308167 27
1761590030427 0.6032461524009705 28
1761590030662 0.6095581650733948 29
1761590030883 0.6068530082702637 30
1761590031120 0.6203787326812744 31
1761590031333 0.6104598641395569 32
1761590031546 0.6154192686080933 33
1761590031776 0.6190261244773865 34
1761590031989 0.6226329803466797 35
1761590032211 0.6172227263450623 36
1761590032451 0.6384130120277405 37
1761590032677 0.6370604038238525 38
1761590032907 0.6384130120277405 39
1761590033124 0.646528422832489 40
1761590033350 0.646528422832489 41
1761590033605 0.6546438336372375 42
1761590033830 0.6550946831703186 43
1761590034096 0.660054087638855 44
1761590034334 0.6546438336372375 45
1761590034560 0.646528422832489 46
1761590034779 0.6609557867050171 47
1761590034993 0.6456266641616821 48
1761590035272 0.662308394908905 49
1761590035492 0.6573489904403687 50
1761590035701 0.6532912254333496 51
1761590035930 0.6627592444419861 52
1761590036148 0.6695221066474915 53
1761590036384 0.6686204075813293 54
1761590036619 0.6713255047798157 55
1761590036841 0.6744815111160278 56
1761590037082 0.6807935237884521 57
1761590037302 0.6681694984436035 58
1761590037521 0.6722272038459778 59
1761590037741 0.675834059715271 60
1761590037954 0.6825969219207764 61
1761590038175 0.6880072355270386 62
1761590038392 0.6753832101821899 63
1761590038611 0.6916140913963318 64
1761590038824 0.6925157904624939 65
1761590039041 0.6898106336593628 66
1761590039262 0.6992786526679993 67
1761590039488 0.6965734958648682 68
1761590039706 0.7010820508003235 69
1761590039922 0.6889089345932007 70
1761590040140 0.6857529282569885 71
1761590040356 0.6938683390617371 72
1761590040596 0.7078449130058289 73
1761590040828 0.6920649409294128 74
1761590041052 0.708746612071991 75
1761590041278 0.693417489528656 76
1761590041513 0.6983768939971924 77
1761590041756 0.7028855085372925 78
1761590041978 0.7064923644065857 79
1761590042201 0.7028855085372925 80
1761590042420 0.7164111733436584 81
1761590042642 0.7051397562026978 82
1761590042876 0.7024345993995667 83
1761590043091 0.7191163301467896 84
1761590043308 0.7060414552688599 85
1761590043533 0.7114517688751221 86
1761590043756 0.7028855085372925 87
1761590043980 0.7128043174743652 88
1761590044204 0.7177637219429016 89
1761590044427 0.7132551670074463 90
1761590044646 0.7231740355491638 91
1761590044852 0.7141569256782532 92
1761590045067 0.7173128724098206 93
1761590045294 0.7191163301467896 94
1761590045504 0.7254283428192139 95
1761590045733 0.7186654806137085 96
1761590046002 0.7200180292129517 97
1761590046231 0.709197461605072 98
1761590046492 0.7213705778121948 99
1761590024046 0.4684400260448456 0
