1761512662404 0.4754393994808197 0
1761512662870 0.4894096553325653 1
1761512663351 0.4993240237236023 2
1761512663755 0.48986029624938965 3
1761512664189 0.5141955614089966 4
1761512664628 0.47994592785835266 5
1761512665054 0.48850834369659424 6
1761512665671 0.46958088874816895 7
1761512666078 0.4817485213279724 8
1761512666489 0.49211356043815613 9
1761512666898 0.500225305557251 10
1761512667324 0.47994592785835266 11
1761512667732 0.48084723949432373 12
1761512668151 0.5137449502944946 13
1761512668566 0.48129788041114807 14
1761512669011 0.480396568775177 15
1761512669417 0.4790446162223816 16
1761512669805 0.4713835120201111 17
1761512670230 0.48580440878868103 18
1761512670665 0.48490309715270996 19
1761512671091 0.49977466464042664 20
1761512671538 0.48625507950782776 21
1761512671949 0.49211356043815613 22
1761512672331 0.4930148720741272 23
1761512672720 0.4952681362628937 24
1761512673145 0.49391618371009827 25
1761512673573 0.4889589846134186 26
1761512674002 0.47093284130096436 27
1761512674392 0.4894096553325653 28
1761512674830 0.48625507950782776 29
1761512675244 0.4889589846134186 30
1761512675644 0.4943668246269226 31
1761512676045 0.4979720711708069 32
1761512676444 0.490310937166214 33
1761512676848 0.4880576729774475 34
1761512677251 0.49977466464042664 35
1761512677652 0.48129788041114807 36
1761512678051 0.5114916563034058 37
1761512678451 0.5087877511978149 38
1761512678850 0.5087877511978149 39
1761512679246 0.554754376411438 40
1761512679650 0.5511491894721985 41
1761512680054 0.534925639629364 42
1761512680455 0.5624154806137085 43
1761512680859 0.5646687746047974 44
1761512681264 0.5754844546318054 45
1761512681669 0.5844975113868713 46
1761512682071 0.5804416537284851 47
1761512682473 0.5971158146858215 48
1761512682877 0.6020730137825012 49
1761512662404 0.4754393994808197 0
