1761512662404 0.8095784783363342 0
1761512662870 0.8029628396034241 1
1761512663351 0.7971622943878174 2
1761512663755 0.7936655282974243 3
1761512664189 0.7906267046928406 4
1761512664628 0.7942212224006653 5
1761512665054 0.7934364080429077 6
1761512665671 0.7978848218917847 7
1761512666078 0.7978163957595825 8
1761512666489 0.795796811580658 9
1761512666898 0.7974143028259277 10
1761512667324 0.79367595911026 11
1761512667732 0.792186975479126 12
1761512668151 0.7912641763687134 13
1761512668566 0.7946567535400391 14
1761512669011 0.7934355735778809 15
1761512669417 0.7939556837081909 16
1761512669805 0.7927799820899963 17
1761512670230 0.7927215695381165 18
1761512670665 0.7919491529464722 19
1761512671091 0.7907405495643616 20
1761512671538 0.7928552627563477 21
1761512671949 0.7920100092887878 22
1761512672331 0.7921520471572876 23
1761512672720 0.79234778881073 24
1761512673145 0.7923932671546936 25
1761512673573 0.791519045829773 26
1761512674002 0.7926306128501892 27
1761512674392 0.7920054793357849 28
1761512674830 0.792776882648468 29
1761512675244 0.7952725887298584 30
1761512675644 0.7917139530181885 31
1761512676045 0.7908779382705688 32
1761512676444 0.7924262285232544 33
1761512676848 0.7920394539833069 34
1761512677251 0.7918840646743774 35
1761512677652 0.7923311591148376 36
1761512678051 0.7899590134620667 37
1761512678451 0.7885207533836365 38
1761512678850 0.786607027053833 39
1761512679246 0.7833019495010376 40
1761512679650 0.7806529998779297 41
1761512680054 0.7825273871421814 42
1761512680455 0.7734827995300293 43
1761512680859 0.7737523913383484 44
1761512681264 0.7686147093772888 45
1761512681669 0.7599762678146362 46
1761512682071 0.7594371438026428 47
1761512682473 0.7489380240440369 48
1761512682877 0.7421905398368835 49
1761512662404 0.8095784783363342 0
