1761597771164 0.5234445333480835 0
1761597771401 0.5234445333480835 1
1761597771639 0.5234445333480835 2
1761597771877 0.5261496901512146 3
1761597772099 0.5252479910850525 4
1761597772329 0.5275022387504578 5
1761597772545 0.5234445333480835 6
1761597772790 0.5252479910850525 7
1761597773061 0.5256988406181335 8
1761597773299 0.5229936838150024 9
1761597773507 0.5275022387504578 10
1761597773724 0.5247971415519714 11
1761597773945 0.5266005396842957 12
1761597774192 0.5270513892173767 13
1761597774512 0.5279530882835388 14
1761597774771 0.5275022387504578 15
1761597775105 0.5256988406181335 16
1761597775339 0.5243462324142456 17
1761597775600 0.5293056964874268 18
1761597775875 0.5225428342819214 19
1761597776197 0.5266005396842957 20
1761597776482 0.5252479910850525 21
1761597776720 0.5211902856826782 22
1761597776966 0.5229936838150024 23
1761597777214 0.531559944152832 24
1761597777465 0.5275022387504578 25
1761597777679 0.5288548469543457 26
1761597777904 0.5266005396842957 27
1761597778165 0.5261496901512146 28
1761597778415 0.5266005396842957 29
1761597778637 0.5270513892173767 30
1761597778857 0.5261496901512146 31
1761597779098 0.5284039378166199 32
1761597779374 0.5302073955535889 33
1761597779615 0.5279530882835388 34
1761597779849 0.5297565460205078 35
1761597780085 0.5279530882835388 36
1761597780376 0.533363401889801 37
1761597780711 0.5238953828811646 38
1761597780951 0.5238953828811646 39
1761597781199 0.533363401889801 40
1761597781417 0.5284039378166199 41
1761597781640 0.5261496901512146 42
1761597781897 0.5293056964874268 43
1761597782200 0.5247971415519714 44
1761597782503 0.5293056964874268 45
1761597782751 0.5320107936859131 46
1761597783036 0.5293056964874268 47
1761597783293 0.5306582450866699 48
1761597783581 0.5220919847488403 49
1761597771164 0.5234445333480835 0
