1761597771164 1.0075857639312744 0
1761597771401 0.9990768432617188 1
1761597771639 0.995880126953125 2
1761597771877 0.9952499270439148 3
1761597772099 0.9939994215965271 4
1761597772329 0.9944012761116028 5
1761597772545 0.9965106844902039 6
1761597772790 0.996184229850769 7
1761597773061 0.9968339800834656 8
1761597773299 0.9923550486564636 9
1761597773507 0.9932407736778259 10
1761597773724 0.9927706718444824 11
1761597773945 0.9927462339401245 12
1761597774192 0.9916172027587891 13
1761597774512 0.9922310709953308 14
1761597774771 0.9938737154006958 15
1761597775105 0.9901725053787231 16
1761597775339 0.9920061230659485 17
1761597775600 0.9906842112541199 18
1761597775875 0.9908798336982727 19
1761597776197 0.9898262023925781 20
1761597776482 0.9917383193969727 21
1761597776720 0.9936220645904541 22
1761597776966 0.9902995228767395 23
1761597777214 0.9897714257240295 24
1761597777465 0.9896100163459778 25
1761597777679 0.9895048141479492 26
1761597777904 0.9876832365989685 27
1761597778165 0.9935544729232788 28
1761597778415 0.9894739985466003 29
1761597778637 0.990123450756073 30
1761597778857 0.9896748661994934 31
1761597779098 0.9900776147842407 32
1761597779374 0.9918570518493652 33
1761597779615 0.9872468113899231 34
1761597779849 0.9870859980583191 35
1761597780085 0.9867207407951355 36
1761597780376 0.9859002828598022 37
1761597780711 0.9881006479263306 38
1761597780951 0.9872139692306519 39
1761597781199 0.9853402376174927 40
1761597781417 0.9865496158599854 41
1761597781640 0.9862567782402039 42
1761597781897 0.9871883392333984 43
1761597782200 0.9841203093528748 44
1761597782503 0.9874716401100159 45
1761597782751 0.9839531183242798 46
1761597783036 0.9829985499382019 47
1761597783293 0.9851580262184143 48
1761597783581 0.9900293946266174 49
1761597771164 1.0075857639312744 0
