1761516229660 0.4335286021232605 0
1761516230129 0.4375844895839691 1
1761516230603 0.45335736870765686 2
1761516231050 0.45335736870765686 3
1761516231502 0.45335736870765686 4
1761516231978 0.45335736870765686 5
1761516232455 0.45200541615486145 6
1761516232953 0.45335736870765686 7
1761516233493 0.4452455937862396 8
1761516233977 0.4511041045188904 9
1761516234383 0.4515547454357147 10
1761516234804 0.45335736870765686 11
1761516235242 0.4524560570716858 12
1761516235647 0.44704821705818176 13
1761516236047 0.4529067277908325 14
1761516236447 0.45606130361557007 15
1761516236856 0.4438936412334442 16
1761516237335 0.4538080096244812 17
1761516237762 0.4484001696109772 18
1761516238164 0.46101847290992737 19
1761516238586 0.44164037704467773 20
1761516239022 0.46462368965148926 21
1761516239447 0.45470932126045227 22
1761516239906 0.4587652087211609 23
1761516240332 0.46462368965148926 24
1761516240776 0.47228482365608215 25
1761516241239 0.47093284130096436 26
1761516241676 0.47589004039764404 27
1761516242110 0.4727354645729065 28
1761516242587 0.4776926636695862 29
1761516243046 0.47589004039764404 30
1761516243529 0.4831005036830902 31
1761516243935 0.4831005036830902 32
1761516244365 0.49391618371009827 33
1761516244792 0.4894096553325653 34
1761516245213 0.4952681362628937 35
1761516245944 0.48625507950782776 36
1761516246445 0.4966200888156891 37
1761516246970 0.4916629195213318 38
1761516247375 0.504281222820282 39
1761516247801 0.49752140045166016 40
1761516248224 0.5065344572067261 41
1761516248617 0.5159981846809387 42
1761516249050 0.5051825046539307 43
1761516249479 0.5123929977416992 44
1761516249886 0.5164488554000854 45
1761516250345 0.5164488554000854 46
1761516250891 0.5218566656112671 47
1761516251338 0.5317710638046265 48
1761516251775 0.5290671586990356 49
1761516229660 0.4335286021232605 0
