1761516229660 1.0909841060638428 0
1761516230129 1.077080249786377 1
1761516230603 1.0741925239562988 2
1761516231050 1.0741430521011353 3
1761516231502 1.0729807615280151 4
1761516231978 1.0776029825210571 5
1761516232455 1.0765414237976074 6
1761516232953 1.0691407918930054 7
1761516233493 1.0744067430496216 8
1761516233977 1.068481206893921 9
1761516234383 1.0667060613632202 10
1761516234804 1.0603957176208496 11
1761516235242 1.0592024326324463 12
1761516235647 1.0582318305969238 13
1761516236047 1.054682970046997 14
1761516236447 1.059568166732788 15
1761516236856 1.0529512166976929 16
1761516237335 1.0498793125152588 17
1761516237762 1.0526161193847656 18
1761516238164 1.0520455837249756 19
1761516238586 1.0523985624313354 20
1761516239022 1.0454779863357544 21
1761516239447 1.0430800914764404 22
1761516239906 1.037659764289856 23
1761516240332 1.0368372201919556 24
1761516240776 1.0306302309036255 25
1761516241239 1.0313302278518677 26
1761516241676 1.025884747505188 27
1761516242110 1.0218238830566406 28
1761516242587 1.0198973417282104 29
1761516243046 1.0167111158370972 30
1761516243529 1.013466477394104 31
1761516243935 1.0135109424591064 32
1761516244365 1.0002639293670654 33
1761516244792 0.9974051117897034 34
1761516245213 0.9961342215538025 35
1761516245944 0.9936787486076355 36
1761516246445 0.9871474504470825 37
1761516246970 0.9870773553848267 38
1761516247375 0.9836993217468262 39
1761516247801 0.979340672492981 40
1761516248224 0.9788355827331543 41
1761516248617 0.9704587459564209 42
1761516249050 0.9747584462165833 43
1761516249479 0.9689345359802246 44
1761516249886 0.9633431434631348 45
1761516250345 0.9599541425704956 46
1761516250891 0.9526962637901306 47
1761516251338 0.9508914351463318 48
1761516251775 0.9556383490562439 49
1761516229660 1.0909841060638428 0
