1761605909320 0.3990081250667572 0
1761605909711 0.402164101600647 1
1761605910059 0.4310189485549927 2
1761605910415 0.4120829701423645 3
1761605910763 0.41929665207862854 4
1761605911104 0.4224526584148407 5
1761605911444 0.4310189485549927 6
1761605911798 0.4310189485549927 7
1761605912136 0.4310189485549927 8
1761605912500 0.4337240755558014 9
1761605912840 0.4301172196865082 10
1761605913184 0.4260595142841339 11
1761605913518 0.4283137917518616 12
1761605913852 0.42651036381721497 13
1761605914194 0.43417492508888245 14
1761605914531 0.4287646412849426 15
1761605914866 0.4206492304801941 16
1761605915216 0.44229036569595337 17
1761605915602 0.4409377872943878 18
1761605915955 0.4440937638282776 19
1761605916293 0.43597835302352905 20
1761605916633 0.43688008189201355 21
1761605916979 0.4558160603046417 22
1761605917312 0.44364291429519653 23
1761605917655 0.4477006196975708 24
1761605917996 0.451307475566864 25
1761605918323 0.45446348190307617 26
1761605918670 0.45175835490226746 27
1761605919007 0.4504057765007019 28
1761605919351 0.4522092044353485 29
1761605919701 0.4616771936416626 30
1761605920039 0.4616771936416626 31
1761605920380 0.46753832697868347 32
1761605920725 0.4562669098377228 33
1761605921068 0.4711451828479767 34
1761605921406 0.46753832697868347 35
1761605921756 0.46753832697868347 36
1761605922116 0.468890905380249 37
1761605922457 0.47069433331489563 38
1761605922804 0.47520288825035095 39
1761605923150 0.4729486107826233 40
1761605923483 0.47880974411964417 41
1761605923831 0.4878268837928772 42
1761605924166 0.4851217269897461 43
1761605924517 0.48557257652282715 44
1761605924856 0.4945897161960602 45
1761605925195 0.48467087745666504 46
1761605925522 0.500450849533081 47
1761605925858 0.49594229459762573 48
1761605926200 0.4963931441307068 49
1761605909320 0.3990081250667572 0
