1761605909320 1.0914387702941895 0
1761605909711 1.0821731090545654 1
1761605910059 1.0791845321655273 2
1761605910415 1.0811688899993896 3
1761605910763 1.0829076766967773 4
1761605911104 1.076718807220459 5
1761605911444 1.0773712396621704 6
1761605911798 1.0771822929382324 7
1761605912136 1.0750946998596191 8
1761605912500 1.0746150016784668 9
1761605912840 1.0759997367858887 10
1761605913184 1.0740100145339966 11
1761605913518 1.0733816623687744 12
1761605913852 1.0742335319519043 13
1761605914194 1.0737534761428833 14
1761605914531 1.0707789659500122 15
1761605914866 1.0709396600723267 16
1761605915216 1.0652357339859009 17
1761605915602 1.063475489616394 18
1761605915955 1.0652787685394287 19
1761605916293 1.0672193765640259 20
1761605916633 1.0647311210632324 21
1761605916979 1.0603737831115723 22
1761605917312 1.0640032291412354 23
1761605917655 1.0605396032333374 24
1761605917996 1.0581523180007935 25
1761605918323 1.0576163530349731 26
1761605918670 1.0563361644744873 27
1761605919007 1.053153395652771 28
1761605919351 1.0526227951049805 29
1761605919701 1.0522844791412354 30
1761605920039 1.0497772693634033 31
1761605920380 1.050479531288147 32
1761605920725 1.0458446741104126 33
1761605921068 1.0486583709716797 34
1761605921406 1.0443280935287476 35
1761605921756 1.0433075428009033 36
1761605922116 1.0409570932388306 37
1761605922457 1.043379783630371 38
1761605922804 1.0387746095657349 39
1761605923150 1.0365798473358154 40
1761605923483 1.0346230268478394 41
1761605923831 1.030832052230835 42
1761605924166 1.030551552772522 43
1761605924517 1.0292991399765015 44
1761605924856 1.0245541334152222 45
1761605925195 1.0199776887893677 46
1761605925522 1.0166703462600708 47
1761605925858 1.0133403539657593 48
1761605926200 1.0100427865982056 49
1761605909320 1.0914387702941895 0
