1761611475406 0.4409377872943878 0
1761611475652 0.49323713779449463 1
1761611475864 0.5234445333480835 2
1761611476079 0.5356176495552063 3
1761611476289 0.531559944152832 4
1761611476499 0.548692524433136 5
1761611476717 0.5383228063583374 6
1761611476928 0.5536519289016724 7
1761611477145 0.5752930641174316 8
1761611477380 0.5743913650512695 9
1761611477593 0.5834084749221802 10
1761611477800 0.5942290425300598 11
1761611478014 0.6032461524009705 12
1761611478223 0.6000901460647583 13
1761611478438 0.6167718768119812 14
1761611478651 0.6086564660072327 15
1761611478868 0.6221821308135986 16
1761611479083 0.6221821308135986 17
1761611479290 0.6321009993553162 18
1761611479503 0.6402164101600647 19
1761611479717 0.6411181092262268 20
1761611479929 0.6487826704978943 21
1761611480140 0.6505861282348633 22
1761611480351 0.661857545375824 23
1761611480563 0.6632100939750671 24
1761611480778 0.6672677993774414 25
1761611480993 0.6659152507781982 26
1761611481205 0.6740306615829468 27
1761611481414 0.6816952228546143 28
1761611481628 0.6830477714538574 29
1761611481839 0.6834986209869385 30
1761611482051 0.678088366985321 31
1761611482261 0.6880072355270386 32
1761611482477 0.695220947265625 33
1761611482691 0.693417489528656 34
1761611482901 0.6889089345932007 35
1761611483117 0.7051397562026978 36
1761611483329 0.7001803517341614 37
1761611483548 0.7046889066696167 38
1761611483765 0.7114517688751221 39
1761611483979 0.7078449130058289 40
1761611484194 0.7164111733436584 41
1761611484410 0.708746612071991 42
1761611484624 0.7209197282791138 43
1761611484837 0.7155094742774963 44
1761611485055 0.7173128724098206 45
1761611485269 0.7146077752113342 46
1761611485536 0.7204688787460327 47
1761611485749 0.7308385968208313 48
1761611485967 0.726780891418457 49
1761611475406 0.4409377872943878 0
