1761611475406 1.0488616228103638 0
1761611475652 0.9903817772865295 1
1761611475864 0.9773462414741516 2
1761611476079 0.9713951349258423 3
1761611476289 0.9648036956787109 4
1761611476499 0.9567501544952393 5
1761611476717 0.9581916332244873 6
1761611476928 0.9457230567932129 7
1761611477145 0.9383826851844788 8
1761611477380 0.9282447695732117 9
1761611477593 0.923501193523407 10
1761611477800 0.9131501913070679 11
1761611478014 0.9033001065254211 12
1761611478223 0.8889156579971313 13
1761611478438 0.8831281065940857 14
1761611478651 0.8707637786865234 15
1761611478868 0.8590087294578552 16
1761611479083 0.856987476348877 17
1761611479290 0.8494519591331482 18
1761611479503 0.8323904275894165 19
1761611479717 0.8259432911872864 20
1761611479929 0.8209317326545715 21
1761611480140 0.8074526786804199 22
1761611480351 0.7997912168502808 23
1761611480563 0.7975099682807922 24
1761611480778 0.7878457903862 25
1761611480993 0.7792928814888 26
1761611481205 0.7716870307922363 27
1761611481414 0.7655342817306519 28
1761611481628 0.7574979066848755 29
1761611481839 0.7520279288291931 30
1761611482051 0.7553464770317078 31
1761611482261 0.7392640709877014 32
1761611482477 0.7364970445632935 33
1761611482691 0.7330043315887451 34
1761611482901 0.7310448288917542 35
1761611483117 0.7169526815414429 36
1761611483329 0.7242971062660217 37
1761611483548 0.716539204120636 38
1761611483765 0.7009652853012085 39
1761611483979 0.7023960947990417 40
1761611484194 0.6929369568824768 41
1761611484410 0.706380307674408 42
1761611484624 0.6848399639129639 43
1761611484837 0.6892591118812561 44
1761611485055 0.6772652268409729 45
1761611485269 0.6846676468849182 46
1761611485536 0.6759737730026245 47
1761611485749 0.6647645235061646 48
1761611485967 0.6618944406509399 49
1761611475406 1.0488616228103638 0
