1761585409329 0.8735367655754089 0
1761585410522 0.8490456342697144 1
1761585411458 0.8550179600715637 2
1761585412395 0.8290643095970154 3
1761585413342 0.8313730359077454 4
1761585414256 0.8183934688568115 5
1761585415238 0.8179212808609009 6
1761585416207 0.7958418726921082 7
1761585417136 0.788783848285675 8
1761585418080 0.7833724021911621 9
1761585418995 0.7822026610374451 10
1761585419941 0.7503310441970825 11
1761585420902 0.7571786046028137 12
1761585421855 0.7409703731536865 13
1761585422861 0.7354937195777893 14
1761585423820 0.7187715172767639 15
1761585424779 0.6997829079627991 16
1761585425756 0.6979238390922546 17
1761585426691 0.678914487361908 18
1761585427639 0.6709792017936707 19
1761585428587 0.6538912057876587 20
1761585429522 0.6538555026054382 21
1761585430460 0.6267585158348083 22
1761585431390 0.6243914365768433 23
1761585432323 0.6012531518936157 24
1761585433321 0.5910784602165222 25
1761585434306 0.5856914520263672 26
1761585435256 0.5893493294715881 27
1761585436219 0.5734474658966064 28
1761585437211 0.5789216160774231 29
1761585438152 0.5639795660972595 30
1761585439112 0.5409542918205261 31
1761585440074 0.5271373391151428 32
1761585441050 0.5038337111473083 33
1761585441984 0.4904317855834961 34
1761585442924 0.48585349321365356 35
1761585443857 0.4658033549785614 36
1761585444808 0.4687965512275696 37
1761585445766 0.4567663073539734 38
1761585446758 0.45399966835975647 39
1761585447693 0.4219488799571991 40
1761585448650 0.4311406910419464 41
1761585449598 0.40512627363204956 42
1761585450554 0.40501469373703003 43
1761585451527 0.41274866461753845 44
1761585452475 0.37504470348358154 45
1761585453474 0.39446210861206055 46
1761585454534 0.3595842719078064 47
1761585455819 0.34817373752593994 48
1761585457010 0.3522288203239441 49
1761585458028 0.33147332072257996 50
1761585459145 0.34061190485954285 51
1761585460244 0.3200528621673584 52
1761585461453 0.32670676708221436 53
1761585462520 0.3203352987766266 54
1761585463681 0.27360543608665466 55
1761585464764 0.29005125164985657 56
1761585465777 0.27901050448417664 57
1761585466944 0.26829269528388977 58
1761585467987 0.30338847637176514 59
1761585469014 0.2619088888168335 60
1761585470028 0.2556149661540985 61
1761585471045 0.25726255774497986 62
1761585472097 0.2514488399028778 63
1761585473305 0.255935400724411 64
1761585474312 0.24511386454105377 65
1761585475332 0.23650957643985748 66
1761585476337 0.2158922553062439 67
1761585477354 0.22538864612579346 68
1761585478494 0.2496548891067505 69
1761585479459 0.22609274089336395 70
1761585480427 0.1959678679704666 71
1761585481382 0.2299284040927887 72
1761585482344 0.1736779510974884 73
1761585483309 0.17498725652694702 74
1761585484434 0.19424133002758026 75
1761585485400 0.18373921513557434 76
1761585486376 0.1893763542175293 77
1761585487352 0.17956863343715668 78
1761585488329 0.1687103807926178 79
1761585489317 0.15414024889469147 80
1761585490665 0.14095811545848846 81
1761585491618 0.15813539922237396 82
1761585492598 0.14675500988960266 83
1761585493568 0.22183313965797424 84
1761585494517 0.18367014825344086 85
1761585495702 0.17432428896427155 86
1761585496679 0.16557689011096954 87
1761585497610 0.13657061755657196 88
1761585498569 0.1441069394350052 89
1761585499520 0.1430634707212448 90
1761585500506 0.18126718699932098 91
1761585501639 0.18230168521404266 92
1761585502592 0.2024623304605484 93
1761585503533 0.18538472056388855 94
1761585504496 0.14934438467025757 95
1761585505454 0.11098161339759827 96
1761585506543 0.13135601580142975 97
1761585507508 0.14467868208885193 98
1761585508464 0.11124793440103531 99
1761585409329 0.8735367655754089 0
