1761464772198 0.44073906540870667 0
1761464772492 0.48625507950782776 1
1761464772800 0.49481749534606934 2
1761464773096 0.5033798813819885 3
1761464773300 0.5096890330314636 4
1761464773523 0.5191527605056763 5
1761464773761 0.5209553837776184 6
1761464773987 0.5322217345237732 7
1761464774201 0.534925639629364 8
1761464774425 0.5340243577957153 9
1761464774643 0.5484452247619629 10
1761464774858 0.554754376411438 11
1761464775073 0.5439386963844299 12
1761464775290 0.5430374145507812 13
1761464775505 0.554754376411438 14
1761464775740 0.558810293674469 15
1761464775959 0.5615141987800598 16
1761464776179 0.5709779262542725 17
1761464776399 0.5651194453239441 18
1761464776630 0.5795403122901917 19
1761464776862 0.5804416537284851 20
1761464777078 0.5781883597373962 21
1761464777297 0.5718792080879211 22
1761464777527 0.5876520872116089 23
1761464777749 0.5930599570274353 24
1761464777968 0.5944119095802307 25
1761464778191 0.6034249663352966 26
1761464778408 0.6052275896072388 27
1761464778644 0.6056782603263855 28
1761464778862 0.6169445514678955 29
1761464779073 0.6187471747398376 30
1761464779290 0.6056782603263855 31
1761464779506 0.613339364528656 32
1761464779730 0.6205497980117798 33
1761464779949 0.6191978454589844 34
1761464780162 0.6295628547668457 35
1761464780378 0.6277602314949036 36
1761464780594 0.6349707245826721 37
1761464780822 0.6394772529602051 38
1761464781062 0.6385759115219116 39
1761464781284 0.6471383571624756 40
1761464781501 0.6453357338905334 41
1761464781720 0.6502929329872131 42
1761464781934 0.659305989742279 43
1761464782160 0.6421811580657959 44
1761464782386 0.6520955562591553 45
1761464782604 0.6602072715759277 46
1761464782827 0.6498422622680664 47
1761464783047 0.6534475088119507 48
1761464783274 0.6547994613647461 49
1761464772198 0.44073906540870667 0
