1761464772198 1.0331182479858398 0
1761464772492 0.995164692401886 1
1761464772800 0.987478494644165 2
1761464773096 0.981780469417572 3
1761464773300 0.9763894081115723 4
1761464773523 0.9733638167381287 5
1761464773761 0.9680861234664917 6
1761464773987 0.9640997648239136 7
1761464774201 0.9609818458557129 8
1761464774425 0.9572075009346008 9
1761464774643 0.9484822750091553 10
1761464774858 0.945595920085907 11
1761464775073 0.9439607858657837 12
1761464775290 0.9417493939399719 13
1761464775505 0.9343122243881226 14
1761464775740 0.9321597218513489 15
1761464775959 0.9270184636116028 16
1761464776179 0.9215109348297119 17
1761464776399 0.9175489544868469 18
1761464776630 0.9115841388702393 19
1761464776862 0.9084409475326538 20
1761464777078 0.9087488055229187 21
1761464777297 0.9058396220207214 22
1761464777527 0.8952551484107971 23
1761464777749 0.8900969624519348 24
1761464777968 0.8892731666564941 25
1761464778191 0.8824823498725891 26
1761464778408 0.8769376873970032 27
1761464778644 0.8745751976966858 28
1761464778862 0.8735516667366028 29
1761464779073 0.8648242354393005 30
1761464779290 0.8617226481437683 31
1761464779506 0.8541578054428101 32
1761464779730 0.855347752571106 33
1761464779949 0.8492676615715027 34
1761464780162 0.8419742584228516 35
1761464780378 0.8397461771965027 36
1761464780594 0.8331006765365601 37
1761464780822 0.8243674635887146 38
1761464781062 0.82240229845047 39
1761464781284 0.8182494640350342 40
1761464781501 0.8140998482704163 41
1761464781720 0.8163214921951294 42
1761464781934 0.8071197271347046 43
1761464782160 0.8122134804725647 44
1761464782386 0.8046587109565735 45
1761464782604 0.7991358637809753 46
1761464782827 0.7931368350982666 47
1761464783047 0.7963915467262268 48
1761464783274 0.7859369516372681 49
1761464772198 1.0331182479858398 0
