1761463296017 0.5597115755081177 0
1761463296539 0.5637674331665039 1
1761463297018 0.5678233504295349 2
1761463297506 0.5691753029823303 3
1761463297992 0.5687246322631836 4
1761463298467 0.5651194453239441 5
1761463298967 0.5727805495262146 6
1761463299432 0.5754844546318054 7
1761463299920 0.5705272555351257 8
1761463300379 0.5727805495262146 9
1761463300854 0.5799909830093384 10
1761463301317 0.5790897011756897 11
1761463301814 0.5890040397644043 12
1761463302266 0.589454710483551 13
1761463302740 0.5930599570274353 14
1761463303216 0.6061288714408875 15
1761463303684 0.6011716723442078 16
1761463304178 0.6061288714408875 17
1761463304640 0.602523684501648 18
1761463305114 0.6169445514678955 19
1761463305579 0.6070302128791809 20
1761463306051 0.6038756370544434 21
1761463306512 0.613339364528656 22
1761463307001 0.6106353998184204 23
1761463307458 0.629112184047699 24
1761463307940 0.6119873523712158 25
1761463308403 0.6349707245826721 26
1761463308898 0.6259576678276062 27
1761463309357 0.6318161487579346 28
1761463309840 0.6214510798454285 29
1761463310299 0.6444344520568848 30
1761463310767 0.6408292055130005 31
1761463311240 0.6403785347938538 32
1761463311713 0.6502929329872131 33
1761463312185 0.6462370157241821 34
1761463312737 0.6408292055130005 35
1761463313205 0.6538981795310974 36
1761463313654 0.6611086130142212 37
1761463314157 0.648490309715271 38
1761463314630 0.6606579422950745 39
1761463315170 0.6538981795310974 40
1761463315641 0.6624605655670166 41
1761463316161 0.667868435382843 42
1761463316640 0.6705723404884338 43
1761463317137 0.6584047079086304 44
1761463317599 0.6660658121109009 45
1761463318074 0.6642631888389587 46
1761463318540 0.6795853972434998 47
1761463319037 0.6863452196121216 48
1761463319510 0.6881478428840637 49
1761463296017 0.5597115755081177 0
