1761463296017 0.9824118614196777 0
1761463296539 0.9638164639472961 1
1761463297018 0.9499931931495667 2
1761463297506 0.9449451565742493 3
1761463297992 0.9335570931434631 4
1761463298467 0.9260579347610474 5
1761463298967 0.9246959686279297 6
1761463299432 0.9184900522232056 7
1761463299920 0.917277991771698 8
1761463300379 0.9155662655830383 9
1761463300854 0.9028027653694153 10
1761463301317 0.9017009139060974 11
1761463301814 0.8931189775466919 12
1761463302266 0.8947926163673401 13
1761463302740 0.8829813003540039 14
1761463303216 0.8829003572463989 15
1761463303684 0.8776957392692566 16
1761463304178 0.8672580718994141 17
1761463304640 0.8775303363800049 18
1761463305114 0.8569816946983337 19
1761463305579 0.8560160994529724 20
1761463306051 0.8601956963539124 21
1761463306512 0.8489516377449036 22
1761463307001 0.8477497696876526 23
1761463307458 0.8374341726303101 24
1761463307940 0.8451524972915649 25
1761463308403 0.8201155066490173 26
1761463308898 0.8267996907234192 27
1761463309357 0.8306869268417358 28
1761463309840 0.8241338729858398 29
1761463310299 0.7997575402259827 30
1761463310767 0.8126157522201538 31
1761463311240 0.8016469478607178 32
1761463311713 0.7875099778175354 33
1761463312185 0.7927720546722412 34
1761463312737 0.8065979480743408 35
1761463313205 0.7724394202232361 36
1761463313654 0.7708587050437927 37
1761463314157 0.7938874959945679 38
1761463314630 0.7635138630867004 39
1761463315170 0.7815281748771667 40
1761463315641 0.7743155360221863 41
1761463316161 0.7494862079620361 42
1761463316640 0.7523989081382751 43
1761463317137 0.7433834075927734 44
1761463317599 0.7549482583999634 45
1761463318074 0.7501543760299683 46
1761463318540 0.722507119178772 47
1761463319037 0.708320677280426 48
1761463319510 0.7139040231704712 49
1761463296017 0.9824118614196777 0
