1761607164182 0.4138863980770111 0
1761607164578 0.44138863682746887 1
1761607164953 0.46032461524009705 2
1761607165335 0.48557257652282715 3
1761607165710 0.5018033981323242 4
1761607166065 0.5216411352157593 5
1761607166425 0.5166816711425781 6
1761607166792 0.5527502298355103 7
1761607167163 0.5513976812362671 8
1761607167540 0.5761947631835938 9
1761607167911 0.580252468585968 10
1761607168281 0.5906221866607666 11
1761607168654 0.6118124723434448 12
1761607169026 0.6064021587371826 13
1761607169392 0.6361587047576904 14
1761607169771 0.6397655606269836 15
1761607170140 0.6357078552246094 16
1761607170508 0.6677186489105225 17
1761607170885 0.6641117930412292 18
1761607171255 0.6830477714538574 19
1761607171630 0.693417489528656 20
1761607172003 0.695220947265625 21
1761607172376 0.7028855085372925 22
1761607172746 0.7159603238105774 23
1761607173113 0.7317402958869934 24
1761607173487 0.7362488508224487 25
1761607173857 0.7326419949531555 26
1761607174224 0.7362488508224487 27
1761607174598 0.7633002996444702 28
1761607174969 0.7407574653625488 29
1761607175342 0.757439136505127 30
1761607175717 0.7687105536460876 31
1761607176087 0.7772768139839172 32
1761607176457 0.7804328203201294 33
1761607176840 0.7745716571807861 34
1761607177223 0.7984670996665955 35
1761607177573 0.7921550869941711 36
1761607177926 0.7930567860603333 37
1761607178295 0.7917042374610901 38
1761607178663 0.8061316609382629 39
1761607179036 0.8083859086036682 40
1761607179401 0.8128945231437683 41
1761607179792 0.8155996203422546 42
1761607180193 0.8250676393508911 43
1761607180617 0.8192064762115479 44
1761607181003 0.8124436140060425 45
1761607181350 0.8313795924186707 46
1761607181710 0.8264201879501343 47
1761607182080 0.8390442132949829 48
1761607182449 0.8349864482879639 49
1761607164182 0.4138863980770111 0
