1761607164182 1.062916874885559 0
1761607164578 1.0397664308547974 1
1761607164953 1.0181245803833008 2
1761607165335 1.002400517463684 3
1761607165710 0.9863612651824951 4
1761607166065 0.9693676233291626 5
1761607166425 0.955385684967041 6
1761607166792 0.9368001818656921 7
1761607167163 0.922245442867279 8
1761607167540 0.8978689908981323 9
1761607167911 0.8948377966880798 10
1761607168281 0.8661918640136719 11
1761607168654 0.8440004587173462 12
1761607169026 0.8342582583427429 13
1761607169392 0.8028482794761658 14
1761607169771 0.7831630706787109 15
1761607170140 0.7863710522651672 16
1761607170508 0.7436466813087463 17
1761607170885 0.7300691604614258 18
1761607171255 0.7183294296264648 19
1761607171630 0.6891106963157654 20
1761607172003 0.6836551427841187 21
1761607172376 0.6630386710166931 22
1761607172746 0.6537489295005798 23
1761607173113 0.6260042786598206 24
1761607173487 0.6103437542915344 25
1761607173857 0.6084309816360474 26
1761607174224 0.6146484613418579 27
1761607174598 0.5694802403450012 28
1761607174969 0.5876808166503906 29
1761607175342 0.5732501149177551 30
1761607175717 0.541218638420105 31
1761607176087 0.526741087436676 32
1761607176457 0.5104538202285767 33
1761607176840 0.5119990706443787 34
1761607177223 0.4867149889469147 35
1761607177573 0.4868605434894562 36
1761607177926 0.480957955121994 37
1761607178295 0.4862499237060547 38
1761607178663 0.46934396028518677 39
1761607179036 0.4625217616558075 40
1761607179401 0.44837522506713867 41
1761607179792 0.43884554505348206 42
1761607180193 0.4157140552997589 43
1761607180617 0.41622522473335266 44
1761607181003 0.428427129983902 45
1761607181350 0.3995347023010254 46
1761607181710 0.40087464451789856 47
1761607182080 0.39135658740997314 48
1761607182449 0.38713839650154114 49
1761607164182 1.062916874885559 0
