1761522200061 0.5033798813819885 0
1761522200695 0.5511491894721985 1
1761522201286 0.5525011420249939 2
1761522201851 0.5506985187530518 3
1761522202468 0.554754376411438 4
1761522202802 0.5520504713058472 5
1761522203287 0.5511491894721985 6
1761522203965 0.5515998005867004 7
1761522204701 0.5461919903755188 8
1761522205268 0.5488958954811096 9
1761522205773 0.5579089522361755 10
1761522206558 0.5561063289642334 11
1761522207244 0.5511491894721985 12
1761522207917 0.5570076704025269 13
1761522208471 0.554754376411438 14
1761522208845 0.5597115755081177 15
1761522209336 0.5552050471305847 16
1761522209888 0.5664713978767395 17
1761522210490 0.554754376411438 18
1761522211062 0.5583596229553223 19
1761522211629 0.5561063289642334 20
1761522212184 0.5615141987800598 21
1761522212729 0.5525011420249939 22
1761522213289 0.5601622462272644 23
1761522213912 0.5583596229553223 24
1761522214565 0.554303765296936 25
1761522215254 0.5565569996833801 26
1761522215710 0.570076584815979 27
1761522216316 0.5506985187530518 28
1761522216859 0.5637674331665039 29
1761522217348 0.559260904788971 30
1761522217827 0.5610635280609131 31
1761522218354 0.570076584815979 32
1761522219054 0.5664713978767395 33
1761522219542 0.5678233504295349 34
1761522220111 0.5470932722091675 35
1761522220556 0.5682740211486816 36
1761522221067 0.5718792080879211 37
1761522221632 0.5651194453239441 38
1761522222123 0.57413250207901 39
1761522222531 0.5768364071846008 40
1761522222952 0.5745831727981567 41
1761522223449 0.5759351253509521 42
1761522223858 0.5691753029823303 43
1761522224491 0.5772870779037476 44
1761522224981 0.5750337839126587 45
1761522225534 0.5795403122901917 46
1761522226024 0.5727805495262146 47
1761522226598 0.5790897011756897 48
1761522227166 0.5840468406677246 49
1761522200061 0.5033798813819885 0
