1761588648611 0.43056806921958923 0
1761588649118 0.4337240755558014 1
1761588649574 0.451307475566864 2
1761588649977 0.451307475566864 3
1761588650495 0.451307475566864 4
1761588651015 0.451307475566864 5
1761588651473 0.451307475566864 6
1761588651946 0.451307475566864 7
1761588652430 0.451307475566864 8
1761588652887 0.451307475566864 9
1761588653329 0.451307475566864 10
1761588653761 0.451307475566864 11
1761588654187 0.44724977016448975 12
1761588654628 0.4486023485660553 13
1761588655063 0.44454464316368103 14
1761588655511 0.44544634222984314 15
1761588655948 0.44724977016448975 16
1761588656387 0.43417492508888245 17
1761588656827 0.44724977016448975 18
1761588657258 0.4486023485660553 19
1761588657698 0.4409377872943878 20
1761588658137 0.4449954926967621 21
1761588658583 0.45446348190307617 22
1761588659022 0.44815149903297424 23
1761588659482 0.4504057765007019 24
1761588659909 0.4486023485660553 25
1761588660345 0.4531109035015106 26
1761588660768 0.43958520889282227 27
1761588661237 0.4458971917629242 28
1761588661694 0.45175835490226746 29
1761588662142 0.45446348190307617 30
1761588662583 0.45175835490226746 31
1761588663010 0.4495040476322174 32
1761588663688 0.44138863682746887 33
1761588664259 0.4522092044353485 34
1761588664703 0.4477006196975708 35
1761588665145 0.4522092044353485 36
1761588665567 0.45085662603378296 37
1761588666008 0.4431920647621155 38
1761588666452 0.44815149903297424 39
1761588666890 0.4535617530345917 40
1761588667332 0.451307475566864 41
1761588667804 0.4522092044353485 42
1761588668261 0.4553651809692383 43
1761588668871 0.45085662603378296 44
1761588669398 0.46212804317474365 45
1761588670023 0.4504057765007019 46
1761588670583 0.451307475566864 47
1761588671049 0.4531109035015106 48
1761588671511 0.4571686089038849 49
1761588671970 0.4553651809692383 50
1761588672407 0.45175835490226746 51
1761588672858 0.45175835490226746 52
1761588673313 0.4486023485660553 53
1761588673804 0.4571686089038849 54
1761588674242 0.45175835490226746 55
1761588674688 0.4477006196975708 56
1761588675136 0.4607754647731781 57
1761588675580 0.45852118730545044 58
1761588676052 0.4616771936416626 59
1761588676492 0.46302974224090576 60
1761588676916 0.4553651809692383 61
1761588677359 0.4702434539794922 62
1761588677835 0.459873765707016 63
1761588678272 0.4607754647731781 64
1761588678696 0.4643823206424713 65
1761588679138 0.4616771936416626 66
1761588679622 0.45852118730545044 67
1761588680103 0.4670874774456024 68
1761588680526 0.47159603238105774 69
1761588680972 0.47069433331489563 70
1761588681447 0.46573489904403687 71
1761588681895 0.47069433331489563 72
1761588682332 0.48467087745666504 73
1761588682780 0.4625788927078247 74
1761588683218 0.475653737783432 75
1761588683655 0.46979260444641113 76
1761588684097 0.4797114431858063 77
1761588684564 0.47159603238105774 78
1761588684990 0.47339946031570435 79
1761588685436 0.4729486107826233 80
1761588685912 0.48376914858818054 81
1761588686351 0.4774571657180786 82
1761588686797 0.49188458919525146 83
1761588687237 0.48467087745666504 84
1761588687688 0.47069433331489563 85
1761588688119 0.4878268837928772 86
1761588688558 0.48557257652282715 87
1761588689006 0.4887285828590393 88
1761588689448 0.484220027923584 89
1761588689931 0.4887285828590393 90
1761588690355 0.48557257652282715 91
1761588690803 0.5054102540016174 92
1761588691280 0.4923354387283325 93
1761588691713 0.4981965720653534 94
1761588692167 0.49774572253227234 95
1761588692649 0.5085662603378296 96
1761588693109 0.5126239657402039 97
1761588693550 0.5031560063362122 98
1761588694002 0.5108205676078796 99
1761588648611 0.43056806921958923 0
