1761496050775 1.0743367671966553 0
1761496051333 1.0647779703140259 1
1761496051882 1.0637089014053345 2
1761496052508 1.0592440366744995 3
1761496053168 1.0587807893753052 4
1761496053784 1.057083249092102 5
1761496054473 1.0579609870910645 6
1761496055125 1.0598169565200806 7
1761496055762 1.0555611848831177 8
1761496056394 1.057950735092163 9
1761496057022 1.0560942888259888 10
1761496057616 1.0565305948257446 11
1761496058236 1.0540800094604492 12
1761496058721 1.0539376735687256 13
1761496059352 1.055700421333313 14
1761496059982 1.0560325384140015 15
1761496060512 1.0532031059265137 16
1761496061059 1.052596926689148 17
1761496061628 1.0519330501556396 18
1761496062270 1.0560814142227173 19
1761496062828 1.051923394203186 20
1761496063437 1.0525343418121338 21
1761496064031 1.0502018928527832 22
1761496064624 1.0495998859405518 23
1761496065321 1.0490331649780273 24
1761496065919 1.0492464303970337 25
1761496066426 1.0483794212341309 26
1761496066811 1.0518300533294678 27
1761496067422 1.049341082572937 28
1761496068061 1.0503488779067993 29
1761496068707 1.0514228343963623 30
1761496069335 1.0461602210998535 31
1761496069899 1.0500537157058716 32
1761496070525 1.0462026596069336 33
1761496071074 1.0463868379592896 34
1761496071479 1.0478737354278564 35
1761496072070 1.0465487241744995 36
1761496072643 1.044297695159912 37
1761496073235 1.0470523834228516 38
1761496073849 1.0457864999771118 39
1761496074407 1.0469088554382324 40
1761496075015 1.0450654029846191 41
1761496075626 1.047196388244629 42
1761496076261 1.043320894241333 43
1761496076890 1.0457478761672974 44
1761496077469 1.0419081449508667 45
1761496078047 1.0444971323013306 46
1761496078658 1.0422403812408447 47
1761496079210 1.0450953245162964 48
1761496079820 1.0436815023422241 49
1761496050775 1.0743367671966553 0
