1761592927161 0.40892696380615234 0
1761592927398 0.43237149715423584 1
1761592927631 0.4283137917518616 2
1761592927847 0.4418394863605499 3
1761592928067 0.4684400260448456 4
1761592928306 0.46302974224090576 5
1761592928521 0.4679891765117645 6
1761592928749 0.47159603238105774 7
1761592928972 0.475653737783432 8
1761592929190 0.4833182990550995 9
1761592929410 0.4887285828590393 10
1761592929628 0.49188458919525146 11
1761592929850 0.49368801712989807 12
1761592930074 0.5009016990661621 13
1761592930286 0.5090171098709106 14
1761592930499 0.5148782730102539 15
1761592930715 0.5108205676078796 16
1761592930924 0.5126239657402039 17
1761592931141 0.5234445333480835 18
1761592931354 0.5338142514228821 19
1761592931566 0.531559944152832 20
1761592931784 0.531559944152832 21
1761592932004 0.5378719568252563 22
1761592932234 0.533363401889801 23
1761592932451 0.5374211072921753 24
1761592932698 0.5527502298355103 25
1761592933015 0.5617673397064209 26
1761592933238 0.5568079352378845 27
1761592933455 0.5676285028457642 28
1761592933681 0.5635707974433899 29
1761592933905 0.5698827505111694 30
1761592934125 0.5712353587150574 31
1761592934352 0.5676285028457642 32
1761592934613 0.5779982209205627 33
1761592934832 0.5793507695198059 34
1761592935057 0.5793507695198059 35
1761592935274 0.5784490704536438 36
1761592935491 0.582055926322937 37
1761592935703 0.6005410552024841 38
1761592935917 0.5892696380615234 39
1761592936129 0.595581591129303 40
1761592936346 0.5969341993331909 41
1761592936562 0.6109107136726379 42
1761592936779 0.6032461524009705 43
1761592936990 0.5996392965316772 44
1761592937202 0.6059513092041016 45
1761592937417 0.6091073155403137 46
1761592937639 0.6045987606048584 47
1761592937863 0.6149684190750122 48
1761592938094 0.6055004596710205 49
1761592938307 0.6248872876167297 50
1761592938531 0.626690685749054 51
1761592938753 0.6163210272789001 52
1761592938969 0.628494143486023 53
1761592939185 0.6244364380836487 54
1761592939404 0.628494143486023 55
1761592939618 0.6302975416183472 56
1761592939832 0.6361587047576904 57
1761592940038 0.6321009993553162 58
1761592940254 0.6469792723655701 59
1761592940466 0.6275924444198608 60
1761592940696 0.6397655606269836 61
1761592940916 0.646077573299408 62
1761592941133 0.6316501498222351 63
1761592941350 0.6433724164962769 64
1761592941567 0.6505861282348633 65
1761592941811 0.6415689587593079 66
1761592942072 0.6456266641616821 67
1761592942298 0.6384130120277405 68
1761592942542 0.6541929841041565 69
1761592942762 0.6532912254333496 70
1761592942989 0.6519386768341064 71
1761592943198 0.660504937171936 72
1761592943404 0.6717763543128967 73
1761592943612 0.6672677993774414 74
1761592943841 0.6609557867050171 75
1761592944056 0.662308394908905 76
1761592944267 0.6582506895065308 77
1761592944480 0.6614066958427429 78
1761592944696 0.6713255047798157 79
1761592944924 0.661857545375824 80
1761592945149 0.6672677993774414 81
1761592945370 0.6807935237884521 82
1761592945598 0.6794409155845642 83
1761592945813 0.6722272038459778 84
1761592946032 0.675834059715271 85
1761592946252 0.6749323606491089 86
1761592946474 0.6857529282569885 87
1761592946692 0.6821460723876953 88
1761592946916 0.6803426742553711 89
1761592947142 0.6830477714538574 90
1761592947366 0.67763751745224 91
1761592947578 0.6875563859939575 92
1761592947791 0.6875563859939575 93
1761592948012 0.6880072355270386 94
1761592948238 0.6907123327255249 95
1761592948460 0.6983768939971924 96
1761592948688 0.6862037777900696 97
1761592948962 0.6938683390617371 98
1761592949211 0.691163182258606 99
1761592927161 0.40892696380615234 0
