1761592927161 1.0939195156097412 0
1761592927398 1.0747019052505493 1
1761592927631 1.0614408254623413 2
1761592927847 1.0566107034683228 3
1761592928067 1.0506569147109985 4
1761592928306 1.045164942741394 5
1761592928521 1.0392427444458008 6
1761592928749 1.036820411682129 7
1761592928972 1.0319501161575317 8
1761592929190 1.025038242340088 9
1761592929410 1.0214450359344482 10
1761592929628 1.0154017210006714 11
1761592929850 1.0109927654266357 12
1761592930074 1.0057085752487183 13
1761592930286 0.9975691437721252 14
1761592930499 0.9975375533103943 15
1761592930715 0.993536114692688 16
1761592930924 0.9863957166671753 17
1761592931141 0.981933057308197 18
1761592931354 0.9760596752166748 19
1761592931566 0.9713562726974487 20
1761592931784 0.9627940058708191 21
1761592932004 0.9571938514709473 22
1761592932234 0.9551726579666138 23
1761592932451 0.951191246509552 24
1761592932698 0.9464495778083801 25
1761592933015 0.9406101107597351 26
1761592933238 0.9374022483825684 27
1761592933455 0.9389036297798157 28
1761592933681 0.9268363118171692 29
1761592933905 0.9184775352478027 30
1761592934125 0.926108717918396 31
1761592934352 0.9122667908668518 32
1761592934613 0.9110275506973267 33
1761592934832 0.9061061143875122 34
1761592935057 0.9058801531791687 35
1761592935274 0.8922615647315979 36
1761592935491 0.8890836238861084 37
1761592935703 0.880586564540863 38
1761592935917 0.880854606628418 39
1761592936129 0.8879649639129639 40
1761592936346 0.8727639317512512 41
1761592936562 0.8636080622673035 42
1761592936779 0.8638285994529724 43
1761592936990 0.869477391242981 44
1761592937202 0.8580915331840515 45
1761592937417 0.8586163520812988 46
1761592937639 0.8526696562767029 47
1761592937863 0.8478659391403198 48
1761592938094 0.8593619465827942 49
1761592938307 0.839556097984314 50
1761592938531 0.8364297151565552 51
1761592938753 0.8376604914665222 52
1761592938969 0.8271139860153198 53
1761592939185 0.826062798500061 54
1761592939404 0.8290688395500183 55
1761592939618 0.817461371421814 56
1761592939832 0.8110307455062866 57
1761592940038 0.8187963366508484 58
1761592940254 0.8059117197990417 59
1761592940466 0.8099764585494995 60
1761592940696 0.7986785769462585 61
1761592940916 0.7964914441108704 62
1761592941133 0.8119394183158875 63
1761592941350 0.7936995029449463 64
1761592941567 0.7901137471199036 65
1761592941811 0.7861126065254211 66
1761592942072 0.783406138420105 67
1761592942298 0.7926222681999207 68
1761592942542 0.7791503071784973 69
1761592942762 0.7739186882972717 70
1761592942989 0.773867130279541 71
1761592943198 0.7666155695915222 72
1761592943404 0.7591667771339417 73
1761592943612 0.7619046568870544 74
1761592943841 0.7668341398239136 75
1761592944056 0.7593306303024292 76
1761592944267 0.763700544834137 77
1761592944480 0.7546236515045166 78
1761592944696 0.7513993978500366 79
1761592944924 0.750677227973938 80
1761592945149 0.745865523815155 81
1761592945370 0.7408115863800049 82
1761592945598 0.7347243428230286 83
1761592945813 0.7412151098251343 84
1761592946032 0.7344024181365967 85
1761592946252 0.7435027956962585 86
1761592946474 0.7261109352111816 87
1761592946692 0.7255740165710449 88
1761592946916 0.7247138619422913 89
1761592947142 0.7223729491233826 90
1761592947366 0.7201401591300964 91
1761592947578 0.7204685211181641 92
1761592947791 0.7126016020774841 93
1761592948012 0.7162719964981079 94
1761592948238 0.7111448645591736 95
1761592948460 0.712830662727356 96
1761592948688 0.707780659198761 97
1761592948962 0.7099078893661499 98
1761592949211 0.7069565057754517 99
1761592927161 1.0939195156097412 0
