1761609576530 0.44454464316368103 0
1761609577188 0.4522092044353485 1
1761609577754 0.4652840495109558 2
1761609578315 0.4589720368385315 3
1761609578875 0.45852118730545044 4
1761609579436 0.4643823206424713 5
1761609579987 0.466636598110199 6
1761609580581 0.47339946031570435 7
1761609581112 0.47339946031570435 8
1761609581654 0.4643823206424713 9
1761609582171 0.47339946031570435 10
1761609582718 0.4634806215763092 11
1761609583273 0.47339946031570435 12
1761609583838 0.47339946031570435 13
1761609584422 0.4571686089038849 14
1761609584966 0.45671775937080383 15
1761609585538 0.46753832697868347 16
1761609586099 0.4553651809692383 17
1761609586639 0.47339946031570435 18
1761609587175 0.47339946031570435 19
1761609587752 0.47339946031570435 20
1761609588308 0.46573489904403687 21
1761609588853 0.4535617530345917 22
1761609589395 0.47339946031570435 23
1761609589955 0.47339946031570435 24
1761609590549 0.47339946031570435 25
1761609591118 0.47339946031570435 26
1761609591704 0.47339946031570435 27
1761609592380 0.46212804317474365 28
1761609592945 0.46573489904403687 29
1761609593470 0.47339946031570435 30
1761609594065 0.4738503098487854 31
1761609594610 0.47520288825035095 32
1761609595158 0.4747520387172699 33
1761609595682 0.47430115938186646 34
1761609596270 0.4792605936527252 35
1761609596791 0.4607754647731781 36
1761609597376 0.4616771936416626 37
1761609597955 0.47790801525115967 38
1761609598500 0.47790801525115967 39
1761609599075 0.48061317205429077 40
1761609599618 0.47880974411964417 41
1761609600144 0.46979260444641113 42
1761609600666 0.47880974411964417 43
1761609601257 0.466636598110199 44
1761609601958 0.47159603238105774 45
1761609602603 0.4765554666519165 46
1761609603254 0.4792605936527252 47
1761609603849 0.4792605936527252 48
1761609604414 0.4797114431858063 49
1761609576530 0.44454464316368103 0
