1761502961395 0.4465975761413574 0
1761502962174 0.5286164879798889 1
1761502962823 0.5250112414360046 2
1761502963464 0.5484452247619629 3
1761502964035 0.5470932722091675 4
1761502964607 0.5443893671035767 5
1761502965210 0.5601622462272644 6
1761502965915 0.5624154806137085 7
1761502966636 0.5660207271575928 8
1761502967267 0.5583596229553223 9
1761502967847 0.5714285969734192 10
1761502968442 0.5745831727981567 11
1761502968995 0.558810293674469 12
1761502969570 0.5705272555351257 13
1761502970242 0.5759351253509521 14
1761502970852 0.5890040397644043 15
1761502971406 0.5804416537284851 16
1761502972049 0.5718792080879211 17
1761502972642 0.5754844546318054 18
1761502973305 0.5687246322631836 19
1761502973950 0.5853988528251648 20
1761502974552 0.5826948881149292 21
1761502975121 0.5822442770004272 22
1761502975768 0.5813429355621338 23
1761502976383 0.5912573337554932 24
1761502977017 0.569625973701477 25
1761502977541 0.5953131914138794 26
1761502978096 0.5831455588340759 27
1761502978649 0.578639030456543 28
1761502979211 0.5903559923171997 29
1761502979683 0.5930599570274353 30
1761502980091 0.5899053812026978 31
1761502980404 0.5813429355621338 32
1761502980949 0.5853988528251648 33
1761502981570 0.6011716723442078 34
1761502982122 0.5817936062812805 35
1761502982693 0.5993691086769104 36
1761502983296 0.5903559923171997 37
1761502983889 0.589454710483551 38
1761502984436 0.5962145328521729 39
1761502984989 0.5980170965194702 40
1761502985456 0.5998197197914124 41
1761502985972 0.5935105681419373 42
1761502986511 0.5975664854049683 43
1761502987007 0.6070302128791809 44
1761502987425 0.5935105681419373 45
1761502988076 0.602523684501648 46
1761502988778 0.5863001346588135 47
1761502989417 0.5944119095802307 48
1761502989735 0.5795403122901917 49
1761502961395 0.4465975761413574 0
