1761465961332 0.3929698169231415 0
1761465962416 0.4195583462715149 1
1761465963430 0.4384858012199402 2
1761465964148 0.4335286021232605 3
1761465965152 0.4434430003166199 4
1761465965916 0.45200541615486145 5
1761465966871 0.465074360370636 6
1761465967828 0.4655250012874603 7
1761465968995 0.48490309715270996 8
1761465970000 0.4776926636695862 9
1761465971111 0.48084723949432373 10
1761465971863 0.48715639114379883 11
1761465973005 0.49256423115730286 12
1761465973978 0.5056331753730774 13
1761465974735 0.5173501372337341 14
1761465975680 0.5119423270225525 15
1761465976882 0.5232086777687073 16
1761465977475 0.5322217345237732 17
1761465978046 0.5353763103485107 18
1761465978657 0.5281658172607422 19
1761465979727 0.5322217345237732 20
1761465980964 0.5475439429283142 21
1761465982156 0.5421360731124878 22
1761465983121 0.5515998005867004 23
1761465984172 0.563316822052002 24
1761465984931 0.5637674331665039 25
1761465985637 0.5610635280609131 26
1761465986392 0.5561063289642334 27
1761465987473 0.5944119095802307 28
1761465988687 0.5885534286499023 29
1761465989263 0.5795403122901917 30
1761465989985 0.5930599570274353 31
1761465990803 0.6029742956161499 32
1761465991975 0.5980170965194702 33
1761465992748 0.6101847887039185 34
1761465993356 0.602523684501648 35
1761465993943 0.609283447265625 36
1761465994605 0.6115367412567139 37
1761465995376 0.6363226771354675 38
1761465996266 0.6187471747398376 39
1761465997341 0.6399279236793518 40
1761465998274 0.6385759115219116 41
1761465999278 0.6493915915489197 42
1761466000230 0.643983781337738 43
1761466001193 0.6367733478546143 44
1761466002274 0.663812518119812 45
1761466003431 0.6502929329872131 46
1761466004523 0.6557007431983948 47
1761466005536 0.6624605655670166 48
1761466006341 0.6750788688659668 49
1761465961332 0.3929698169231415 0
