1761464838570 0.42406490445137024 0
1761464839664 0.4249661862850189 1
1761464840668 0.4601171612739563 2
1761464841655 0.44073906540870667 3
1761464842696 0.45921584963798523 4
1761464843819 0.4781433045864105 5
1761464844919 0.47589004039764404 6
1761464845952 0.48355114459991455 7
1761464846942 0.4880576729774475 8
1761464847921 0.480396568775177 9
1761464849044 0.5047318339347839 10
1761464850246 0.5015772581100464 11
1761464851280 0.5020279288291931 12
1761464852304 0.4984227120876312 13
1761464853303 0.5191527605056763 14
1761464854356 0.519603431224823 15
1761464855439 0.5277152061462402 16
1761464856645 0.5353763103485107 17
1761464857702 0.543488085269928 18
1761464858734 0.5515998005867004 19
1761464859843 0.5574583411216736 20
1761464861063 0.554303765296936 21
1761464862102 0.5646687746047974 22
1761464863112 0.5804416537284851 23
1761464864166 0.5831455588340759 24
1761464865194 0.5881027579307556 25
1761464866367 0.5908066630363464 26
1761464867488 0.6074808239936829 27
1761464868541 0.6228030920028687 28
1761464869570 0.6282109022140503 29
1761464870582 0.6309148073196411 30
1761464871701 0.6471383571624756 31
1761464872873 0.6552501320838928 32
1761464873912 0.6471383571624756 33
1761464874946 0.6701216697692871 34
1761464875979 0.6800360679626465 35
1761464877210 0.6764308214187622 36
1761464878283 0.6894997954368591 37
1761464879388 0.687697172164917 38
1761464880443 0.7102298140525818 39
1761464881453 0.7151870131492615 40
1761464882493 0.7273546457290649 41
1761464883656 0.7291572690010071 42
1761464884865 0.7440288662910461 43
1761464885851 0.742226243019104 44
1761464886861 0.757548451423645 45
1761464887897 0.7607030272483826 46
1761464889073 0.7724199891090393 47
1761464890202 0.7656602263450623 48
1761464891241 0.7940513491630554 49
1761464838570 0.42406490445137024 0
