1761464838570 1.0640896558761597 0
1761464839664 1.0512020587921143 1
1761464840668 1.0428885221481323 2
1761464841655 1.0437378883361816 3
1761464842696 1.0337481498718262 4
1761464843819 1.0312711000442505 5
1761464844919 1.024320363998413 6
1761464845952 1.021884799003601 7
1761464846942 1.0130401849746704 8
1761464847921 1.0109199285507202 9
1761464849044 1.0017261505126953 10
1761464850246 0.9996005296707153 11
1761464851280 0.9937666654586792 12
1761464852304 0.9934101700782776 13
1761464853303 0.9786756038665771 14
1761464854356 0.9682263731956482 15
1761464855439 0.9634067416191101 16
1761464856645 0.9544103145599365 17
1761464857702 0.9548690915107727 18
1761464858734 0.943168580532074 19
1761464859843 0.933738112449646 20
1761464861063 0.9249849915504456 21
1761464862102 0.9169358611106873 22
1761464863112 0.8970417976379395 23
1761464864166 0.88997483253479 24
1761464865194 0.8874711990356445 25
1761464866367 0.8700545430183411 26
1761464867488 0.8534840941429138 27
1761464868541 0.8335486650466919 28
1761464869570 0.8241795897483826 29
1761464870582 0.8156607747077942 30
1761464871701 0.7930072546005249 31
1761464872873 0.7758147716522217 32
1761464873912 0.7836859226226807 33
1761464874946 0.7539991140365601 34
1761464875979 0.735100269317627 35
1761464877210 0.7228229641914368 36
1761464878283 0.7135944366455078 37
1761464879388 0.7049639225006104 38
1761464880443 0.6682186126708984 39
1761464881453 0.6588919162750244 40
1761464882493 0.637093186378479 41
1761464883656 0.6248362064361572 42
1761464884865 0.597436785697937 43
1761464885851 0.5944377779960632 44
1761464886861 0.5721723437309265 45
1761464887897 0.5477983951568604 46
1761464889073 0.5429889559745789 47
1761464890202 0.5435585379600525 48
1761464891241 0.4979718327522278 49
1761464838570 1.0640896558761597 0
