1761534523953 0.8843555450439453 0
1761534524179 0.8690244555473328 1
1761534524410 0.8712806105613708 2
1761534524616 0.8766141533851624 3
1761534524824 0.8693606853485107 4
1761534525042 0.8695811629295349 5
1761534525251 0.8713575601577759 6
1761534525492 0.8673335909843445 7
1761534525700 0.8660891056060791 8
1761534525909 0.8719630837440491 9
1761534526130 0.8681924343109131 10
1761534526401 0.8721957802772522 11
1761534526653 0.868986964225769 12
1761534526881 0.8688165545463562 13
1761534527090 0.8669411540031433 14
1761534527298 0.866936981678009 15
1761534527569 0.8695262670516968 16
1761534527775 0.8655579090118408 17
1761534527988 0.8657864928245544 18
1761534528202 0.8646543622016907 19
1761534528437 0.8630118370056152 20
1761534528683 0.8632888793945312 21
1761534528895 0.8669499754905701 22
1761534529133 0.8632864952087402 23
1761534529398 0.8639299273490906 24
1761534529616 0.8630511164665222 25
1761534529821 0.8672515153884888 26
1761534530034 0.8629137873649597 27
1761534530245 0.8624951243400574 28
1761534530464 0.8608245253562927 29
1761534530676 0.8604206442832947 30
1761534530898 0.8616732358932495 31
1761534531106 0.8612171411514282 32
1761534531312 0.8599230647087097 33
1761534531530 0.8635947704315186 34
1761534531740 0.8606008887290955 35
1761534531949 0.8605592250823975 36
1761534532156 0.8587936162948608 37
1761534532371 0.8622114062309265 38
1761534532603 0.8603953719139099 39
1761534532816 0.8573182821273804 40
1761534533037 0.8561274409294128 41
1761534533243 0.8595648407936096 42
1761534533465 0.8570051193237305 43
1761534533683 0.8585871458053589 44
1761534533907 0.8567686080932617 45
1761534534118 0.8596325516700745 46
1761534534325 0.8565544486045837 47
1761534534552 0.8610028624534607 48
1761534534775 0.8550124764442444 49
1761534534992 0.8581626415252686 50
1761534535212 0.8554527759552002 51
1761534535436 0.8567447066307068 52
1761534535661 0.8544418215751648 53
1761534535886 0.8549306988716125 54
1761534536097 0.8559693098068237 55
1761534536321 0.8548137545585632 56
1761534536529 0.8534361720085144 57
1761534536755 0.8526734113693237 58
1761534536965 0.8514097929000854 59
1761534537179 0.8554221391677856 60
1761534537390 0.855279803276062 61
1761534537602 0.8541818261146545 62
1761534537813 0.8536622524261475 63
1761534538033 0.8536297678947449 64
1761534538257 0.8510190844535828 65
1761534538483 0.8526677489280701 66
1761534538703 0.8530141711235046 67
1761534538924 0.8526133894920349 68
1761534539154 0.8504008650779724 69
1761534539358 0.850232720375061 70
1761534539578 0.8496018648147583 71
1761534539794 0.8504288792610168 72
1761534540004 0.8489670753479004 73
1761534540216 0.8493207693099976 74
1761534540433 0.8474853038787842 75
1761534540652 0.8508415818214417 76
1761534540870 0.8470132350921631 77
1761534541086 0.8486260175704956 78
1761534541305 0.8497474789619446 79
1761534541526 0.8477041721343994 80
1761534541741 0.8480048179626465 81
1761534541949 0.8498150706291199 82
1761534542160 0.8468426465988159 83
1761534542370 0.8455951809883118 84
1761534542577 0.8458394408226013 85
1761534542789 0.8465474247932434 86
1761534542997 0.8447597622871399 87
1761534543205 0.846621572971344 88
1761534543420 0.8436898589134216 89
1761534543686 0.8474747538566589 90
1761534543893 0.8449637293815613 91
1761534544113 0.8481811285018921 92
1761534544329 0.8433288931846619 93
1761534544537 0.8456268906593323 94
1761534544749 0.8438236117362976 95
1761534544958 0.8431972861289978 96
1761534545173 0.8421832323074341 97
1761534545395 0.8409432172775269 98
1761534545608 0.8431126475334167 99
1761534523953 0.8843555450439453 0
