1761515955147 0.5123929977416992 0
1761515955452 0.5362775921821594 1
1761515955713 0.5561063289642334 2
1761515955955 0.5732311606407166 3
1761515956194 0.5831455588340759 4
1761515956424 0.5881027579307556 5
1761515956675 0.6002703905105591 6
1761515956928 0.5998197197914124 7
1761515957179 0.617845892906189 8
1761515957447 0.6151419281959534 9
1761515957696 0.6282109022140503 10
1761515957977 0.6381253004074097 11
1761515958199 0.6322667598724365 12
1761515958432 0.6403785347938538 13
1761515958655 0.6417304873466492 14
1761515958871 0.6579540371894836 15
1761515959086 0.6651644706726074 16
1761515959302 0.6629112362861633 17
1761515959517 0.6732762455940247 18
1761515959731 0.6674177646636963 19
1761515959945 0.679134726524353 20
1761515960159 0.6809373497962952 21
1761515960375 0.6827399730682373 22
1761515960591 0.6917530298233032 23
1761515960815 0.6940063238143921 24
1761515961028 0.6913023591041565 25
1761515961248 0.7016674280166626 26
1761515961463 0.6958089470863342 27
1761515961679 0.7043713331222534 28
1761515961896 0.7115817666053772 29
1761515962108 0.7052726745605469 30
1761515962321 0.718341588973999 31
1761515962535 0.726904034614563 32
1761515962742 0.7214961647987366 33
1761515962966 0.7205948829650879 34
1761515963181 0.7205948829650879 35
1761515963427 0.7232987880706787 36
1761515963641 0.726904034614563 37
1761515963876 0.731410562992096 38
1761515964119 0.7242000699043274 39
1761515964331 0.7318611741065979 40
1761515964541 0.7345651388168335 41
1761515964757 0.731410562992096 42
1761515964979 0.7368183732032776 43
1761515965199 0.7494366765022278 44
1761515965414 0.7390716671943665 45
1761515965628 0.7296079397201538 46
1761515965859 0.7498873472213745 47
1761515966082 0.746732771396637 48
1761515966293 0.7476340532302856 49
1761515955147 0.5123929977416992 0
