1761515955147 0.8846696019172668 0
1761515955452 0.8532893657684326 1
1761515955713 0.8435004949569702 2
1761515955955 0.8349456787109375 3
1761515956194 0.8296826481819153 4
1761515956424 0.8171465396881104 5
1761515956675 0.8081984519958496 6
1761515956928 0.8009348511695862 7
1761515957179 0.7959744930267334 8
1761515957447 0.7928609848022461 9
1761515957696 0.7812256217002869 10
1761515957977 0.7738867998123169 11
1761515958199 0.7756698131561279 12
1761515958432 0.7675185203552246 13
1761515958655 0.7624051570892334 14
1761515958871 0.7539037466049194 15
1761515959086 0.7459389567375183 16
1761515959302 0.7428147792816162 17
1761515959517 0.7338112592697144 18
1761515959731 0.7348003387451172 19
1761515959945 0.7195438742637634 20
1761515960159 0.7203930616378784 21
1761515960375 0.7107914686203003 22
1761515960591 0.704607367515564 23
1761515960815 0.7020992040634155 24
1761515961028 0.696492612361908 25
1761515961248 0.6908490061759949 26
1761515961463 0.6894485354423523 27
1761515961679 0.6807320713996887 28
1761515961896 0.675607442855835 29
1761515962108 0.6759272217750549 30
1761515962321 0.6643490791320801 31
1761515962535 0.6559534072875977 32
1761515962742 0.6574065089225769 33
1761515962966 0.6520618796348572 34
1761515963181 0.6528049111366272 35
1761515963427 0.6487993597984314 36
1761515963641 0.6428756713867188 37
1761515963876 0.6411551237106323 38
1761515964119 0.6350539922714233 39
1761515964331 0.6308459043502808 40
1761515964541 0.6327556371688843 41
1761515964757 0.6224393248558044 42
1761515964979 0.61905837059021 43
1761515965199 0.616847574710846 44
1761515965414 0.6183646321296692 45
1761515965628 0.6194417476654053 46
1761515965859 0.608609676361084 47
1761515966082 0.6107868552207947 48
1761515966293 0.5944635272026062 49
1761515955147 0.8846696019172668 0
