1761495962770 1.0739959478378296 0
1761495963486 1.0490012168884277 1
1761495964082 1.0434305667877197 2
1761495964730 1.0365266799926758 3
1761495965332 1.0314784049987793 4
1761495965878 1.024128794670105 5
1761495966414 1.0186939239501953 6
1761495966942 1.0115281343460083 7
1761495967477 1.0039997100830078 8
1761495967967 1.0016306638717651 9
1761495968612 0.993696928024292 10
1761495969214 0.9874657392501831 11
1761495969740 0.9795815348625183 12
1761495970265 0.9762310981750488 13
1761495970893 0.9700180292129517 14
1761495971533 0.9666024446487427 15
1761495972127 0.9591071605682373 16
1761495972699 0.9523167610168457 17
1761495973282 0.943280816078186 18
1761495973824 0.9471255540847778 19
1761495974192 0.9352253079414368 20
1761495974823 0.934134304523468 21
1761495975419 0.9263357520103455 22
1761495975991 0.9186612963676453 23
1761495976570 0.9193555116653442 24
1761495977124 0.9096987843513489 25
1761495977748 0.9021356105804443 26
1761495978360 0.8999906778335571 27
1761495978918 0.8947182893753052 28
1761495979566 0.889459490776062 29
1761495980220 0.8865643739700317 30
1761495980844 0.8856124877929688 31
1761495981305 0.8794950246810913 32
1761495981790 0.8731174468994141 33
1761495982355 0.865670919418335 34
1761495982950 0.8682786226272583 35
1761495983587 0.8555733561515808 36
1761495984218 0.8522658944129944 37
1761495984711 0.848004937171936 38
1761495985348 0.8469513058662415 39
1761495985950 0.8423711657524109 40
1761495986386 0.8316328525543213 41
1761495987059 0.8333467841148376 42
1761495987683 0.8221544623374939 43
1761495988277 0.8289687633514404 44
1761495988856 0.8169334530830383 45
1761495989332 0.8099380731582642 46
1761495989886 0.8105508089065552 47
1761495990465 0.8110405206680298 48
1761495991101 0.8051618933677673 49
1761495962770 1.0739959478378296 0
