1761463126240 0.5457413196563721 0
1761463126857 0.5669220089912415 1
1761463127425 0.5669220089912415 2
1761463127972 0.5669220089912415 3
1761463128541 0.5669220089912415 4
1761463129130 0.5669220089912415 5
1761463129723 0.5669220089912415 6
1761463130275 0.5669220089912415 7
1761463130875 0.5669220089912415 8
1761463131501 0.5669220089912415 9
1761463132078 0.5669220089912415 10
1761463132676 0.5669220089912415 11
1761463133214 0.5669220089912415 12
1761463133759 0.5669220089912415 13
1761463134292 0.5669220089912415 14
1761463134843 0.5669220089912415 15
1761463135393 0.5669220089912415 16
1761463135918 0.5669220089912415 17
1761463136472 0.5669220089912415 18
1761463137008 0.5669220089912415 19
1761463137584 0.5669220089912415 20
1761463138126 0.5669220089912415 21
1761463138677 0.5669220089912415 22
1761463139222 0.5669220089912415 23
1761463139766 0.5669220089912415 24
1761463140309 0.5669220089912415 25
1761463140859 0.5669220089912415 26
1761463141478 0.5669220089912415 27
1761463142007 0.5673726797103882 28
1761463142566 0.5669220089912415 29
1761463143105 0.5669220089912415 30
1761463143671 0.5669220089912415 31
1761463144219 0.5673726797103882 32
1761463144775 0.5669220089912415 33
1761463145315 0.5669220089912415 34
1761463145855 0.5669220089912415 35
1761463146413 0.5651194453239441 36
1761463146956 0.5646687746047974 37
1761463147533 0.5669220089912415 38
1761463148085 0.5669220089912415 39
1761463148702 0.5669220089912415 40
1761463149239 0.565570056438446 41
1761463149774 0.5669220089912415 42
1761463150304 0.5687246322631836 43
1761463150846 0.5664713978767395 44
1761463151388 0.5660207271575928 45
1761463151940 0.5646687746047974 46
1761463152498 0.5597115755081177 47
1761463153037 0.5642181038856506 48
1761463153588 0.5651194453239441 49
1761463126240 0.5457413196563721 0
