1761463126240 1.0134711265563965 0
1761463126857 0.9896329641342163 1
1761463127425 1.0087140798568726 2
1761463127972 0.9951407313346863 3
1761463128541 0.9926059246063232 4
1761463129130 0.9869459867477417 5
1761463129723 0.9935316443443298 6
1761463130275 0.9896461963653564 7
1761463130875 0.9865831732749939 8
1761463131501 0.984967052936554 9
1761463132078 0.9807368516921997 10
1761463132676 0.9811320900917053 11
1761463133214 0.9768434166908264 12
1761463133759 0.9798088073730469 13
1761463134292 0.9729451537132263 14
1761463134843 0.9827679991722107 15
1761463135393 0.9757906794548035 16
1761463135918 0.9726017713546753 17
1761463136472 0.9720419645309448 18
1761463137008 0.974265992641449 19
1761463137584 0.9705849885940552 20
1761463138126 0.9724945425987244 21
1761463138677 0.9739772081375122 22
1761463139222 0.970801591873169 23
1761463139766 0.9689661860466003 24
1761463140309 0.9679253697395325 25
1761463140859 0.9692464470863342 26
1761463141478 0.9692814946174622 27
1761463142007 0.9714716076850891 28
1761463142566 0.9677362442016602 29
1761463143105 0.967265248298645 30
1761463143671 0.9660007357597351 31
1761463144219 0.96612948179245 32
1761463144775 0.9649513363838196 33
1761463145315 0.966076135635376 34
1761463145855 0.9653825163841248 35
1761463146413 0.9652975797653198 36
1761463146956 0.9631128907203674 37
1761463147533 0.964915931224823 38
1761463148085 0.9628017544746399 39
1761463148702 0.9617414474487305 40
1761463149239 0.9628214240074158 41
1761463149774 0.9605271220207214 42
1761463150304 0.9572670459747314 43
1761463150846 0.9590703248977661 44
1761463151388 0.9582992792129517 45
1761463151940 0.9609462022781372 46
1761463152498 0.957587718963623 47
1761463153037 0.9575008153915405 48
1761463153588 0.9545721411705017 49
1761463126240 1.0134711265563965 0
