1761593448673 0.3944995403289795 0
1761593448908 0.4215509593486786 1
1761593449143 0.43868350982666016 2
1761593449355 0.43507665395736694 3
1761593449574 0.45852118730545044 4
1761593449782 0.4553651809692383 5
1761593450002 0.4679891765117645 6
1761593450219 0.46393147110939026 7
1761593450432 0.47880974411964417 8
1761593450645 0.4981965720653534 9
1761593450861 0.4774571657180786 10
1761593451077 0.49774572253227234 11
1761593451293 0.49504056572914124 12
1761593451504 0.5045085549354553 13
1761593451732 0.5121731162071228 14
1761593452122 0.5189359784126282 15
1761593452345 0.5162308216094971 16
1761593452556 0.5270513892173767 17
1761593452771 0.5247971415519714 18
1761593452990 0.5450856685638428 19
1761593453205 0.5441839694976807 20
1761593453421 0.5545536279678345 21
1761593453633 0.5586113333702087 22
1761593453843 0.5716862082481384 23
1761593454066 0.564472496509552 24
1761593454282 0.5658250451087952 25
1761593454499 0.5775473117828369 26
1761593454704 0.5680793523788452 27
1761593454920 0.5617673397064209 28
1761593455147 0.5838593244552612 29
1761593455371 0.581605076789856 30
1761593455597 0.5852118730545044 31
1761593455813 0.581605076789856 32
1761593456054 0.5807033181190491 33
1761593456271 0.6023444533348083 34
1761593456500 0.6023444533348083 35
1761593456728 0.6068530082702637 36
1761593456948 0.6100090146064758 37
1761593457174 0.6059513092041016 38
1761593457400 0.6172227263450623 39
1761593457621 0.6082056164741516 40
1761593457849 0.630748450756073 41
1761593458069 0.6379621028900146 42
1761593458280 0.6339043974876404 43
1761593458497 0.6275924444198608 44
1761593458716 0.6194770336151123 45
1761593458930 0.6271415948867798 46
1761593459144 0.6339043974876404 47
1761593459371 0.6469792723655701 48
1761593459593 0.6361587047576904 49
1761593459809 0.6474301218986511 50
1761593460021 0.6456266641616821 51
1761593460242 0.6514878273010254 52
1761593460456 0.6501352787017822 53
1761593460673 0.6402164101600647 54
1761593460890 0.6424707174301147 55
1761593461101 0.6528403759002686 56
1761593461311 0.6519386768341064 57
1761593461527 0.6596032381057739 58
1761593461752 0.6681694984436035 59
1761593462016 0.6568980813026428 60
1761593462222 0.660504937171936 61
1761593462436 0.6762849688529968 62
1761593462662 0.661857545375824 63
1761593462885 0.6645626425743103 64
1761593463109 0.6708746552467346 65
1761593463326 0.6749323606491089 66
1761593463542 0.6798917651176453 67
1761593463753 0.6731289625167847 68
1761593463979 0.6767358183860779 69
1761593464208 0.6834986209869385 70
1761593464430 0.6726781129837036 71
1761593464653 0.6844003796577454 72
1761593464867 0.6853020787239075 73
1761593465070 0.6880072355270386 74
1761593465296 0.6889089345932007 75
1761593465522 0.6839495301246643 76
1761593465745 0.6974751949310303 77
1761593465964 0.6884580850601196 78
1761593466178 0.6979260444641113 79
1761593466402 0.6974751949310303 80
1761593466625 0.6889089345932007 81
1761593466850 0.7069432139396667 82
1761593467070 0.6979260444641113 83
1761593467301 0.6992786526679993 84
1761593467517 0.6983768939971924 85
1761593467733 0.7114517688751221 86
1761593467949 0.7078449130058289 87
1761593468167 0.7055906057357788 88
1761593468381 0.7060414552688599 89
1761593468599 0.6992786526679993 90
1761593468816 0.6983768939971924 91
1761593469027 0.7137060165405273 92
1761593469242 0.7069432139396667 93
1761593469455 0.7114517688751221 94
1761593469668 0.7114517688751221 95
1761593469882 0.7209197282791138 96
1761593470100 0.7119026184082031 97
1761593470316 0.7200180292129517 98
1761593470540 0.7290351390838623 99
1761593448673 0.3944995403289795 0
