1761593448673 1.0881016254425049 0
1761593448908 1.0708574056625366 1
1761593449143 1.057647943496704 2
1761593449355 1.053227424621582 3
1761593449574 1.0458273887634277 4
1761593449782 1.0409674644470215 5
1761593450002 1.038007378578186 6
1761593450219 1.02900230884552 7
1761593450432 1.0241667032241821 8
1761593450645 1.0127427577972412 9
1761593450861 1.008374571800232 10
1761593451077 0.999775230884552 11
1761593451293 0.9963081479072571 12
1761593451504 0.992302656173706 13
1761593451732 0.9895196557044983 14
1761593452122 0.9763498306274414 15
1761593452345 0.9748969078063965 16
1761593452556 0.9715412259101868 17
1761593452771 0.9640722274780273 18
1761593452990 0.9587594866752625 19
1761593453205 0.9540385007858276 20
1761593453421 0.9482535123825073 21
1761593453633 0.9404107332229614 22
1761593453843 0.9340388774871826 23
1761593454066 0.9275516271591187 24
1761593454282 0.921802818775177 25
1761593454499 0.9188398718833923 26
1761593454704 0.9181027412414551 27
1761593454920 0.915699303150177 28
1761593455147 0.9032027721405029 29
1761593455371 0.9003923535346985 30
1761593455597 0.8861093521118164 31
1761593455813 0.8863962888717651 32
1761593456054 0.8872159719467163 33
1761593456271 0.8689150214195251 34
1761593456500 0.8796097636222839 35
1761593456728 0.8718118667602539 36
1761593456948 0.8613088130950928 37
1761593457174 0.8632249236106873 38
1761593457400 0.8517742156982422 39
1761593457621 0.8536626696586609 40
1761593457849 0.8435428142547607 41
1761593458069 0.8357983231544495 42
1761593458280 0.8337843418121338 43
1761593458497 0.8293541669845581 44
1761593458716 0.8326796293258667 45
1761593458930 0.8257840275764465 46
1761593459144 0.8195542693138123 47
1761593459371 0.806719958782196 48
1761593459593 0.81650710105896 49
1761593459809 0.8031449317932129 50
1761593460021 0.799558162689209 51
1761593460242 0.7979625463485718 52
1761593460456 0.7878684401512146 53
1761593460673 0.8002827763557434 54
1761593460890 0.8021596074104309 55
1761593461101 0.7889495491981506 56
1761593461311 0.7874846458435059 57
1761593461527 0.7820548415184021 58
1761593461752 0.7743621468544006 59
1761593462016 0.7748079299926758 60
1761593462222 0.7741879820823669 61
1761593462436 0.76057368516922 62
1761593462662 0.7628780007362366 63
1761593462885 0.7649622559547424 64
1761593463109 0.7535754442214966 65
1761593463326 0.7537209391593933 66
1761593463542 0.7523660659790039 67
1761593463753 0.744835376739502 68
1761593463979 0.7464317679405212 69
1761593464208 0.7380256056785583 70
1761593464430 0.7392534613609314 71
1761593464653 0.7383807897567749 72
1761593464867 0.728329062461853 73
1761593465070 0.728241503238678 74
1761593465296 0.7260387539863586 75
1761593465522 0.7224180698394775 76
1761593465745 0.7186340093612671 77
1761593465964 0.7202987670898438 78
1761593466178 0.7147220373153687 79
1761593466402 0.7097863554954529 80
1761593466625 0.7165029048919678 81
1761593466850 0.7050098180770874 82
1761593467070 0.7091554999351501 83
1761593467301 0.7013795375823975 84
1761593467517 0.6959541440010071 85
1761593467733 0.6987479329109192 86
1761593467949 0.6908931732177734 87
1761593468167 0.6901127696037292 88
1761593468381 0.6981601715087891 89
1761593468599 0.6968021988868713 90
1761593468816 0.6828922629356384 91
1761593469027 0.6767627596855164 92
1761593469242 0.6823827624320984 93
1761593469455 0.6709830164909363 94
1761593469668 0.6669265627861023 95
1761593469882 0.6632614731788635 96
1761593470100 0.6695556044578552 97
1761593470316 0.662403404712677 98
1761593470540 0.6619265675544739 99
1761593448673 1.0881016254425049 0
