1761617194499 0.4693417549133301 0
1761617196016 0.4702434539794922 1
1761617197890 0.4801623225212097 2
1761617199532 0.4945897161960602 3
1761617201174 0.4945897161960602 4
1761617203102 0.4945897161960602 5
1761617204989 0.4945897161960602 6
1761617206656 0.48557257652282715 7
1761617208017 0.4945897161960602 8
1761617210273 0.4945897161960602 9
1761617211803 0.4945897161960602 10
1761617213142 0.4945897161960602 11
1761617214681 0.4945897161960602 12
1761617215807 0.4945897161960602 13
1761617217102 0.4945897161960602 14
1761617218898 0.47430115938186646 15
1761617220387 0.4945897161960602 16
1761617221516 0.4945897161960602 17
1761617223073 0.4945897161960602 18
1761617224833 0.4945897161960602 19
1761617226151 0.4945897161960602 20
1761617227891 0.4945897161960602 21
1761617229566 0.4945897161960602 22
1761617231442 0.4945897161960602 23
1761617233594 0.4945897161960602 24
1761617235131 0.4945897161960602 25
1761617237299 0.4945897161960602 26
1761617238893 0.4945897161960602 27
1761617240371 0.47610458731651306 28
1761617241872 0.4945897161960602 29
1761617243205 0.4945897161960602 30
1761617244727 0.4981965720653534 31
1761617246064 0.48827773332595825 32
1761617247663 0.4945897161960602 33
1761617248928 0.4945897161960602 34
1761617250570 0.4945897161960602 35
1761617252261 0.4945897161960602 36
1761617253951 0.4945897161960602 37
1761617255739 0.4945897161960602 38
1761617257199 0.4945897161960602 39
1761617258675 0.4945897161960602 40
1761617260137 0.4945897161960602 41
1761617261794 0.4945897161960602 42
1761617263202 0.4945897161960602 43
1761617265107 0.4945897161960602 44
1761617266923 0.4945897161960602 45
1761617268701 0.4945897161960602 46
1761617270053 0.4945897161960602 47
1761617271516 0.4945897161960602 48
1761617273079 0.4945897161960602 49
1761617194499 0.4693417549133301 0
