1761443085424 0.5511491894721985 0
1761443087446 0.563316822052002 1
1761443089390 0.5678233504295349 2
1761443091024 0.5682740211486816 3
1761443092711 0.5750337839126587 4
1761443094574 0.5754844546318054 5
1761443096164 0.5899053812026978 6
1761443097988 0.5957638621330261 7
1761443100002 0.6007210612297058 8
1761443101807 0.6214510798454285 9
1761443103646 0.6196485161781311 10
1761443105437 0.6169445514678955 11
1761443107190 0.6403785347938538 12
1761443109122 0.6336187720298767 13
1761443110337 0.6394772529602051 14
1761443111803 0.6516448855400085 15
1761443113252 0.6773321032524109 16
1761443114790 0.6953582763671875 17
1761443116018 0.6931049823760986 18
1761443117372 0.6872465014457703 19
1761443118863 0.7012167572975159 20
1761443120704 0.7223974466323853 21
1761443122370 0.7237494587898254 22
1761443125147 0.731410562992096 23
1761443127439 0.7629562616348267 24
1761443129787 0.7656602263450623 25
1761443132213 0.7719693779945374 26
1761443134665 0.7742226123809814 27
1761443137008 0.7733213305473328 28
1761443139415 0.7877421975135803 29
1761443141933 0.7904461622238159 30
1761443144562 0.8062190413475037 31
1761443146985 0.7990085482597351 32
1761443149407 0.8174853324890137 33
1761443151941 0.8138801455497742 34
1761443154588 0.8224425315856934 35
1761443157227 0.8305543065071106 36
1761443159832 0.8436232805252075 37
1761443162426 0.8332582116127014 38
1761443164892 0.8467778563499451 39
1761443167333 0.8661559224128723 40
1761443169723 0.8630013465881348 41
1761443172196 0.8859846591949463 42
1761443174745 0.8747183680534363 43
1761443177309 0.8751689791679382 44
1761443179828 0.8733663558959961 45
1761443182150 0.8841820359230042 46
1761443184770 0.8936457633972168 47
1761443187283 0.894997775554657 48
1761443189799 0.8954483866691589 49
1761443085424 0.5511491894721985 0
