1761443085424 0.9892982840538025 0
1761443087446 0.9566001892089844 1
1761443089390 0.9422420859336853 2
1761443091024 0.9345411658287048 3
1761443092711 0.9186547994613647 4
1761443094574 0.905367910861969 5
1761443096164 0.8917791247367859 6
1761443097988 0.883375883102417 7
1761443100002 0.8734716176986694 8
1761443101807 0.8532625436782837 9
1761443103646 0.8616137504577637 10
1761443105437 0.8438294529914856 11
1761443107190 0.8114163875579834 12
1761443109122 0.8046377301216125 13
1761443110337 0.7947287559509277 14
1761443111803 0.7791298627853394 15
1761443113252 0.7458173036575317 16
1761443114790 0.7337061762809753 17
1761443116018 0.7006958723068237 18
1761443117372 0.715918779373169 19
1761443118863 0.686038076877594 20
1761443120704 0.6511265635490417 21
1761443122370 0.6520368456840515 22
1761443125147 0.6294721961021423 23
1761443127439 0.5835343599319458 24
1761443129787 0.574876606464386 25
1761443132213 0.5639558434486389 26
1761443134665 0.5341163873672485 27
1761443137008 0.5399962067604065 28
1761443139415 0.5091137886047363 29
1761443141933 0.4968397617340088 30
1761443144562 0.4587295949459076 31
1761443146985 0.4740322530269623 32
1761443149407 0.44007641077041626 33
1761443151941 0.4523691236972809 34
1761443154588 0.40643617510795593 35
1761443157227 0.40095749497413635 36
1761443159832 0.3833266496658325 37
1761443162426 0.37918633222579956 38
1761443164892 0.37535300850868225 39
1761443167333 0.33727964758872986 40
1761443169723 0.3233155906200409 41
1761443172196 0.28234097361564636 42
1761443174745 0.306749552488327 43
1761443177309 0.2906140387058258 44
1761443179828 0.3080958425998688 45
1761443182150 0.27492690086364746 46
1761443184770 0.25665444135665894 47
1761443187283 0.24916094541549683 48
1761443189799 0.2375657707452774 49
1761443085424 0.9892982840538025 0
