1761498524524 0.45831456780433655 0
1761498526446 0.5024785995483398 1
1761498528394 0.5069851279258728 2
1761498530359 0.5493465662002563 3
1761498532296 0.5687246322631836 4
1761498534108 0.5858494639396667 5
1761498535955 0.5975664854049683 6
1761498537782 0.608832836151123 7
1761498539650 0.6228030920028687 8
1761498541508 0.63316810131073 9
1761498543488 0.6453357338905334 10
1761498545657 0.6498422622680664 11
1761498547510 0.6421811580657959 12
1761498549430 0.6687697172164917 13
1761498551597 0.6687697172164917 14
1761498553403 0.6795853972434998 15
1761498555368 0.6926543712615967 16
1761498557274 0.694456934928894 17
1761498559196 0.7084271907806396 18
1761498561010 0.7066246271133423 19
1761498563044 0.7291572690010071 20
1761498565080 0.7417755722999573 21
1761498566982 0.7503380179405212 22
1761498568816 0.7570977807044983 23
1761498570757 0.7557458281517029 24
1761498572701 0.7543938755989075 25
1761498574536 0.7670121788978577 26
1761498576459 0.7899954915046692 27
1761498578289 0.7746732831001282 28
1761498580301 0.79269939661026 29
1761498582151 0.8008111715316772 30
1761498584067 0.8044164180755615 31
1761498585887 0.7936007380485535 32
1761498587738 0.812077522277832 33
1761498589565 0.8161333799362183 34
1761498591389 0.8147814273834229 35
1761498593394 0.8400180339813232 36
1761498595247 0.8314555883407593 37
1761498597090 0.8206399083137512 38
1761498599035 0.84046870470047 39
1761498601025 0.8314555883407593 40
1761498602973 0.8368634581565857 41
1761498605178 0.8526363372802734 42
1761498607020 0.8562415242195129 43
1761498608994 0.8607481122016907 44
1761498610937 0.8593961000442505 45
1761498612931 0.8652546405792236 46
1761498614846 0.8593961000442505 47
1761498616712 0.8634520173072815 48
1761498618649 0.8720144033432007 49
1761498524524 0.45831456780433655 0
