1761498524524 0.9704354405403137 0
1761498526446 0.9491938948631287 1
1761498528394 0.9470468759536743 2
1761498530359 0.9202011227607727 3
1761498532296 0.9039497971534729 4
1761498534108 0.8848440051078796 5
1761498535955 0.8699057102203369 6
1761498537782 0.8561596870422363 7
1761498539650 0.840177595615387 8
1761498541508 0.834205150604248 9
1761498543488 0.8174396753311157 10
1761498545657 0.8088529706001282 11
1761498547510 0.802003026008606 12
1761498549430 0.7736756801605225 13
1761498551597 0.7718827724456787 14
1761498553403 0.7428100109100342 15
1761498555368 0.7276312708854675 16
1761498557274 0.7232949137687683 17
1761498559196 0.7051407098770142 18
1761498561010 0.6888497471809387 19
1761498563044 0.664496660232544 20
1761498565080 0.644031286239624 21
1761498566982 0.6221587657928467 22
1761498568816 0.6072104573249817 23
1761498570757 0.5979958176612854 24
1761498572701 0.5869351625442505 25
1761498574536 0.5727430582046509 26
1761498576459 0.549365222454071 27
1761498578289 0.5493793487548828 28
1761498580301 0.5162321329116821 29
1761498582151 0.5033683776855469 30
1761498584067 0.48744216561317444 31
1761498585887 0.49995699524879456 32
1761498587738 0.47193625569343567 33
1761498589565 0.45989900827407837 34
1761498591389 0.4510515034198761 35
1761498593394 0.42571741342544556 36
1761498595247 0.42005473375320435 37
1761498597090 0.43209221959114075 38
1761498599035 0.39548325538635254 39
1761498601025 0.4015158414840698 40
1761498602973 0.39068543910980225 41
1761498605178 0.36881884932518005 42
1761498607020 0.3509911596775055 43
1761498608994 0.3494296967983246 44
1761498610937 0.3348180949687958 45
1761498612931 0.33229249715805054 46
1761498614846 0.35233643651008606 47
1761498616712 0.3237607181072235 48
1761498618649 0.3056899607181549 49
1761498524524 0.9704354405403137 0
