1761589969882 0.46302974224090576 0
1761589970445 0.47880974411964417 1
1761589970953 0.48737600445747375 2
1761589971505 0.49368801712989807 3
1761589972013 0.5031560063362122 4
1761589972632 0.5036068558692932 5
1761589973245 0.515779972076416 6
1761589973797 0.5247971415519714 7
1761589974293 0.5450856685638428 8
1761589974843 0.5288548469543457 9
1761589975396 0.5365194082260132 10
1761589975897 0.5482416749000549 11
1761589976501 0.5559062361717224 12
1761589976996 0.5689810514450073 13
1761589977542 0.5730387568473816 14
1761589977957 0.5942290425300598 15
1761589978403 0.5897204875946045 16
1761589978873 0.5892696380615234 17
1761589979405 0.5982867479324341 18
1761589979829 0.6091073155403137 19
1761589980300 0.6176735758781433 20
1761589980759 0.6293958425521851 21
1761589981166 0.6361587047576904 22
1761589981788 0.6429215669631958 23
1761589982196 0.6501352787017822 24
1761589982634 0.6501352787017822 25
1761589983058 0.6614066958427429 26
1761589983456 0.6767358183860779 27
1761589983846 0.6726781129837036 28
1761589984243 0.6789900660514832 29
1761589984657 0.678088366985321 30
1761589985061 0.6947700381278992 31
1761589985432 0.6875563859939575 32
1761589985820 0.6961226463317871 33
1761589986228 0.7082957625389099 34
1761589986644 0.7177637219429016 35
1761589987039 0.7141569256782532 36
1761589987464 0.71055006980896 37
1761589987870 0.7258791923522949 38
1761589988283 0.7366997003555298 39
1761589988654 0.7218214869499207 40
1761589989082 0.7389540076255798 41
1761589989458 0.7348963022232056 42
1761589989820 0.7412083148956299 43
1761589990199 0.7484220266342163 44
1761589990600 0.7416591644287109 45
1761589991033 0.7506762742996216 46
1761589991392 0.7488728761672974 47
1761589991759 0.7696122527122498 48
1761589992150 0.7633002996444702 49
1761589992522 0.755635678768158 50
1761589992888 0.7655545473098755 51
1761589993251 0.7763751149177551 52
1761589993646 0.7542831301689148 53
1761589994012 0.7795311212539673 54
1761589994394 0.7822362780570984 55
1761589994764 0.7831379771232605 56
1761589995158 0.7876465320587158 57
1761589995525 0.7831379771232605 58
1761589995896 0.7899008393287659 59
1761589996281 0.7935076355934143 60
1761589996714 0.8016231060028076 61
1761589997134 0.791253387928009 62
1761589997718 0.790802538394928 63
1761589998349 0.7998196482658386 64
1761589998804 0.8016231060028076 65
1761589999175 0.7993687987327576 66
1761589999584 0.804328203201294 67
1761590000011 0.8079350590705872 68
1761590000402 0.8074842095375061 69
1761590000926 0.8115419149398804 70
1761590001296 0.8155996203422546 71
1761590001708 0.8210099339485168 72
1761590002078 0.8146979212760925 73
1761590002457 0.8178539276123047 74
1761590002839 0.8228133320808411 75
1761590003221 0.8246167898178101 76
1761590003595 0.8331830501556396 77
1761590003956 0.8358882069587708 78
1761590004346 0.8300270438194275 79
1761590004778 0.8345355987548828 80
1761590005173 0.8354373574256897 81
1761590005575 0.8422001600265503 82
1761590005942 0.8431019186973572 83
1761590006332 0.85527503490448 84
1761590006704 0.8489630222320557 85
1761590007134 0.8453561663627625 86
1761590007554 0.8417493104934692 87
1761590007924 0.8579801917076111 88
1761590008340 0.8458070158958435 89
1761590008713 0.8480613231658936 90
1761590009110 0.8489630222320557 91
1761590009525 0.8584310412406921 92
1761590009903 0.8656447529792786 93
1761590010290 0.8642921447753906 94
1761590010684 0.8525698781013489 95
1761590011054 0.8642921447753906 96
1761590011421 0.8543733358383179 97
1761590011800 0.8570784330368042 98
1761590012190 0.8660956025123596 99
1761589969882 0.46302974224090576 0
