1761589969882 1.0290042161941528 0
1761589970445 1.0196467638015747 1
1761589970953 1.0129059553146362 2
1761589971505 1.0079222917556763 3
1761589972013 0.9995551705360413 4
1761589972632 0.993503987789154 5
1761589973245 0.9881859421730042 6
1761589973797 0.9771960973739624 7
1761589974293 0.9680694341659546 8
1761589974843 0.9656667709350586 9
1761589975396 0.9577776789665222 10
1761589975897 0.9443835020065308 11
1761589976501 0.9386519193649292 12
1761589976996 0.9253743290901184 13
1761589977542 0.9156498312950134 14
1761589977957 0.9047313928604126 15
1761589978403 0.8893762230873108 16
1761589978873 0.8874975442886353 17
1761589979405 0.8640540838241577 18
1761589979829 0.8580194711685181 19
1761589980300 0.8450595140457153 20
1761589980759 0.8298985362052917 21
1761589981166 0.8205852508544922 22
1761589981788 0.8085161447525024 23
1761589982196 0.800269603729248 24
1761589982634 0.7986662983894348 25
1761589983058 0.7791003584861755 26
1761589983456 0.7524330019950867 27
1761589983846 0.7461065649986267 28
1761589984243 0.7445934414863586 29
1761589984657 0.7454507350921631 30
1761589985061 0.7279810309410095 31
1761589985432 0.7209296226501465 32
1761589985820 0.7080268263816833 33
1761589986228 0.7026681303977966 34
1761589986644 0.6803550124168396 35
1761589987039 0.6808026432991028 36
1761589987464 0.6798846125602722 37
1761589987870 0.6594954133033752 38
1761589988283 0.6425696015357971 39
1761589988654 0.6566639542579651 40
1761589989082 0.6364285945892334 41
1761589989458 0.6294689774513245 42
1761589989820 0.6267613172531128 43
1761589990199 0.6264115571975708 44
1761589990600 0.6162981986999512 45
1761589991033 0.607458233833313 46
1761589991392 0.6011083126068115 47
1761589991759 0.573483407497406 48
1761589992150 0.5806544423103333 49
1761589992522 0.5769672989845276 50
1761589992888 0.5583460927009583 51
1761589993251 0.5458048582077026 52
1761589993646 0.586016833782196 53
1761589994012 0.5337386727333069 54
1761589994394 0.5405601859092712 55
1761589994764 0.5290825366973877 56
1761589995158 0.5182738900184631 57
1761589995525 0.5182610154151917 58
1761589995896 0.5263863801956177 59
1761589996281 0.5061630010604858 60
1761589996714 0.49380841851234436 61
1761589997134 0.496106892824173 62
1761589997718 0.48808753490448 63
1761589998349 0.47540217638015747 64
1761589998804 0.491891086101532 65
1761589999175 0.47869470715522766 66
1761589999584 0.47474679350852966 67
1761590000011 0.47547972202301025 68
1761590000402 0.4574226140975952 69
1761590000926 0.4596046209335327 70
1761590001296 0.4647860825061798 71
1761590001708 0.43242499232292175 72
1761590002078 0.4611038565635681 73
1761590002457 0.43837761878967285 74
1761590002839 0.43275415897369385 75
1761590003221 0.4252795875072479 76
1761590003595 0.4289168417453766 77
1761590003956 0.40299493074417114 78
1761590004346 0.41292136907577515 79
1761590004778 0.4071046710014343 80
1761590005173 0.39508214592933655 81
1761590005575 0.38837289810180664 82
1761590005942 0.3916517496109009 83
1761590006332 0.3674432933330536 84
1761590006704 0.38268905878067017 85
1761590007134 0.37649407982826233 86
1761590007554 0.3833722770214081 87
1761590007924 0.3594178259372711 88
1761590008340 0.3779740333557129 89
1761590008713 0.3772004246711731 90
1761590009110 0.3644706606864929 91
1761590009525 0.34722134470939636 92
1761590009903 0.3442189693450928 93
1761590010290 0.3413640558719635 94
1761590010684 0.36327898502349854 95
1761590011054 0.3312997817993164 96
1761590011421 0.35289037227630615 97
1761590011800 0.3510550856590271 98
1761590012190 0.3406420350074768 99
1761589969882 1.0290042161941528 0
