1761611991680 1.0066077709197998 0
1761611991927 0.9683683514595032 1
1761611992140 0.9580594301223755 2
1761611992360 0.9470140933990479 3
1761611992577 0.9394458532333374 4
1761611992798 0.9313914179801941 5
1761611993013 0.9240515828132629 6
1761611993232 0.9136680960655212 7
1761611993449 0.907203733921051 8
1761611993666 0.8990728855133057 9
1761611993894 0.8890599608421326 10
1761611994103 0.8818956017494202 11
1761611994320 0.8738765716552734 12
1761611994528 0.8725345134735107 13
1761611994747 0.8571495413780212 14
1761611994958 0.846960723400116 15
1761611995172 0.8467694520950317 16
1761611995386 0.8303012847900391 17
1761611995603 0.8246586322784424 18
1761611995817 0.8174748420715332 19
1761611996029 0.8120141625404358 20
1761611996245 0.8027324080467224 21
1761611996460 0.7929667234420776 22
1761611996672 0.791091799736023 23
1761611996889 0.7885967493057251 24
1761611997103 0.7775851488113403 25
1761611997320 0.7736253142356873 26
1761611997532 0.7671457529067993 27
1761611997747 0.7578847408294678 28
1761611997961 0.7561160326004028 29
1761611998177 0.7524703145027161 30
1761611998391 0.7481602430343628 31
1761611998607 0.7359780669212341 32
1761611998821 0.7271955013275146 33
1761611999036 0.7175677418708801 34
1761611999265 0.718600332736969 35
1761611999475 0.712088406085968 36
1761611999692 0.7097710967063904 37
1761611999911 0.7041335105895996 38
1761612000127 0.6969314217567444 39
1761612000340 0.6995884776115417 40
1761612000560 0.6964678764343262 41
1761612000777 0.6927012801170349 42
1761612000991 0.683148980140686 43
1761612001208 0.6734375953674316 44
1761612001422 0.675894558429718 45
1761612001645 0.6670503616333008 46
1761612001859 0.6582960486412048 47
1761612002073 0.6713667511940002 48
1761612002291 0.6496890187263489 49
1761611991680 1.0066077709197998 0
