1761595797041 0.4860234558582306 0
1761595797289 0.5135257244110107 1
1761595797543 0.531109094619751 2
1761595797773 0.5423805117607117 3
1761595798027 0.5482416749000549 4
1761595798244 0.5541027784347534 5
1761595798478 0.5631199479103088 6
1761595798711 0.5716862082481384 7
1761595798924 0.5694319009780884 8
1761595799158 0.580252468585968 9
1761595799400 0.5856627821922302 10
1761595799616 0.582055926322937 11
1761595799819 0.5892696380615234 12
1761595800036 0.5861136317253113 13
1761595800254 0.5969341993331909 14
1761595800477 0.5865644812583923 15
1761595800700 0.5987375974655151 16
1761595800926 0.6055004596710205 17
1761595801134 0.6082056164741516 18
1761595801346 0.6077547073364258 19
1761595801558 0.6167718768119812 20
1761595801767 0.6172227263450623 21
1761595801978 0.6239855885505676 22
1761595802180 0.6271415948867798 23
1761595802377 0.6230838298797607 24
1761595802584 0.6257889866828918 25
1761595802794 0.630748450756073 26
1761595803001 0.6424707174301147 27
1761595803218 0.64472496509552 28
1761595803434 0.646077573299408 29
1761595803642 0.6451758146286011 30
1761595803852 0.6550946831703186 31
1761595804060 0.6514878273010254 32
1761595804267 0.6483318209648132 33
1761595804485 0.6505861282348633 34
1761595804700 0.6550946831703186 35
1761595804941 0.6582506895065308 36
1761595805185 0.6650135517120361 37
1761595805472 0.6726781129837036 38
1761595805702 0.6695221066474915 39
1761595805921 0.6668169498443604 40
1761595806142 0.6717763543128967 41
1761595806353 0.6753832101821899 42
1761595806580 0.6803426742553711 43
1761595806803 0.67763751745224 44
1761595807014 0.6672677993774414 45
1761595807224 0.6794409155845642 46
1761595807423 0.6844003796577454 47
1761595807629 0.6862037777900696 48
1761595807838 0.695220947265625 49
1761595797041 0.4860234558582306 0
