1761595797041 0.9890745282173157 0
1761595797289 0.9576066136360168 1
1761595797543 0.9464602470397949 2
1761595797773 0.9409456253051758 3
1761595798027 0.9355049133300781 4
1761595798244 0.9282081127166748 5
1761595798478 0.9232341647148132 6
1761595798711 0.9156432151794434 7
1761595798924 0.910427451133728 8
1761595799158 0.9041866660118103 9
1761595799400 0.8998373746871948 10
1761595799616 0.8982139825820923 11
1761595799819 0.89128178358078 12
1761595800036 0.8864471316337585 13
1761595800254 0.8817036747932434 14
1761595800477 0.8837594985961914 15
1761595800700 0.8721699714660645 16
1761595800926 0.8619459867477417 17
1761595801134 0.8593761324882507 18
1761595801346 0.8597176671028137 19
1761595801558 0.8495270013809204 20
1761595801767 0.8443254828453064 21
1761595801978 0.842024028301239 22
1761595802180 0.8414700627326965 23
1761595802377 0.8361619114875793 24
1761595802584 0.8328855633735657 25
1761595802794 0.8240927457809448 26
1761595803001 0.8132795095443726 27
1761595803218 0.8158444762229919 28
1761595803434 0.8047838807106018 29
1761595803642 0.7972016334533691 30
1761595803852 0.7967506647109985 31
1761595804060 0.7987896203994751 32
1761595804267 0.7848973870277405 33
1761595804485 0.7906347513198853 34
1761595804700 0.7823312878608704 35
1761595804941 0.7796960473060608 36
1761595805185 0.7709981203079224 37
1761595805472 0.7657895088195801 38
1761595805702 0.762959897518158 39
1761595805921 0.7625409364700317 40
1761595806142 0.7569872140884399 41
1761595806353 0.7518999576568604 42
1761595806580 0.7519290447235107 43
1761595806803 0.7513115406036377 44
1761595807014 0.7533330917358398 45
1761595807224 0.7440402507781982 46
1761595807423 0.7346104979515076 47
1761595807629 0.7331417202949524 48
1761595807838 0.7296462059020996 49
1761595797041 0.9890745282173157 0
