1761468522954 1.0753521919250488 0
1761468524405 1.0420383214950562 1
1761468525355 1.0211933851242065 2
1761468526125 0.9987211227416992 3
1761468527188 0.9903176426887512 4
1761468528577 0.967666506767273 5
1761468531090 0.9673723578453064 6
1761468532141 0.9497098326683044 7
1761468533304 0.9404207468032837 8
1761468534435 0.9193932414054871 9
1761468535789 0.8969359993934631 10
1761468537403 0.8984155654907227 11
1761468538266 0.8578754663467407 12
1761468539053 0.8467128276824951 13
1761468539914 0.8393996953964233 14
1761468540737 0.8419367671012878 15
1761468542144 0.8116791248321533 16
1761468543359 0.7852815985679626 17
1761468544205 0.7898223400115967 18
1761468545494 0.7578051090240479 19
1761468546386 0.7532238960266113 20
1761468547664 0.7350372076034546 21
1761468549119 0.7245514988899231 22
1761468550137 0.7083009481430054 23
1761468550911 0.6903358101844788 24
1761468552321 0.6948813796043396 25
1761468553367 0.6813180446624756 26
1761468554711 0.660685658454895 27
1761468555876 0.6315696239471436 28
1761468556705 0.624215841293335 29
1761468557452 0.6076042652130127 30
1761468558398 0.6118051409721375 31
1761468559921 0.5999845266342163 32
1761468561354 0.6020681262016296 33
1761468562320 0.5446053147315979 34
1761468563177 0.5515799522399902 35
1761468563881 0.5565219521522522 36
1761468564827 0.5341328978538513 37
1761468565882 0.5199537873268127 38
1761468567240 0.5187679529190063 39
1761468568289 0.5062870383262634 40
1761468569058 0.4756169021129608 41
1761468570228 0.4723089635372162 42
1761468571226 0.4655725657939911 43
1761468572049 0.4420331120491028 44
1761468573370 0.43580958247184753 45
1761468574354 0.43797582387924194 46
1761468575142 0.43606841564178467 47
1761468576302 0.4222666919231415 48
1761468577443 0.4230159521102905 49
1761468522954 1.0753521919250488 0
