1761499851118 0.5164488554000854 0
1761499851507 0.5637674331665039 1
1761499851847 0.5619648694992065 2
1761499852191 0.5646687746047974 3
1761499852593 0.5826948881149292 4
1761499852921 0.5858494639396667 5
1761499853252 0.5826948881149292 6
1761499853594 0.6056782603263855 7
1761499853920 0.5957638621330261 8
1761499854243 0.6074808239936829 9
1761499854584 0.6101847887039185 10
1761499854921 0.6151419281959534 11
1761499855264 0.6304641962051392 12
1761499855604 0.6160432696342468 13
1761499855944 0.6372239589691162 14
1761499856285 0.6205497980117798 15
1761499856630 0.6489409804344177 16
1761499856954 0.6345200538635254 17
1761499857282 0.6313654780387878 18
1761499857607 0.6444344520568848 19
1761499857947 0.6457864046096802 20
1761499858286 0.6412798762321472 21
1761499858628 0.6575033664703369 22
1761499858968 0.6602072715759277 23
1761499859309 0.6620098948478699 24
1761499859646 0.6511942148208618 25
1761499859985 0.6741775870323181 26
1761499860332 0.672374963760376 27
1761499860675 0.663812518119812 28
1761499861012 0.6782334446907043 29
1761499861355 0.6764308214187622 30
1761499861697 0.6822893023490906 31
1761499862039 0.6872465014457703 32
1761499862378 0.6863452196121216 33
1761499862714 0.6917530298233032 34
1761499863053 0.6917530298233032 35
1761499863391 0.7003154754638672 36
1761499863732 0.7084271907806396 37
1761499864068 0.7088778614997864 38
1761499864405 0.7066246271133423 39
1761499864746 0.7102298140525818 40
1761499865097 0.7237494587898254 41
1761499865456 0.7165389657020569 42
1761499865818 0.7120324373245239 43
1761499866164 0.7368183732032776 44
1761499866509 0.7264533638954163 45
1761499866854 0.7273546457290649 46
1761499867190 0.73366379737854 47
1761499867535 0.7440288662910461 48
1761499867879 0.718341588973999 49
1761499851118 0.5164488554000854 0
