1761499851118 0.8518344759941101 0
1761499851507 0.8201993703842163 1
1761499851847 0.8157082796096802 2
1761499852191 0.8152103424072266 3
1761499852593 0.803792417049408 4
1761499852921 0.7950226068496704 5
1761499853252 0.8010416626930237 6
1761499853594 0.7803834676742554 7
1761499853920 0.7832483649253845 8
1761499854243 0.7786345481872559 9
1761499854584 0.7758972644805908 10
1761499854921 0.7655884027481079 11
1761499855264 0.7534547448158264 12
1761499855604 0.7689542770385742 13
1761499855944 0.7522488236427307 14
1761499856285 0.752586305141449 15
1761499856630 0.743653416633606 16
1761499856954 0.7452978491783142 17
1761499857282 0.7514735460281372 18
1761499857607 0.7282825708389282 19
1761499857947 0.7258741855621338 20
1761499858286 0.7279946804046631 21
1761499858628 0.7145699858665466 22
1761499858968 0.7069299221038818 23
1761499859309 0.7082517743110657 24
1761499859646 0.7234256267547607 25
1761499859985 0.7028904557228088 26
1761499860332 0.6944461464881897 27
1761499860675 0.7051926851272583 28
1761499861012 0.6921051740646362 29
1761499861355 0.686836838722229 30
1761499861697 0.679290771484375 31
1761499862039 0.6704452037811279 32
1761499862378 0.6730681657791138 33
1761499862714 0.6625965237617493 34
1761499863053 0.6654016375541687 35
1761499863391 0.655301034450531 36
1761499863732 0.6359995007514954 37
1761499864068 0.6423821449279785 38
1761499864405 0.6384662985801697 39
1761499864746 0.6318529844284058 40
1761499865097 0.6232138276100159 41
1761499865456 0.6279286742210388 42
1761499865818 0.6363458633422852 43
1761499866164 0.6132887601852417 44
1761499866509 0.6103330254554749 45
1761499866854 0.6073270440101624 46
1761499867190 0.5990732312202454 47
1761499867535 0.5962805151939392 48
1761499867879 0.6094833016395569 49
1761499851118 0.8518344759941101 0
