1761516595032 0.42316359281539917 0
1761516595483 0.4263181686401367 1
1761516595887 0.4375844895839691 2
1761516596289 0.42541685700416565 3
1761516596716 0.42316359281539917 4
1761516597133 0.43533122539520264 5
1761516597555 0.43307796120643616 6
1761516597972 0.4339792728424072 7
1761516598383 0.4402884244918823 8
1761516598834 0.40784138441085815 9
1761516599240 0.42586749792099 10
1761516599638 0.43803516030311584 11
1761516600054 0.4371338486671448 12
1761516600470 0.4438936412334442 13
1761516600874 0.4438936412334442 14
1761516601284 0.43442991375923157 15
1761516601694 0.4438936412334442 16
1761516602102 0.4186570644378662 17
1761516602505 0.4438936412334442 18
1761516602946 0.4438936412334442 19
1761516603356 0.4348805844783783 20
1761516603779 0.4425416886806488 21
1761516604178 0.4438936412334442 22
1761516604581 0.4438936412334442 23
1761516605027 0.4438936412334442 24
1761516605460 0.4398377537727356 25
1761516605883 0.44434431195259094 26
1761516606294 0.4384858012199402 27
1761516606729 0.43533122539520264 28
1761516607163 0.4425416886806488 29
1761516607570 0.4438936412334442 30
1761516607992 0.43578189611434937 31
1761516608430 0.4438936412334442 32
1761516608861 0.43938711285591125 33
1761516609258 0.4438936412334442 34
1761516609672 0.431275337934494 35
1761516610096 0.44930148124694824 36
1761516610513 0.44434431195259094 37
1761516610930 0.4465975761413574 38
1761516611344 0.43578189611434937 39
1761516611743 0.4326273202896118 40
1761516612145 0.4474988877773285 41
1761516612570 0.4371338486671448 42
1761516613006 0.44569626450538635 43
1761516613416 0.43533122539520264 44
1761516613834 0.43803516030311584 45
1761516614226 0.4411897361278534 46
1761516614650 0.4438936412334442 47
1761516615092 0.44073906540870667 48
1761516615530 0.44975215196609497 49
1761516595032 0.42316359281539917 0
