1761604803743 0.3521190285682678 0
1761604804383 0.36384129524230957 1
1761604804951 0.33678990602493286 2
1761604805608 0.346708744764328 3
1761604806341 0.37511271238327026 4
1761604806867 0.35752931237220764 5
1761604807400 0.35933274030685425 6
1761604807935 0.35392245650291443 7
1761604808466 0.3773669898509979 8
1761604809024 0.3633904457092285 9
1761604809545 0.371055006980896 10
1761604810160 0.3859332799911499 11
1761604810751 0.362488716840744 12
1761604811310 0.37691614031791687 13
1761604811860 0.395401269197464 14
1761604812397 0.3773669898509979 15
1761604812914 0.404418408870697 16
1761604813461 0.40712353587150574 17
1761604814025 0.3823264241218567 18
1761604814552 0.40532010793685913 19
1761604815086 0.3999098241329193 20
1761604815608 0.39945897459983826 21
1761604816175 0.4066726863384247 22
1761604816722 0.40802523493766785 23
1761604817274 0.40802523493766785 24
1761604817841 0.39224526286125183 25
1761604818387 0.39945897459983826 26
1761604818973 0.4035166800022125 27
1761604819625 0.4138863980770111 28
1761604820203 0.40802523493766785 29
1761604821080 0.4120829701423645 30
1761604822075 0.402164101600647 31
1761604822722 0.41433724761009216 32
1761604823469 0.4102795422077179 33
1761604824708 0.4138863980770111 34
1761604825506 0.4165915250778198 35
1761604826220 0.4233543872833252 36
1761604826760 0.4215509593486786 37
1761604827299 0.43146979808807373 38
1761604827843 0.4328223764896393 39
1761604828412 0.42741209268569946 40
1761604828950 0.42651036381721497 41
1761604829503 0.42741209268569946 42
1761604830068 0.4400360584259033 43
1761604830626 0.4495040476322174 44
1761604831170 0.44634807109832764 45
1761604831757 0.4553651809692383 46
1761604832294 0.451307475566864 47
1761604832851 0.4702434539794922 48
1761604833402 0.46979260444641113 49
1761604803743 0.3521190285682678 0
