1761604803743 1.1229853630065918 0
1761604804383 1.1028889417648315 1
1761604804951 1.1036242246627808 2
1761604805608 1.1114563941955566 3
1761604806341 1.0994806289672852 4
1761604806867 1.099833369255066 5
1761604807400 1.1004986763000488 6
1761604807935 1.0949139595031738 7
1761604808466 1.0930931568145752 8
1761604809024 1.098334789276123 9
1761604809545 1.0951696634292603 10
1761604810160 1.0923725366592407 11
1761604810751 1.094613790512085 12
1761604811310 1.089232325553894 13
1761604811860 1.0881046056747437 14
1761604812397 1.0942436456680298 15
1761604812914 1.085369348526001 16
1761604813461 1.0875223875045776 17
1761604814025 1.0854387283325195 18
1761604814552 1.0775141716003418 19
1761604815086 1.082549810409546 20
1761604815608 1.0802489519119263 21
1761604816175 1.0800832509994507 22
1761604816722 1.0801745653152466 23
1761604817274 1.0800931453704834 24
1761604817841 1.0794727802276611 25
1761604818387 1.078515887260437 26
1761604818973 1.0790584087371826 27
1761604819625 1.078396201133728 28
1761604820203 1.075945496559143 29
1761604821080 1.0784618854522705 30
1761604822075 1.0791993141174316 31
1761604822722 1.075294852256775 32
1761604823469 1.078568696975708 33
1761604824708 1.072056770324707 34
1761604825506 1.0781009197235107 35
1761604826220 1.0682612657546997 36
1761604826760 1.07278573513031 37
1761604827299 1.0649138689041138 38
1761604827843 1.0618616342544556 39
1761604828412 1.0651845932006836 40
1761604828950 1.0619951486587524 41
1761604829503 1.0571094751358032 42
1761604830068 1.06103515625 43
1761604830626 1.0502134561538696 44
1761604831170 1.0508933067321777 45
1761604831757 1.0488139390945435 46
1761604832294 1.0477991104125977 47
1761604832851 1.0426592826843262 48
1761604833402 1.0386685132980347 49
1761604803743 1.1229853630065918 0
