1761605576079 0.36203786730766296 0
1761605576664 0.3521190285682678 1
1761605577232 0.3796212673187256 2
1761605577790 0.35752931237220764 3
1761605578304 0.3534716069698334 4
1761605578828 0.36609557271003723 5
1761605579359 0.37917041778564453 6
1761605579945 0.37421101331710815 7
1761605580518 0.38187557458877563 8
1761605581064 0.377817839384079 9
1761605581615 0.38007214665412903 10
1761605582142 0.3926961123943329 11
1761605582688 0.4008115530014038 12
1761605583210 0.40126240253448486 13
1761605583767 0.4251577854156494 14
1761605584333 0.4251577854156494 15
1761605584875 0.41614067554473877 16
1761605585431 0.4129846692085266 17
1761605585958 0.4337240755558014 18
1761605586532 0.4346257746219635 19
1761605587037 0.42470693588256836 20
1761605587558 0.4242560863494873 21
1761605588079 0.42921552062034607 22
1761605588617 0.43146979808807373 23
1761605589163 0.4400360584259033 24
1761605589709 0.4215509593486786 25
1761605590248 0.43417492508888245 26
1761605590799 0.42380523681640625 27
1761605591320 0.43597835302352905 28
1761605591847 0.43597835302352905 29
1761605592402 0.43327322602272034 30
1761605592947 0.43868350982666016 31
1761605593496 0.43327322602272034 32
1761605594046 0.44229036569595337 33
1761605594581 0.43417492508888245 34
1761605595104 0.4301172196865082 35
1761605595650 0.4242560863494873 36
1761605596168 0.43597835302352905 37
1761605596702 0.43958520889282227 38
1761605597224 0.4391343593597412 39
1761605597753 0.4400360584259033 40
1761605598274 0.43688008189201355 41
1761605598795 0.45446348190307617 42
1761605599362 0.43237149715423584 43
1761605599894 0.44138863682746887 44
1761605600426 0.4391343593597412 45
1761605600966 0.44905319809913635 46
1761605601482 0.45085662603378296 47
1761605602026 0.4535617530345917 48
1761605602572 0.44364291429519653 49
1761605576079 0.36203786730766296 0
