1761605576079 1.1338365077972412 0
1761605576664 1.103601336479187 1
1761605577232 1.1050570011138916 2
1761605577790 1.0980204343795776 3
1761605578304 1.094282865524292 4
1761605578828 1.0918080806732178 5
1761605579359 1.09247887134552 6
1761605579945 1.1007202863693237 7
1761605580518 1.0902552604675293 8
1761605581064 1.0862098932266235 9
1761605581615 1.0916255712509155 10
1761605582142 1.0901044607162476 11
1761605582688 1.0836864709854126 12
1761605583210 1.0894795656204224 13
1761605583767 1.0801608562469482 14
1761605584333 1.0740270614624023 15
1761605584875 1.0750283002853394 16
1761605585431 1.0788761377334595 17
1761605585958 1.0715785026550293 18
1761605586532 1.07271146774292 19
1761605587037 1.074657678604126 20
1761605587558 1.0780415534973145 21
1761605588079 1.0722543001174927 22
1761605588617 1.0705486536026 23
1761605589163 1.0692474842071533 24
1761605589709 1.0766922235488892 25
1761605590248 1.0704509019851685 26
1761605590799 1.074691891670227 27
1761605591320 1.0679210424423218 28
1761605591847 1.0692371129989624 29
1761605592402 1.0684525966644287 30
1761605592947 1.0665053129196167 31
1761605593496 1.0684490203857422 32
1761605594046 1.0631837844848633 33
1761605594581 1.0674206018447876 34
1761605595104 1.0673669576644897 35
1761605595650 1.0662599802017212 36
1761605596168 1.0622930526733398 37
1761605596702 1.0627858638763428 38
1761605597224 1.059739351272583 39
1761605597753 1.0576955080032349 40
1761605598274 1.0599342584609985 41
1761605598795 1.0553170442581177 42
1761605599362 1.0552836656570435 43
1761605599894 1.0556474924087524 44
1761605600426 1.052579402923584 45
1761605600966 1.0475409030914307 46
1761605601482 1.0431792736053467 47
1761605602026 1.0431216955184937 48
1761605602572 1.0411912202835083 49
1761605576079 1.1338365077972412 0
