1761608286781 1.0478367805480957 0
1761608287071 0.9894758462905884 1
1761608287291 0.9748888611793518 2
1761608287497 0.9648388028144836 3
1761608287707 0.9584507346153259 4
1761608287923 0.947791337966919 5
1761608288136 0.9391210079193115 6
1761608288359 0.9267576932907104 7
1761608288572 0.9217371940612793 8
1761608288789 0.9091178774833679 9
1761608289006 0.8963390588760376 10
1761608289227 0.885257363319397 11
1761608289449 0.8854857683181763 12
1761608289657 0.8686892986297607 13
1761608289869 0.8614445924758911 14
1761608290089 0.8564298152923584 15
1761608290296 0.8471376895904541 16
1761608290509 0.8340408802032471 17
1761608290720 0.8253901600837708 18
1761608290929 0.8222701549530029 19
1761608291143 0.8125276565551758 20
1761608291359 0.8079820275306702 21
1761608291577 0.7967129349708557 22
1761608291799 0.7984629273414612 23
1761608292015 0.7881346344947815 24
1761608292232 0.7857877612113953 25
1761608292451 0.7773046493530273 26
1761608292661 0.7658802270889282 27
1761608292899 0.7670865058898926 28
1761608293117 0.7585647702217102 29
1761608293334 0.7608838677406311 30
1761608293556 0.7437912821769714 31
1761608293762 0.7395534515380859 32
1761608293973 0.7425253987312317 33
1761608294209 0.7368828058242798 34
1761608294421 0.7249076962471008 35
1761608294631 0.7246427536010742 36
1761608294840 0.7283200621604919 37
1761608295060 0.7270367741584778 38
1761608295288 0.711629331111908 39
1761608295500 0.7016955614089966 40
1761608295721 0.70684415102005 41
1761608295933 0.7008742690086365 42
1761608296162 0.7040306329727173 43
1761608296379 0.6918424963951111 44
1761608296595 0.684230625629425 45
1761608296819 0.6755155324935913 46
1761608297042 0.6731047034263611 47
1761608297256 0.6768386960029602 48
1761608297466 0.669184684753418 49
1761608286781 1.0478367805480957 0
