1761517089883 0.5065344572067261 0
1761517090846 0.543488085269928 1
1761517091753 0.539432168006897 2
1761517092657 0.5506985187530518 3
1761517093526 0.5637674331665039 4
1761517094394 0.5664713978767395 5
1761517095288 0.5944119095802307 6
1761517096140 0.5822442770004272 7
1761517096986 0.5926092863082886 8
1761517097828 0.6056782603263855 9
1761517098680 0.6056782603263855 10
1761517099537 0.6381253004074097 11
1761517100394 0.6376746296882629 12
1761517101239 0.6403785347938538 13
1761517102134 0.6462370157241821 14
1761517103004 0.652996838092804 15
1761517103886 0.6768814921379089 16
1761517104777 0.6845425963401794 17
1761517105680 0.683190643787384 18
1761517106543 0.6863452196121216 19
1761517107383 0.6890491247177124 20
1761517108230 0.6994141340255737 21
1761517109069 0.7138350605964661 22
1761517109922 0.7142857313156128 23
1761517110768 0.7147363424301147 24
1761517111631 0.7187922596931458 25
1761517112489 0.7305092215538025 26
1761517113335 0.7363677620887756 27
1761517114181 0.73366379737854 28
1761517115025 0.7521405816078186 29
1761517115885 0.7552951574325562 30
1761517116740 0.7534925937652588 31
1761517117599 0.7674628496170044 32
1761517118447 0.7724199891090393 33
1761517119297 0.7634069323539734 34
1761517120144 0.7697160840034485 35
1761517121006 0.7796304821968079 36
1761517121863 0.7917981147766113 37
1761517122719 0.8017124533653259 38
1761517123571 0.8003605008125305 39
1761517124451 0.7963046431541443 40
1761517125311 0.7954033613204956 41
1761517126188 0.8107255697250366 42
1761517127068 0.8188372850418091 43
1761517127950 0.8129788041114807 44
1761517128831 0.827399730682373 45
1761517129703 0.827399730682373 46
1761517130579 0.8323569297790527 47
1761517131441 0.851284384727478 48
1761517132304 0.8395673632621765 49
1761517089883 0.5065344572067261 0
