1761463168494 0.5619648694992065 0
1761463169973 0.5669220089912415 1
1761463171440 0.5669220089912415 2
1761463173219 0.5669220089912415 3
1761463174782 0.5669220089912415 4
1761463176187 0.5664713978767395 5
1761463177779 0.565570056438446 6
1761463179252 0.5750337839126587 7
1761463180701 0.5745831727981567 8
1761463182172 0.5890040397644043 9
1761463184002 0.5858494639396667 10
1761463185533 0.593961238861084 11
1761463186999 0.5903559923171997 12
1761463188483 0.6034249663352966 13
1761463190148 0.6182965040206909 14
1761463191563 0.617845892906189 15
1761463192993 0.6191978454589844 16
1761463194403 0.6282109022140503 17
1761463196116 0.6394772529602051 18
1761463197570 0.6462370157241821 19
1761463198965 0.6575033664703369 20
1761463200462 0.6800360679626465 21
1761463202176 0.687697172164917 22
1761463203612 0.6881478428840637 23
1761463205048 0.6867958307266235 24
1761463206651 0.6989635229110718 25
1761463208111 0.7138350605964661 26
1761463209568 0.7223974466323853 27
1761463210998 0.7417755722999573 28
1761463212643 0.7372690439224243 29
1761463214069 0.7543938755989075 30
1761463215484 0.7629562616348267 31
1761463216983 0.7724199891090393 32
1761463218680 0.7706173658370972 33
1761463220115 0.7863902449607849 34
1761463221545 0.7940513491630554 35
1761463222962 0.801261842250824 36
1761463224678 0.808021605014801 37
1761463226118 0.8278504014015198 38
1761463227548 0.8246958255767822 39
1761463228982 0.8251464366912842 40
1761463230622 0.8170347213745117 41
1761463232045 0.8287516832351685 42
1761463233470 0.8458765149116516 43
1761463234928 0.8463271856307983 44
1761463236642 0.8648039698600769 45
1761463238075 0.8580441474914551 46
1761463239485 0.8422712683677673 47
1761463240959 0.8738170266151428 48
1761463242709 0.8661559224128723 49
1761463168494 0.5619648694992065 0
