1761463168494 0.9950587749481201 0
1761463169973 0.9783305525779724 1
1761463171440 0.9643056392669678 2
1761463173219 0.9610013365745544 3
1761463174782 0.9532966613769531 4
1761463176187 0.9462066292762756 5
1761463177779 0.9302377104759216 6
1761463179252 0.9200026392936707 7
1761463180701 0.911064624786377 8
1761463182172 0.8974279165267944 9
1761463184002 0.8815392255783081 10
1761463185533 0.8696542382240295 11
1761463186999 0.8648555278778076 12
1761463188483 0.8540083169937134 13
1761463190148 0.8261165618896484 14
1761463191563 0.8289534449577332 15
1761463192993 0.8141584396362305 16
1761463194403 0.7967825531959534 17
1761463196116 0.7786133289337158 18
1761463197570 0.7663828730583191 19
1761463198965 0.748322069644928 20
1761463200462 0.7295548915863037 21
1761463202176 0.7092229127883911 22
1761463203612 0.6989855766296387 23
1761463205048 0.6944512724876404 24
1761463206651 0.6597093343734741 25
1761463208111 0.6480962038040161 26
1761463209568 0.628938615322113 27
1761463210998 0.5954236388206482 28
1761463212643 0.5987626910209656 29
1761463214069 0.5636369585990906 30
1761463215484 0.547206461429596 31
1761463216983 0.5313414335250854 32
1761463218680 0.5309381484985352 33
1761463220115 0.48397281765937805 34
1761463221545 0.4807721972465515 35
1761463222962 0.4577375650405884 36
1761463224678 0.4545822739601135 37
1761463226118 0.4086046814918518 38
1761463227548 0.41121524572372437 39
1761463228982 0.40442806482315063 40
1761463230622 0.41535747051239014 41
1761463232045 0.3983607888221741 42
1761463233470 0.3768389821052551 43
1761463234928 0.357260525226593 44
1761463236642 0.32598647475242615 45
1761463238075 0.3349803388118744 46
1761463239485 0.36017292737960815 47
1761463240959 0.3032034635543823 48
1761463242709 0.3155154287815094 49
1761463168494 0.9950587749481201 0
