1761607767036 0.5058611631393433 0
1761607767301 0.5550045371055603 1
1761607767531 0.5649233460426331 2
1761607767748 0.6059513092041016 3
1761607767966 0.6077547073364258 4
1761607768191 0.5928764939308167 5
1761607768411 0.6257889866828918 6
1761607768639 0.6352570056915283 7
1761607768863 0.6496844291687012 8
1761607769093 0.6514878273010254 9
1761607769319 0.6591523885726929 10
1761607769544 0.6668169498443604 11
1761607769767 0.6753832101821899 12
1761607769990 0.6902614831924438 13
1761607770219 0.6938683390617371 14
1761607770443 0.7037872076034546 15
1761607770675 0.7191163301467896 16
1761607770897 0.7285842895507812 17
1761607771118 0.7254283428192139 18
1761607771349 0.7303877472877502 19
1761607771570 0.7177637219429016 20
1761607771793 0.7547339797019958 21
1761607772019 0.7439134120941162 22
1761607772245 0.7533814311027527 23
1761607772483 0.7605951428413391 24
1761607772706 0.7619476914405823 25
1761607772930 0.773219108581543 26
1761607773154 0.7709648609161377 27
1761607773381 0.7835888266563416 28
1761607773617 0.7844905257225037 29
1761607773844 0.7862939834594727 30
1761607774081 0.7885482311248779 31
1761607774306 0.7998196482658386 32
1761607774534 0.8133453726768494 33
1761607774765 0.8092876672744751 34
1761607774994 0.808836817741394 35
1761607775217 0.8124436140060425 36
1761607775442 0.8205590844154358 37
1761607775664 0.8106402158737183 38
1761607775904 0.824165940284729 39
1761607776133 0.8250676393508911 40
1761607776360 0.8273218870162964 41
1761607776585 0.8277727961540222 42
1761607776806 0.8259693384170532 43
1761607777032 0.8322813510894775 44
1761607777263 0.8259693384170532 45
1761607777480 0.8336338996887207 46
1761607777703 0.824165940284729 47
1761607777929 0.8462578654289246 48
1761607778155 0.8467087745666504 49
1761607767036 0.5058611631393433 0
