1761607767036 0.9498358964920044 0
1761607767301 0.9132362008094788 1
1761607767531 0.9011499285697937 2
1761607767748 0.8709168434143066 3
1761607767966 0.8637782335281372 4
1761607768191 0.8514181971549988 5
1761607768411 0.8329702615737915 6
1761607768639 0.8144036531448364 7
1761607768863 0.7978096604347229 8
1761607769093 0.7890679836273193 9
1761607769319 0.775699257850647 10
1761607769544 0.7564955949783325 11
1761607769767 0.7571451663970947 12
1761607769990 0.720731258392334 13
1761607770219 0.7249235510826111 14
1761607770443 0.6998974084854126 15
1761607770675 0.6845718026161194 16
1761607770897 0.6607444286346436 17
1761607771118 0.6514986753463745 18
1761607771349 0.6382409334182739 19
1761607771570 0.6384239196777344 20
1761607771793 0.6122623682022095 21
1761607772019 0.6067132353782654 22
1761607772245 0.5968415141105652 23
1761607772483 0.5903135538101196 24
1761607772706 0.5808087587356567 25
1761607772930 0.5571619272232056 26
1761607773154 0.558760404586792 27
1761607773381 0.530631422996521 28
1761607773617 0.5338670015335083 29
1761607773844 0.5331149697303772 30
1761607774081 0.5238217711448669 31
1761607774306 0.49411168694496155 32
1761607774534 0.4807715117931366 33
1761607774765 0.48681366443634033 34
1761607774994 0.46719589829444885 35
1761607775217 0.4826803207397461 36
1761607775442 0.4566110074520111 37
1761607775664 0.4604368805885315 38
1761607775904 0.4445682168006897 39
1761607776133 0.4361359179019928 40
1761607776360 0.4293690323829651 41
1761607776585 0.4199857711791992 42
1761607776806 0.4234728515148163 43
1761607777032 0.42652833461761475 44
1761607777263 0.4197157919406891 45
1761607777480 0.4003326892852783 46
1761607777703 0.4072795808315277 47
1761607777929 0.38272586464881897 48
1761607778155 0.38404154777526855 49
1761607767036 0.9498358964920044 0
