1761521272282 0.5236592888832092 0
1761521273137 0.5398828387260437 1
1761521274388 0.5475439429283142 2
1761521275895 0.554754376411438 3
1761521278449 0.5484452247619629 4
1761521279886 0.554754376411438 5
1761521280998 0.5443893671035767 6
1761521282333 0.5520504713058472 7
1761521283142 0.554754376411438 8
1761521284132 0.5407841205596924 9
1761521285647 0.554754376411438 10
1761521286867 0.554754376411438 11
1761521288245 0.554754376411438 12
1761521289515 0.5470932722091675 13
1761521290822 0.554303765296936 14
1761521292086 0.5538530945777893 15
1761521293275 0.554754376411438 16
1761521294484 0.5579089522361755 17
1761521295679 0.5493465662002563 18
1761521297009 0.559260904788971 19
1761521297605 0.5579089522361755 20
1761521298654 0.565570056438446 21
1761521299266 0.5538530945777893 22
1761521300001 0.5448400378227234 23
1761521301166 0.5534024238586426 24
1761521302439 0.559260904788971 25
1761521303653 0.5570076704025269 26
1761521304580 0.5601622462272644 27
1761521305676 0.5624154806137085 28
1761521306928 0.5579089522361755 29
1761521307644 0.558810293674469 30
1761521308955 0.5732311606407166 31
1761521310012 0.5691753029823303 32
1761521311211 0.5718792080879211 33
1761521312362 0.5723298788070679 34
1761521313778 0.5691753029823303 35
1761521314933 0.5745831727981567 36
1761521316107 0.5718792080879211 37
1761521316738 0.57413250207901 38
1761521317976 0.5813429355621338 39
1761521319223 0.5835962295532227 40
1761521320347 0.5795403122901917 41
1761521321672 0.5926092863082886 42
1761521322918 0.5858494639396667 43
1761521324116 0.5989184379577637 44
1761521325342 0.5899053812026978 45
1761521326511 0.6020730137825012 46
1761521327618 0.6074808239936829 47
1761521328862 0.608832836151123 48
1761521330131 0.5989184379577637 49
1761521272282 0.5236592888832092 0
