1761521272282 0.8775845170021057 0
1761521273137 0.856529176235199 1
1761521274388 0.8522508144378662 2
1761521275895 0.8524238467216492 3
1761521278449 0.8516891598701477 4
1761521279886 0.853941798210144 5
1761521280998 0.853969395160675 6
1761521282333 0.8561352491378784 7
1761521283142 0.8522322773933411 8
1761521284132 0.8547292947769165 9
1761521285647 0.8548938632011414 10
1761521286867 0.851100742816925 11
1761521288245 0.8504643440246582 12
1761521289515 0.8527527451515198 13
1761521290822 0.852518618106842 14
1761521292086 0.8491905927658081 15
1761521293275 0.8505348563194275 16
1761521294484 0.8475342392921448 17
1761521295679 0.8471332788467407 18
1761521297009 0.8488354086875916 19
1761521297605 0.8443970084190369 20
1761521298654 0.8414052128791809 21
1761521299266 0.8469995260238647 22
1761521300001 0.8448519110679626 23
1761521301166 0.8454405665397644 24
1761521302439 0.8418692350387573 25
1761521303653 0.8391347527503967 26
1761521304580 0.8400139212608337 27
1761521305676 0.8386604189872742 28
1761521306928 0.8393716812133789 29
1761521307644 0.8377538919448853 30
1761521308955 0.8364223837852478 31
1761521310012 0.8332380652427673 32
1761521311211 0.8332749605178833 33
1761521312362 0.8331870436668396 34
1761521313778 0.8297358155250549 35
1761521314933 0.8328431248664856 36
1761521316107 0.8275349140167236 37
1761521316738 0.8306986689567566 38
1761521317976 0.8236676454544067 39
1761521319223 0.818192720413208 40
1761521320347 0.8185967803001404 41
1761521321672 0.819113552570343 42
1761521322918 0.8166508078575134 43
1761521324116 0.8156812787055969 44
1761521325342 0.8201075196266174 45
1761521326511 0.8102562427520752 46
1761521327618 0.8110045194625854 47
1761521328862 0.8067004084587097 48
1761521330131 0.8074854612350464 49
1761521272282 0.8775845170021057 0
