1761519178023 0.8325145840644836 0
1761519178449 0.7983565926551819 1
1761519178837 0.7896280884742737 2
1761519179226 0.7742933034896851 3
1761519179614 0.7614562511444092 4
1761519180005 0.7474181056022644 5
1761519180410 0.7322170734405518 6
1761519180806 0.710381269454956 7
1761519181191 0.6895155906677246 8
1761519181586 0.6726808547973633 9
1761519181978 0.664243757724762 10
1761519182372 0.6364566087722778 11
1761519182765 0.6232346296310425 12
1761519183164 0.5970351696014404 13
1761519183556 0.5931552052497864 14
1761519184008 0.58393394947052 15
1761519184395 0.5878913998603821 16
1761519184793 0.55910724401474 17
1761519185192 0.5381959676742554 18
1761519185592 0.5319149494171143 19
1761519185992 0.5081384778022766 20
1761519186372 0.5049126744270325 21
1761519186762 0.4887864887714386 22
1761519187156 0.502591609954834 23
1761519187554 0.4908027648925781 24
1761519187941 0.477099746465683 25
1761519188343 0.46332472562789917 26
1761519188745 0.45190101861953735 27
1761519189130 0.443155437707901 28
1761519189525 0.44854971766471863 29
1761519189909 0.4219459891319275 30
1761519190287 0.4209854304790497 31
1761519190700 0.41696897149086 32
1761519191092 0.397861510515213 33
1761519191495 0.39959123730659485 34
1761519191886 0.38884589076042175 35
1761519192283 0.3817611336708069 36
1761519192671 0.36895841360092163 37
1761519193056 0.36507314443588257 38
1761519193452 0.3964845538139343 39
1761519193855 0.371381014585495 40
1761519194260 0.3601585030555725 41
1761519194657 0.3453361690044403 42
1761519195086 0.3438715934753418 43
1761519195466 0.33528056740760803 44
1761519195862 0.33582204580307007 45
1761519196250 0.31590139865875244 46
1761519196632 0.31818705797195435 47
1761519197013 0.30611321330070496 48
1761519197400 0.2960706353187561 49
1761519178023 0.8325145840644836 0
