1761516322439 0.4461469054222107 0
1761516322847 0.4641730487346649 1
1761516323209 0.4867057204246521 2
1761516323594 0.5159981846809387 3
1761516323985 0.5232086777687073 4
1761516324394 0.524109959602356 5
1761516324794 0.5362775921821594 6
1761516325183 0.5380802154541016 7
1761516325597 0.5642181038856506 8
1761516325980 0.5759351253509521 9
1761516326358 0.5872014164924622 10
1761516326771 0.5835962295532227 11
1761516327174 0.5876520872116089 12
1761516327559 0.6160432696342468 13
1761516327988 0.6304641962051392 14
1761516328394 0.6345200538635254 15
1761516328816 0.6399279236793518 16
1761516329286 0.6462370157241821 17
1761516329794 0.6642631888389587 18
1761516330143 0.6606579422950745 19
1761516330540 0.6597566604614258 20
1761516330924 0.6651644706726074 21
1761516331325 0.694456934928894 22
1761516331705 0.6800360679626465 23
1761516332088 0.6998648047447205 24
1761516332476 0.7012167572975159 25
1761516332852 0.7088778614997864 26
1761516333217 0.7111311554908752 27
1761516333602 0.7196935415267944 28
1761516333983 0.7169896364212036 29
1761516334374 0.7264533638954163 30
1761516334794 0.7305092215538025 31
1761516335231 0.7232987880706787 32
1761516335670 0.7516899704933167 33
1761516336010 0.7449301481246948 34
1761516336368 0.7345651388168335 35
1761516336722 0.7462821006774902 36
1761516337091 0.7584497332572937 37
1761516337453 0.7561964988708496 38
1761516337820 0.7494366765022278 39
1761516338206 0.7737719416618347 40
1761516338572 0.7719693779945374 41
1761516338958 0.7710680365562439 42
1761516339343 0.78143310546875 43
1761516339724 0.777377188205719 44
1761516340103 0.788192868232727 45
1761516340482 0.7913474440574646 46
1761516340844 0.7832356691360474 47
1761516341209 0.7958539724349976 48
1761516341594 0.7836863398551941 49
1761516322439 0.4461469054222107 0
