1761516322439 1.0646758079528809 0
1761516322847 1.0208569765090942 1
1761516323209 1.00193452835083 2
1761516323594 0.9798071980476379 3
1761516323985 0.966890811920166 4
1761516324394 0.9560142159461975 5
1761516324794 0.9476401209831238 6
1761516325183 0.9344063997268677 7
1761516325597 0.9107913970947266 8
1761516325980 0.8852972388267517 9
1761516326358 0.8737499713897705 10
1761516326771 0.8638062477111816 11
1761516327174 0.8424980640411377 12
1761516327559 0.8210506439208984 13
1761516327988 0.8005304932594299 14
1761516328394 0.7954848408699036 15
1761516328816 0.79084312915802 16
1761516329286 0.7714101076126099 17
1761516329794 0.7517374753952026 18
1761516330143 0.7492544054985046 19
1761516330540 0.7373028993606567 20
1761516330924 0.7360246777534485 21
1761516331325 0.6963274478912354 22
1761516331705 0.7111341953277588 23
1761516332088 0.6878480911254883 24
1761516332476 0.6888459920883179 25
1761516332852 0.6597939729690552 26
1761516333217 0.6512726545333862 27
1761516333602 0.636473536491394 28
1761516333983 0.6485745310783386 29
1761516334374 0.6400837898254395 30
1761516334794 0.6227622032165527 31
1761516335231 0.6141983270645142 32
1761516335670 0.598224401473999 33
1761516336010 0.5954972505569458 34
1761516336368 0.6034448146820068 35
1761516336722 0.5732320547103882 36
1761516337091 0.5490512251853943 37
1761516337453 0.5597833395004272 38
1761516337820 0.5588366389274597 39
1761516338206 0.5482333302497864 40
1761516338572 0.5359666347503662 41
1761516338958 0.5298736691474915 42
1761516339343 0.5270230770111084 43
1761516339724 0.5223948955535889 44
1761516340103 0.5069559216499329 45
1761516340482 0.4945916533470154 46
1761516340844 0.504260241985321 47
1761516341209 0.48564526438713074 48
1761516341594 0.5073762536048889 49
1761516322439 1.0646758079528809 0
