1761610853754 0.47159603238105774 0
1761610854724 0.4972948729991913 1
1761610855683 0.500450849533081 2
1761610856616 0.5144274234771729 3
1761610857556 0.5338142514228821 4
1761610858453 0.5396753549575806 5
1761610859382 0.5581604838371277 6
1761610860269 0.5793507695198059 7
1761610861150 0.5901713371276855 8
1761610862019 0.5906221866607666 9
1761610862895 0.6185752749443054 10
1761610863762 0.611361563205719 11
1761610864638 0.6280432939529419 12
1761610865506 0.6379621028900146 13
1761610866386 0.6541929841041565 14
1761610867244 0.662308394908905 15
1761610868117 0.6650135517120361 16
1761610869012 0.6722272038459778 17
1761610869896 0.6834986209869385 18
1761610870781 0.7006312012672424 19
1761610871648 0.6920649409294128 20
1761610872516 0.711000919342041 21
1761610873387 0.71055006980896 22
1761610874244 0.7321911454200745 23
1761610875103 0.7326419949531555 24
1761610875970 0.7294860482215881 25
1761610876839 0.7416591644287109 26
1761610877710 0.7515779733657837 27
1761610878580 0.7520288825035095 28
1761610879485 0.7642019987106323 29
1761610880371 0.7772768139839172 30
1761610881293 0.7822362780570984 31
1761610882163 0.7849413752555847 32
1761610883074 0.7840396761894226 33
1761610883946 0.7844905257225037 34
1761610884807 0.806582510471344 35
1761610885676 0.7862939834594727 36
1761610886580 0.8056808114051819 37
1761610887457 0.8074842095375061 38
1761610888323 0.8119927644729614 39
1761610889197 0.8300270438194275 40
1761610890089 0.8259693384170532 41
1761610890962 0.808836817741394 42
1761610891868 0.8340847492218018 43
1761610892743 0.8304778933525085 44
1761610893600 0.8498647212982178 45
1761610894482 0.8498647212982178 46
1761610895344 0.8570784330368042 47
1761610896225 0.8476104736328125 48
1761610897178 0.8408476114273071 49
1761610853754 0.47159603238105774 0
