1761610853754 1.030959129333496 0
1761610854724 1.0111079216003418 1
1761610855683 1.0017658472061157 2
1761610856616 0.9864628314971924 3
1761610857556 0.9618138670921326 4
1761610858453 0.9649518132209778 5
1761610859382 0.9445883631706238 6
1761610860269 0.914734959602356 7
1761610861150 0.9087708592414856 8
1761610862019 0.8925948143005371 9
1761610862895 0.8753564953804016 10
1761610863762 0.85489821434021 11
1761610864638 0.8503310680389404 12
1761610865506 0.8202173113822937 13
1761610866386 0.8080548048019409 14
1761610867244 0.7935569882392883 15
1761610868117 0.7797247171401978 16
1761610869012 0.7609055638313293 17
1761610869896 0.7453143000602722 18
1761610870781 0.7146633267402649 19
1761610871648 0.7231894135475159 20
1761610872516 0.6989893317222595 21
1761610873387 0.6842067837715149 22
1761610874244 0.6297632455825806 23
1761610875103 0.6322708129882812 24
1761610875970 0.6465782523155212 25
1761610876839 0.6282404661178589 26
1761610877710 0.6056114435195923 27
1761610878580 0.6055352687835693 28
1761610879485 0.5779210925102234 29
1761610880371 0.5641992092132568 30
1761610881293 0.5435819625854492 31
1761610882163 0.5160427093505859 32
1761610883074 0.517223060131073 33
1761610883946 0.5193367600440979 34
1761610884807 0.4710615277290344 35
1761610885676 0.5082836151123047 36
1761610886580 0.46524640917778015 37
1761610887457 0.45787447690963745 38
1761610888323 0.4451301097869873 39
1761610889197 0.42396390438079834 40
1761610890089 0.4248355031013489 41
1761610890962 0.4467903971672058 42
1761610891868 0.4051503539085388 43
1761610892743 0.4040379822254181 44
1761610893600 0.369797945022583 45
1761610894482 0.3615626394748688 46
1761610895344 0.3526577353477478 47
1761610896225 0.368706613779068 48
1761610897178 0.36853259801864624 49
1761610853754 1.030959129333496 0
