1761464722362 0.44794952869415283 0
1761464722828 0.48490309715270996 1
1761464723220 0.4840018153190613 2
1761464723582 0.5074357986450195 3
1761464723942 0.5096890330314636 4
1761464724308 0.5187020897865295 5
1761464724663 0.5295178294181824 6
1761464725017 0.5168995261192322 7
1761464725363 0.5272645354270935 8
1761464725721 0.5331230163574219 9
1761464726063 0.5389814972877502 10
1761464726409 0.5529517531394958 11
1761464726755 0.5520504713058472 12
1761464727097 0.5466426610946655 13
1761464727449 0.5525011420249939 14
1761464727806 0.5520504713058472 15
1761464728168 0.5669220089912415 16
1761464728533 0.5745831727981567 17
1761464728890 0.5664713978767395 18
1761464729258 0.5736818313598633 19
1761464729617 0.5705272555351257 20
1761464729974 0.5835962295532227 21
1761464730330 0.5763857364654541 22
1761464730686 0.578639030456543 23
1761464731042 0.5646687746047974 24
1761464731414 0.6029742956161499 25
1761464731756 0.5867508053779602 26
1761464732098 0.5962145328521729 27
1761464732457 0.5998197197914124 28
1761464732804 0.6043262481689453 29
1761464733157 0.5948625802993774 30
1761464733491 0.5993691086769104 31
1761464733854 0.6052275896072388 32
1761464734198 0.6061288714408875 33
1761464734548 0.6164939403533936 34
1761464734899 0.6228030920028687 35
1761464735246 0.624605655670166 36
1761464735615 0.6259576678276062 37
1761464735979 0.6277602314949036 38
1761464736338 0.6052275896072388 39
1761464736709 0.6223524212837219 40
1761464737065 0.6295628547668457 41
1761464737427 0.6264082789421082 42
1761464737808 0.6309148073196411 43
1761464738151 0.6412798762321472 44
1761464738511 0.6493915915489197 45
1761464738880 0.6520955562591553 46
1761464739248 0.6561514139175415 47
1761464739610 0.6620098948478699 48
1761464739970 0.6354213356971741 49
1761464722362 0.44794952869415283 0
