1761464722362 1.0131323337554932 0
1761464722828 0.9932548403739929 1
1761464723220 0.989640474319458 2
1761464723582 0.9785531163215637 3
1761464723942 0.9718602299690247 4
1761464724308 0.9694685339927673 5
1761464724663 0.9633756875991821 6
1761464725017 0.9672038555145264 7
1761464725363 0.9570361971855164 8
1761464725721 0.9539739489555359 9
1761464726063 0.9465442895889282 10
1761464726409 0.9419115781784058 11
1761464726755 0.937519907951355 12
1761464727097 0.9332753419876099 13
1761464727449 0.9326012134552002 14
1761464727806 0.9332762360572815 15
1761464728168 0.9217815399169922 16
1761464728533 0.9218132495880127 17
1761464728890 0.9188811779022217 18
1761464729258 0.9095969796180725 19
1761464729617 0.9046040177345276 20
1761464729974 0.8959813714027405 21
1761464730330 0.9130580425262451 22
1761464730686 0.8981279134750366 23
1761464731042 0.9224364757537842 24
1761464731414 0.8847613334655762 25
1761464731756 0.8781879544258118 26
1761464732098 0.8765017986297607 27
1761464732457 0.8735378384590149 28
1761464732804 0.8623550534248352 29
1761464733157 0.870285153388977 30
1761464733491 0.8654795289039612 31
1761464733854 0.8617509007453918 32
1761464734198 0.85296231508255 33
1761464734548 0.8422109484672546 34
1761464734899 0.8388805985450745 35
1761464735246 0.8418097496032715 36
1761464735615 0.8280713558197021 37
1761464735979 0.8210485577583313 38
1761464736338 0.8568065166473389 39
1761464736709 0.8308178782463074 40
1761464737065 0.824589729309082 41
1761464737427 0.8208147287368774 42
1761464737808 0.819544792175293 43
1761464738151 0.8007218241691589 44
1761464738511 0.7951767444610596 45
1761464738880 0.7907368540763855 46
1761464739248 0.7993854880332947 47
1761464739610 0.7803522348403931 48
1761464739970 0.813856303691864 49
1761464722362 1.0131323337554932 0
