1761593512422 0.38728582859039307 0
1761593512666 0.3972046971321106 1
1761593512877 0.39945897459983826 2
1761593513104 0.38728582859039307 3
1761593513322 0.38728582859039307 4
1761593513573 0.41118124127388 5
1761593513791 0.3990081250667572 6
1761593514006 0.4147880971431732 7
1761593514243 0.39945897459983826 8
1761593514462 0.40982866287231445 9
1761593514691 0.402164101600647 10
1761593514926 0.4026149809360504 11
1761593515195 0.40802523493766785 12
1761593515410 0.40892696380615234 13
1761593515676 0.4075743854045868 14
1761593515894 0.4039675295352936 15
1761593516136 0.40982866287231445 16
1761593516351 0.4138863980770111 17
1761593516584 0.41253381967544556 18
1761593516840 0.41163209080696106 19
1761593517089 0.41433724761009216 20
1761593517301 0.41253381967544556 21
1761593517525 0.3999098241329193 22
1761593517739 0.4093778133392334 23
1761593517952 0.41253381967544556 24
1761593518171 0.40982866287231445 25
1761593518394 0.40982866287231445 26
1761593518616 0.41433724761009216 27
1761593518854 0.41253381967544556 28
1761593519070 0.4129846692085266 29
1761593519290 0.41343551874160767 30
1761593519504 0.4129846692085266 31
1761593519733 0.4170423746109009 32
1761593519966 0.4129846692085266 33
1761593520192 0.4188458025455475 34
1761593520427 0.40802523493766785 35
1761593520644 0.41343551874160767 36
1761593520859 0.4260595142841339 37
1761593521065 0.4120829701423645 38
1761593521274 0.42470693588256836 39
1761593521481 0.4337240755558014 40
1761593521689 0.43327322602272034 41
1761593521912 0.4283137917518616 42
1761593522132 0.4233543872833252 43
1761593522347 0.4400360584259033 44
1761593522565 0.4337240755558014 45
1761593522792 0.4364292025566101 46
1761593523106 0.43417492508888245 47
1761593523340 0.4319206476211548 48
1761593523555 0.43056806921958923 49
1761593523774 0.4278629422187805 50
1761593523995 0.43688008189201355 51
1761593524215 0.4382326304912567 52
1761593524436 0.42651036381721497 53
1761593524650 0.43417492508888245 54
1761593524866 0.4287646412849426 55
1761593525087 0.4382326304912567 56
1761593525311 0.43507665395736694 57
1761593525533 0.451307475566864 58
1761593525754 0.43146979808807373 59
1761593525975 0.4427412152290344 60
1761593526194 0.4337240755558014 61
1761593526411 0.426961213350296 62
1761593526638 0.44544634222984314 63
1761593526857 0.43327322602272034 64
1761593527071 0.4346257746219635 65
1761593527294 0.44724977016448975 66
1761593527510 0.435527503490448 67
1761593527722 0.43056806921958923 68
1761593527939 0.43688008189201355 69
1761593528158 0.43146979808807373 70
1761593528374 0.43778178095817566 71
1761593528594 0.4467989206314087 72
1761593528805 0.44634807109832764 73
1761593529013 0.44815149903297424 74
1761593529245 0.4477006196975708 75
1761593529471 0.4486023485660553 76
1761593529692 0.4427412152290344 77
1761593529906 0.4477006196975708 78
1761593530119 0.4427412152290344 79
1761593530346 0.4382326304912567 80
1761593530560 0.4391343593597412 81
1761593530785 0.4477006196975708 82
1761593531003 0.44724977016448975 83
1761593531221 0.44454464316368103 84
1761593531440 0.44815149903297424 85
1761593531648 0.44454464316368103 86
1761593531864 0.4522092044353485 87
1761593532083 0.4495040476322174 88
1761593532304 0.4540126323699951 89
1761593532522 0.44454464316368103 90
1761593532738 0.45761948823928833 91
1761593532953 0.4535617530345917 92
1761593533170 0.44815149903297424 93
1761593533383 0.45175835490226746 94
1761593533600 0.44229036569595337 95
1761593533817 0.45671775937080383 96
1761593534071 0.45175835490226746 97
1761593534284 0.4616771936416626 98
1761593534502 0.45671775937080383 99
1761593512422 0.38728582859039307 0
