1761514831515 0.5020279288291931 0
1761514832527 0.5308697819709778 1
1761514833506 0.5488958954811096 2
1761514834393 0.5799909830093384 3
1761514835311 0.6029742956161499 4
1761514836205 0.6255069971084595 5
1761514837100 0.6264082789421082 6
1761514837997 0.6367733478546143 7
1761514838929 0.6421811580657959 8
1761514839817 0.643983781337738 9
1761514840734 0.6507436037063599 10
1761514841645 0.679134726524353 11
1761514842555 0.6804866790771484 12
1761514843457 0.6885984539985657 13
1761514844423 0.6881478428840637 14
1761514845463 0.7129337787628174 15
1761514846385 0.7354664206504822 16
1761514847236 0.738170325756073 17
1761514848065 0.7431275248527527 18
1761514848921 0.7566471099853516 19
1761514849846 0.7715187072753906 20
1761514850770 0.7845876812934875 21
1761514851645 0.7890942096710205 22
1761514852533 0.7886435389518738 23
1761514853425 0.7917981147766113 24
1761514854339 0.8147814273834229 25
1761514855256 0.8129788041114807 26
1761514856166 0.8224425315856934 27
1761514857079 0.8328076004981995 28
1761514858007 0.8287516832351685 29
1761514858850 0.8400180339813232 30
1761514859688 0.8553402423858643 31
1761514860537 0.8481298089027405 32
1761514861515 0.8562415242195129 33
1761514862378 0.8445245623588562 34
1761514863254 0.8688598275184631 35
1761514864159 0.8580441474914551 36
1761514865143 0.8652546405792236 37
1761514866123 0.8724650740623474 38
1761514867088 0.8805768489837646 39
1761514868035 0.8778729438781738 40
1761514869005 0.8729157447814941 41
1761514869952 0.8891392350196838 42
1761514870814 0.8886886239051819 43
1761514871693 0.906264066696167 44
1761514872611 0.8977016806602478 45
1761514873477 0.894997775554657 46
1761514874342 0.8945471048355103 47
1761514875253 0.9049121141433716 48
1761514876179 0.9107705950737 49
1761514831515 0.5020279288291931 0
