1761514831515 0.875817596912384 0
1761514832527 0.8603259921073914 1
1761514833506 0.8522802591323853 2
1761514834393 0.8225980401039124 3
1761514835311 0.8063221573829651 4
1761514836205 0.7968710064888 5
1761514837100 0.7814969420433044 6
1761514837997 0.767025351524353 7
1761514838929 0.7546745538711548 8
1761514839817 0.7409775853157043 9
1761514840734 0.7376897931098938 10
1761514841645 0.7135360240936279 11
1761514842555 0.6953178644180298 12
1761514843457 0.6910504102706909 13
1761514844423 0.6769455075263977 14
1761514845463 0.6576972603797913 15
1761514846385 0.6319940686225891 16
1761514847236 0.6147640347480774 17
1761514848065 0.6078694462776184 18
1761514848921 0.5744653940200806 19
1761514849846 0.5480658411979675 20
1761514850770 0.5283498764038086 21
1761514851645 0.515496015548706 22
1761514852533 0.5047529339790344 23
1761514853425 0.5004084706306458 24
1761514854339 0.46255946159362793 25
1761514855256 0.45961183309555054 26
1761514856166 0.4463995397090912 27
1761514857079 0.4191264510154724 28
1761514858007 0.4207629859447479 29
1761514858850 0.3954741954803467 30
1761514859688 0.3719998598098755 31
1761514860537 0.37542369961738586 32
1761514861515 0.3681374788284302 33
1761514862378 0.37861767411231995 34
1761514863254 0.332146555185318 35
1761514864159 0.343204140663147 36
1761514865143 0.33108842372894287 37
1761514866123 0.3116152286529541 38
1761514867088 0.2950051724910736 39
1761514868035 0.2995308041572571 40
1761514869005 0.3154180645942688 41
1761514869952 0.27592799067497253 42
1761514870814 0.27613434195518494 43
1761514871693 0.23979975283145905 44
1761514872611 0.2563004791736603 45
1761514873477 0.24778367578983307 46
1761514874342 0.2618505656719208 47
1761514875253 0.23641085624694824 48
1761514876179 0.2341218888759613 49
1761514831515 0.875817596912384 0
