1761529605269 0.8427611589431763 0
1761529605626 0.7938328981399536 1
1761529606213 0.7824327945709229 2
1761529606601 0.7719464302062988 3
1761529607017 0.7669245600700378 4
1761529607421 0.7550942301750183 5
1761529607785 0.7480099201202393 6
1761529608310 0.7427986264228821 7
1761529608729 0.7399777770042419 8
1761529609021 0.7261923551559448 9
1761529609417 0.7215641736984253 10
1761529609672 0.7155558466911316 11
1761529609918 0.7118579149246216 12
1761529610200 0.7043090462684631 13
1761529610568 0.6994678974151611 14
1761529610889 0.6919410228729248 15
1761529611277 0.68625408411026 16
1761529611746 0.6820328831672668 17
1761529612130 0.6754308342933655 18
1761529612392 0.678376317024231 19
1761529612741 0.6609479784965515 20
1761529613319 0.6595321893692017 21
1761529613818 0.649445116519928 22
1761529614282 0.654998242855072 23
1761529614636 0.6545020341873169 24
1761529614992 0.638961136341095 25
1761529615400 0.6322194933891296 26
1761529615790 0.6362699866294861 27
1761529616132 0.6265429854393005 28
1761529616530 0.6206786036491394 29
1761529616900 0.6127567887306213 30
1761529617292 0.6080310940742493 31
1761529617618 0.6084169745445251 32
1761529617986 0.6016077399253845 33
1761529618328 0.5963044166564941 34
1761529618726 0.600852906703949 35
1761529619042 0.5926508903503418 36
1761529619379 0.5822122097015381 37
1761529619732 0.5832018852233887 38
1761529620069 0.5768759846687317 39
1761529620399 0.5713275671005249 40
1761529620750 0.5681806802749634 41
1761529621093 0.5615209937095642 42
1761529621422 0.5549423694610596 43
1761529621747 0.559739351272583 44
1761529622063 0.5533750057220459 45
1761529622380 0.5491035580635071 46
1761529622730 0.544173538684845 47
1761529623077 0.5399389266967773 48
1761529623431 0.5403756499290466 49
1761529605269 0.8427611589431763 0
