1761517242457 0.4993240237236023 0
1761517242754 0.5425867438316345 1
1761517242982 0.5457413196563721 2
1761517243284 0.5340243577957153 3
1761517243555 0.5367282629013062 4
1761517243790 0.5479946136474609 5
1761517244002 0.5416854619979858 6
1761517244210 0.5371789336204529 7
1761517244410 0.5358269214630127 8
1761517244622 0.5439386963844299 9
1761517244832 0.5376295447349548 10
1761517245044 0.5367282629013062 11
1761517245252 0.5443893671035767 12
1761517245528 0.5407841205596924 13
1761517245745 0.5344749689102173 14
1761517245955 0.543488085269928 15
1761517246163 0.5412347912788391 16
1761517246419 0.5344749689102173 17
1761517246628 0.5344749689102173 18
1761517246845 0.5398828387260437 19
1761517247056 0.5398828387260437 20
1761517247265 0.5470932722091675 21
1761517247475 0.5403335094451904 22
1761517247685 0.5407841205596924 23
1761517247896 0.5425867438316345 24
1761517248107 0.5340243577957153 25
1761517248315 0.5358269214630127 26
1761517248524 0.5385308861732483 27
1761517248734 0.5313203930854797 28
1761517248947 0.5443893671035767 29
1761517249155 0.5344749689102173 30
1761517249429 0.5335736870765686 31
1761517249642 0.5335736870765686 32
1761517249854 0.5443893671035767 33
1761517250077 0.5421360731124878 34
1761517250298 0.5425867438316345 35
1761517250513 0.5416854619979858 36
1761517250722 0.5520504713058472 37
1761517250932 0.5403335094451904 38
1761517251141 0.5470932722091675 39
1761517251395 0.5371789336204529 40
1761517251613 0.5452906489372253 41
1761517251821 0.5484452247619629 42
1761517252036 0.5344749689102173 43
1761517252241 0.5398828387260437 44
1761517252444 0.5416854619979858 45
1761517252648 0.5344749689102173 46
1761517252854 0.5326723456382751 47
1761517253064 0.534925639629364 48
1761517253263 0.539432168006897 49
1761517242457 0.4993240237236023 0
