1761517242457 0.9012243747711182 0
1761517242754 0.8768054842948914 1
1761517242982 0.8736007809638977 2
1761517243284 0.8746129870414734 3
1761517243555 0.8721257448196411 4
1761517243790 0.8728532791137695 5
1761517244002 0.8740860223770142 6
1761517244210 0.8705697059631348 7
1761517244410 0.8720179200172424 8
1761517244622 0.8715289831161499 9
1761517244832 0.8710469603538513 10
1761517245044 0.8708685040473938 11
1761517245252 0.8716965913772583 12
1761517245528 0.8732829689979553 13
1761517245745 0.8718101382255554 14
1761517245955 0.8683485984802246 15
1761517246163 0.8689797520637512 16
1761517246419 0.8730127811431885 17
1761517246628 0.8700144290924072 18
1761517246845 0.8679380416870117 19
1761517247056 0.8688983917236328 20
1761517247265 0.869175136089325 21
1761517247475 0.8680487871170044 22
1761517247685 0.8668009638786316 23
1761517247896 0.867274820804596 24
1761517248107 0.8706929087638855 25
1761517248315 0.8663818836212158 26
1761517248524 0.8672425746917725 27
1761517248734 0.8711215853691101 28
1761517248947 0.8651155233383179 29
1761517249155 0.8690179586410522 30
1761517249429 0.8692516088485718 31
1761517249642 0.8677271604537964 32
1761517249854 0.8654372692108154 33
1761517250077 0.8648109436035156 34
1761517250298 0.8673262000083923 35
1761517250513 0.8624300360679626 36
1761517250722 0.8632652163505554 37
1761517250932 0.8655913472175598 38
1761517251141 0.8624081611633301 39
1761517251395 0.8652130961418152 40
1761517251613 0.8629322648048401 41
1761517251821 0.8611694574356079 42
1761517252036 0.8611847758293152 43
1761517252241 0.8644396662712097 44
1761517252444 0.8603842854499817 45
1761517252648 0.8629429936408997 46
1761517252854 0.8618017435073853 47
1761517253064 0.8602882623672485 48
1761517253263 0.859270453453064 49
1761517242457 0.9012243747711182 0
