1761590734882 0.4129846692085266 0
1761590735188 0.459873765707016 1
1761590735417 0.4693417549133301 2
1761590735633 0.4783588945865631 3
1761590735845 0.4801623225212097 4
1761590736068 0.4810640215873718 5
1761590736294 0.49594229459762573 6
1761590736520 0.4945897161960602 7
1761590736739 0.49774572253227234 8
1761590736950 0.49864742159843445 9
1761590737210 0.5103697180747986 10
1761590737427 0.5058611631393433 11
1761590737651 0.50225430727005 12
1761590737865 0.5184851288795471 13
1761590738075 0.5184851288795471 14
1761590738291 0.5198376774787903 15
1761590738502 0.5297565460205078 16
1761590738725 0.5261496901512146 17
1761590738951 0.5338142514228821 18
1761590739184 0.531559944152832 19
1761590739411 0.5243462324142456 20
1761590739634 0.5446348190307617 21
1761590739895 0.5387736558914185 22
1761590740137 0.5410279631614685 23
1761590740406 0.548692524433136 24
1761590740665 0.5450856685638428 25
1761590740891 0.5671776533126831 26
1761590741122 0.5559062361717224 27
1761590741369 0.562218189239502 28
1761590741605 0.566726803779602 29
1761590741836 0.5698827505111694 30
1761590742090 0.5671776533126831 31
1761590742330 0.5752930641174316 32
1761590742561 0.5761947631835938 33
1761590742775 0.5811541676521301 34
1761590743002 0.580252468585968 35
1761590743220 0.5825067758560181 36
1761590743493 0.5892696380615234 37
1761590743717 0.596032440662384 38
1761590743923 0.6023444533348083 39
1761590744144 0.5951307415962219 40
1761590744353 0.6077547073364258 41
1761590744571 0.6027953028678894 42
1761590744795 0.6077547073364258 43
1761590745006 0.6167718768119812 44
1761590745232 0.6041478514671326 45
1761590745449 0.6194770336151123 46
1761590745664 0.6073038578033447 47
1761590745885 0.6293958425521851 48
1761590746104 0.6158701777458191 49
1761590746330 0.6298466920852661 50
1761590746545 0.6235347390174866 51
1761590746764 0.6208295822143555 52
1761590746985 0.6253381371498108 53
1761590747203 0.6348061561584473 54
1761590747413 0.6293958425521851 55
1761590747628 0.6343552470207214 56
1761590747851 0.6321009993553162 57
1761590748064 0.6253381371498108 58
1761590748282 0.6411181092262268 59
1761590748496 0.6496844291687012 60
1761590748730 0.6375112533569336 61
1761590748959 0.6514878273010254 62
1761590749170 0.644274115562439 63
1761590749385 0.6424707174301147 64
1761590749618 0.6510369777679443 65
1761590749842 0.6451758146286011 66
1761590750058 0.6541929841041565 67
1761590750269 0.6591523885726929 68
1761590750491 0.6496844291687012 69
1761590750715 0.6582506895065308 70
1761590750936 0.6568980813026428 71
1761590751205 0.6528403759002686 72
1761590751437 0.6541929841041565 73
1761590751664 0.6668169498443604 74
1761590751875 0.6677186489105225 75
1761590752084 0.6582506895065308 76
1761590752299 0.6632100939750671 77
1761590752532 0.6690712571144104 78
1761590752768 0.6496844291687012 79
1761590752984 0.6699729561805725 80
1761590753207 0.6681694984436035 81
1761590753429 0.6659152507781982 82
1761590753652 0.6812443733215332 83
1761590753869 0.6668169498443604 84
1761590754088 0.6771866679191589 85
1761590754306 0.6726781129837036 86
1761590754529 0.6668169498443604 87
1761590754747 0.6785392165184021 88
1761590754961 0.678088366985321 89
1761590755186 0.6803426742553711 90
1761590755402 0.6866546273231506 91
1761590755628 0.6740306615829468 92
1761590755845 0.6857529282569885 93
1761590756062 0.6898106336593628 94
1761590756282 0.6893597841262817 95
1761590756512 0.6880072355270386 96
1761590756746 0.6907123327255249 97
1761590757042 0.6938683390617371 98
1761590757265 0.6807935237884521 99
1761590734882 0.4129846692085266 0
