1761590734882 1.0775396823883057 0
1761590735188 1.0406925678253174 1
1761590735417 1.0333620309829712 2
1761590735633 1.027566909790039 3
1761590735845 1.0226008892059326 4
1761590736068 1.0191136598587036 5
1761590736294 1.0132367610931396 6
1761590736520 1.009006142616272 7
1761590736739 1.0068359375 8
1761590736950 1.0013176202774048 9
1761590737210 1.0003321170806885 10
1761590737427 0.9979561567306519 11
1761590737651 0.9894974231719971 12
1761590737865 0.9874238967895508 13
1761590738075 0.9830608367919922 14
1761590738291 0.9748423099517822 15
1761590738502 0.9677395224571228 16
1761590738725 0.966961681842804 17
1761590738951 0.96417635679245 18
1761590739184 0.958829402923584 19
1761590739411 0.9567316174507141 20
1761590739634 0.9467339515686035 21
1761590739895 0.9428825378417969 22
1761590740137 0.9411203861236572 23
1761590740406 0.9370487928390503 24
1761590740665 0.9319990277290344 25
1761590740891 0.9224753975868225 26
1761590741122 0.9233823418617249 27
1761590741369 0.9181705117225647 28
1761590741605 0.9176380634307861 29
1761590741836 0.9062351584434509 30
1761590742090 0.9028753042221069 31
1761590742330 0.9007634520530701 32
1761590742561 0.8995216488838196 33
1761590742775 0.8887652158737183 34
1761590743002 0.8827459812164307 35
1761590743220 0.884078323841095 36
1761590743493 0.878673255443573 37
1761590743717 0.8746715188026428 38
1761590743923 0.8708934187889099 39
1761590744144 0.8671184778213501 40
1761590744353 0.8631567358970642 41
1761590744571 0.857035756111145 42
1761590744795 0.8505604267120361 43
1761590745006 0.8469086289405823 44
1761590745232 0.8490163683891296 45
1761590745449 0.8446738719940186 46
1761590745664 0.8387642502784729 47
1761590745885 0.834999144077301 48
1761590746104 0.8322672247886658 49
1761590746330 0.8285303711891174 50
1761590746545 0.8275832533836365 51
1761590746764 0.8215916752815247 52
1761590746985 0.8191083073616028 53
1761590747203 0.8115694522857666 54
1761590747413 0.8214083909988403 55
1761590747628 0.8072298169136047 56
1761590747851 0.8095394372940063 57
1761590748064 0.8056514263153076 58
1761590748282 0.7975031733512878 59
1761590748496 0.7935866117477417 60
1761590748730 0.7978764772415161 61
1761590748959 0.7885605692863464 62
1761590749170 0.7883888483047485 63
1761590749385 0.7878766655921936 64
1761590749618 0.7841157913208008 65
1761590749842 0.7806316614151001 66
1761590750058 0.7806152701377869 67
1761590750269 0.7721283435821533 68
1761590750491 0.7716909646987915 69
1761590750715 0.7634522318840027 70
1761590750936 0.7693986892700195 71
1761590751205 0.7680546641349792 72
1761590751437 0.7724080085754395 73
1761590751664 0.7514628767967224 74
1761590751875 0.7550023794174194 75
1761590752084 0.753899097442627 76
1761590752299 0.7483693361282349 77
1761590752532 0.7521273493766785 78
1761590752768 0.7637056708335876 79
1761590752984 0.7420498728752136 80
1761590753207 0.7416512966156006 81
1761590753429 0.7457419633865356 82
1761590753652 0.7408199310302734 83
1761590753869 0.7484101057052612 84
1761590754088 0.732160747051239 85
1761590754306 0.7293041944503784 86
1761590754529 0.7495445609092712 87
1761590754747 0.7333077788352966 88
1761590754961 0.7240107655525208 89
1761590755186 0.7274405360221863 90
1761590755402 0.7209944725036621 91
1761590755628 0.7290695309638977 92
1761590755845 0.7184286713600159 93
1761590756062 0.7185001969337463 94
1761590756282 0.7116838097572327 95
1761590756512 0.711212158203125 96
1761590756746 0.7143081426620483 97
1761590757042 0.7042684555053711 98
1761590757265 0.7083171010017395 99
1761590734882 1.0775396823883057 0
