1761496782520 0.4186570644378662 0
1761496784636 0.4371338486671448 1
1761496786837 0.44930148124694824 2
1761496788830 0.4781433045864105 3
1761496790878 0.4952681362628937 4
1761496793020 0.519603431224823 5
1761496795159 0.5272645354270935 6
1761496797189 0.5416854619979858 7
1761496799279 0.5556557178497314 8
1761496801240 0.57413250207901 9
1761496803257 0.5781883597373962 10
1761496805151 0.6007210612297058 11
1761496807046 0.5921586155891418 12
1761496809029 0.6191978454589844 13
1761496811196 0.624605655670166 14
1761496813258 0.6376746296882629 15
1761496815313 0.6538981795310974 16
1761496817385 0.6800360679626465 17
1761496819271 0.6453357338905334 18
1761496821070 0.6759801506996155 19
1761496822925 0.6854438781738281 20
1761496824190 0.69220370054245 21
1761496825732 0.6998648047447205 22
1761496827027 0.7169896364212036 23
1761496828718 0.7169896364212036 24
1761496830778 0.7525912523269653 25
1761496832523 0.7395222783088684 26
1761496834383 0.7507886290550232 27
1761496835734 0.7507886290550232 28
1761496837302 0.7607030272483826 29
1761496839488 0.7679134607315063 30
1761496841431 0.7832356691360474 31
1761496843651 0.7787291407585144 32
1761496845729 0.8039657473564148 33
1761496848619 0.7904461622238159 34
1761496850573 0.7981072664260864 35
1761496852488 0.816584050655365 36
1761496854439 0.8305543065071106 37
1761496856364 0.8143307566642761 38
1761496858377 0.816584050655365 39
1761496860338 0.8287516832351685 40
1761496862665 0.8476791381835938 41
1761496864941 0.8476791381835938 42
1761496866899 0.8490310907363892 43
1761496868945 0.8391166925430298 44
1761496871131 0.8503830432891846 45
1761496873204 0.8575935363769531 46
1761496875387 0.8738170266151428 47
1761496877536 0.8580441474914551 48
1761496879454 0.866606593132019 49
1761496782520 0.4186570644378662 0
