1761496782520 1.0820097923278809 0
1761496784636 1.0578628778457642 1
1761496786837 1.0507259368896484 2
1761496788830 1.0391674041748047 3
1761496790878 1.0180145502090454 4
1761496793020 0.9991337060928345 5
1761496795159 0.9833090901374817 6
1761496797189 0.9619581699371338 7
1761496799279 0.9609891176223755 8
1761496801240 0.9384512305259705 9
1761496803257 0.922989547252655 10
1761496805151 0.8938876986503601 11
1761496807046 0.8820933699607849 12
1761496809029 0.8589093685150146 13
1761496811196 0.8284103870391846 14
1761496813258 0.8243963718414307 15
1761496815313 0.7994182109832764 16
1761496817385 0.7612385153770447 17
1761496819271 0.7929104566574097 18
1761496821070 0.7508352398872375 19
1761496822925 0.7251965403556824 20
1761496824190 0.7173011302947998 21
1761496825732 0.7107797861099243 22
1761496827027 0.6619229912757874 23
1761496828718 0.6566568613052368 24
1761496830778 0.5991034507751465 25
1761496832523 0.6250731945037842 26
1761496834383 0.5910394787788391 27
1761496835734 0.5887821912765503 28
1761496837302 0.567211389541626 29
1761496839488 0.544287383556366 30
1761496841431 0.5269642472267151 31
1761496843651 0.5338345170021057 32
1761496845729 0.495120644569397 33
1761496848619 0.493270605802536 34
1761496850573 0.48913106322288513 35
1761496852488 0.44396093487739563 36
1761496854439 0.42901766300201416 37
1761496856364 0.43458691239356995 38
1761496858377 0.4256197512149811 39
1761496860338 0.41443875432014465 40
1761496862665 0.3807074725627899 41
1761496864941 0.3910122811794281 42
1761496866899 0.35791710019111633 43
1761496868945 0.37525200843811035 44
1761496871131 0.3590165376663208 45
1761496873204 0.3369663953781128 46
1761496875387 0.30872178077697754 47
1761496877536 0.33067697286605835 48
1761496879454 0.2958941161632538 49
1761496782520 1.0820097923278809 0
