1761465103040 0.38846325874328613 0
1761465103368 0.42406490445137024 1
1761465103612 0.4321766495704651 2
1761465103929 0.4371338486671448 3
1761465104174 0.4299233853816986 4
1761465104434 0.4348805844783783 5
1761465104647 0.4402884244918823 6
1761465104863 0.4263181686401367 7
1761465105088 0.4420910179615021 8
1761465105311 0.43938711285591125 9
1761465105532 0.4249661862850189 10
1761465105755 0.4362325370311737 11
1761465105981 0.44299232959747314 12
1761465106204 0.4474988877773285 13
1761465106424 0.4515547454357147 14
1761465106647 0.44434431195259094 15
1761465106872 0.4452455937862396 16
1761465107092 0.4236142337322235 17
1761465107318 0.44794952869415283 18
1761465107542 0.44794952869415283 19
1761465107762 0.43803516030311584 20
1761465107985 0.4574132561683655 21
1761465108211 0.465074360370636 22
1761465108431 0.4402884244918823 23
1761465108654 0.45470932126045227 24
1761465108873 0.44794952869415283 25
1761465109097 0.4587652087211609 26
1761465109321 0.45065343379974365 27
1761465109541 0.46191978454589844 28
1761465109766 0.45200541615486145 29
1761465109984 0.45200541615486145 30
1761465110206 0.44975215196609497 31
1761465110429 0.4524560570716858 32
1761465110647 0.4438936412334442 33
1761465110862 0.45470932126045227 34
1761465111085 0.4637224078178406 35
1761465111309 0.4511041045188904 36
1761465111524 0.4587652087211609 37
1761465111744 0.45696258544921875 38
1761465111966 0.45470932126045227 39
1761465112192 0.460567831993103 40
1761465112410 0.4574132561683655 41
1761465112623 0.4641730487346649 42
1761465112849 0.4524560570716858 43
1761465113071 0.4664263129234314 44
1761465113296 0.4700315594673157 45
1761465113520 0.4502027928829193 46
1761465113744 0.4601171612739563 47
1761465113970 0.4574132561683655 48
1761465114194 0.4565119445323944 49
1761465103040 0.38846325874328613 0
