1761611955056 0.46032461524009705 0
1761611955641 0.47249773144721985 1
1761611956193 0.475653737783432 2
1761611956773 0.4815148711204529 3
1761611957333 0.46753832697868347 4
1761611957873 0.491433709859848 5
1761611958438 0.4824165999889374 6
1761611958958 0.484220027923584 7
1761611959485 0.491433709859848 8
1761611960003 0.491433709859848 9
1761611960571 0.4729486107826233 10
1761611961128 0.491433709859848 11
1761611961660 0.47880974411964417 12
1761611962193 0.48286744952201843 13
1761611962754 0.4887285828590393 14
1761611963309 0.4927862882614136 15
1761611963857 0.4981965720653534 16
1761611964356 0.47339946031570435 17
1761611964881 0.48376914858818054 18
1761611965406 0.4927862882614136 19
1761611965918 0.49008116126060486 20
1761611966451 0.49323713779449463 21
1761611966985 0.5 22
1761611967531 0.5094679594039917 23
1761611968063 0.4981965720653534 24
1761611968612 0.5009016990661621 25
1761611969142 0.5013525485992432 26
1761611969679 0.5072137117385864 27
1761611970186 0.49864742159843445 28
1761611970714 0.5018033981323242 29
1761611971225 0.5054102540016174 30
1761611971752 0.5094679594039917 31
1761611972272 0.5126239657402039 32
1761611972857 0.50225430727005 33
1761611973425 0.5049594044685364 34
1761611973937 0.5121731162071228 35
1761611974466 0.5225428342819214 36
1761611975009 0.5261496901512146 37
1761611975601 0.5243462324142456 38
1761611976128 0.5338142514228821 39
1761611976702 0.5441839694976807 40
1761611977193 0.5396753549575806 41
1761611977707 0.5324617028236389 42
1761611978256 0.5423805117607117 43
1761611978813 0.546889066696167 44
1761611979428 0.5383228063583374 45
1761611979989 0.5464382171630859 46
1761611980543 0.5595130920410156 47
1761611981139 0.5541027784347534 48
1761611981694 0.5608656406402588 49
1761611955056 0.46032461524009705 0
