1761611955056 1.0202629566192627 0
1761611955641 1.001670241355896 1
1761611956193 0.9954864978790283 2
1761611956773 0.9992478489875793 3
1761611957333 1.001532793045044 4
1761611957873 0.996929407119751 5
1761611958438 0.9965354800224304 6
1761611958958 0.9954535961151123 7
1761611959485 0.9941346645355225 8
1761611960003 0.9927104711532593 9
1761611960571 0.9944704174995422 10
1761611961128 0.9895209074020386 11
1761611961660 0.9947612285614014 12
1761611962193 0.9919025301933289 13
1761611962754 0.99028080701828 14
1761611963309 0.9889845848083496 15
1761611963857 0.9892492294311523 16
1761611964356 0.9880997538566589 17
1761611964881 0.9860638380050659 18
1761611965406 0.9835419654846191 19
1761611965918 0.9804276823997498 20
1761611966451 0.9799226522445679 21
1761611966985 0.9781052470207214 22
1761611967531 0.9777337908744812 23
1761611968063 0.9769608378410339 24
1761611968612 0.9754599928855896 25
1761611969142 0.9751626253128052 26
1761611969679 0.971179723739624 27
1761611970186 0.9750674962997437 28
1761611970714 0.9718451499938965 29
1761611971225 0.9688554406166077 30
1761611971752 0.9664762616157532 31
1761611972272 0.9687989950180054 32
1761611972857 0.96784508228302 33
1761611973425 0.9663524031639099 34
1761611973937 0.9620509743690491 35
1761611974466 0.9672682881355286 36
1761611975009 0.9563135504722595 37
1761611975601 0.956143856048584 38
1761611976128 0.951544463634491 39
1761611976702 0.9460259675979614 40
1761611977193 0.9498146772384644 41
1761611977707 0.948960542678833 42
1761611978256 0.943269670009613 43
1761611978813 0.9359827637672424 44
1761611979428 0.9391599893569946 45
1761611979989 0.9323313236236572 46
1761611980543 0.9322922825813293 47
1761611981139 0.9268315434455872 48
1761611981694 0.9291751980781555 49
1761611955056 1.0202629566192627 0
