1761527514488 0.559260904788971 0
1761527514918 0.5705272555351257 1
1761527515316 0.5908066630363464 2
1761527515715 0.5885534286499023 3
1761527516109 0.6029742956161499 4
1761527516495 0.609283447265625 5
1761527516889 0.6124380230903625 6
1761527517302 0.6182965040206909 7
1761527517707 0.6376746296882629 8
1761527518090 0.6584047079086304 9
1761527518501 0.6606579422950745 10
1761527518898 0.6714736223220825 11
1761527519276 0.6755295395851135 12
1761527519684 0.6854438781738281 13
1761527520070 0.6962595582008362 14
1761527520439 0.707525908946991 15
1761527520823 0.7120324373245239 16
1761527521498 0.7318611741065979 17
1761527521982 0.7345651388168335 18
1761527522369 0.7332131862640381 19
1761527522783 0.742676854133606 20
1761527523194 0.7570977807044983 21
1761527523675 0.7390716671943665 22
1761527524089 0.7566471099853516 23
1761527524501 0.7607030272483826 24
1761527524992 0.777377188205719 25
1761527525419 0.781883716583252 26
1761527525852 0.7742226123809814 27
1761527526284 0.801261842250824 28
1761527526685 0.7940513491630554 29
1761527527085 0.7990085482597351 30
1761527527486 0.7963046431541443 31
1761527527870 0.7976565957069397 32
1761527528262 0.7981072664260864 33
1761527528643 0.8021631240844727 34
1761527529044 0.797205924987793 35
1761527529441 0.7990085482597351 36
1761527529833 0.8161333799362183 37
1761527530223 0.8233438730239868 38
1761527530613 0.8197386264801025 39
1761527530999 0.8129788041114807 40
1761527531383 0.8233438730239868 41
1761527531787 0.8346101641654968 42
1761527532176 0.8418206572532654 43
1761527532562 0.8382154107093811 44
1761527532957 0.8386660814285278 45
1761527533343 0.8422712683677673 46
1761527533737 0.8503830432891846 47
1761527534144 0.8467778563499451 48
1761527534527 0.8503830432891846 49
1761527514488 0.559260904788971 0
