1761527514488 0.8163316249847412 0
1761527514918 0.7875787615776062 1
1761527515316 0.7868708372116089 2
1761527515715 0.7702442407608032 3
1761527516109 0.7685336470603943 4
1761527516495 0.7664640545845032 5
1761527516889 0.7531381249427795 6
1761527517302 0.7443668842315674 7
1761527517707 0.7301915287971497 8
1761527518090 0.7222768664360046 9
1761527518501 0.7041727304458618 10
1761527518898 0.6920725703239441 11
1761527519276 0.6831102967262268 12
1761527519684 0.6820040345191956 13
1761527520070 0.6587597131729126 14
1761527520439 0.6487275958061218 15
1761527520823 0.6460734009742737 16
1761527521498 0.6181889772415161 17
1761527521982 0.6095459461212158 18
1761527522369 0.6064738631248474 19
1761527522783 0.6081216931343079 20
1761527523194 0.5726540684700012 21
1761527523675 0.5853618383407593 22
1761527524089 0.5656711459159851 23
1761527524501 0.556022047996521 24
1761527524992 0.539993166923523 25
1761527525419 0.5233052968978882 26
1761527525852 0.5377496480941772 27
1761527526284 0.5022751092910767 28
1761527526685 0.49550819396972656 29
1761527527085 0.508730411529541 30
1761527527486 0.4910861849784851 31
1761527527870 0.48917871713638306 32
1761527528262 0.4808276891708374 33
1761527528643 0.4659976065158844 34
1761527529044 0.4622010588645935 35
1761527529441 0.4852806627750397 36
1761527529833 0.445534884929657 37
1761527530223 0.4418317973613739 38
1761527530613 0.4468206465244293 39
1761527530999 0.44281005859375 40
1761527531383 0.42283719778060913 41
1761527531787 0.40856799483299255 42
1761527532176 0.40367263555526733 43
1761527532562 0.4064808189868927 44
1761527532957 0.40603166818618774 45
1761527533343 0.4005032479763031 46
1761527533737 0.3804972767829895 47
1761527534144 0.383232444524765 48
1761527534527 0.3711502254009247 49
1761527514488 0.8163316249847412 0
