1761498443944 0.4425416886806488 0
1761498445242 0.4529067277908325 1
1761498446467 0.46462368965148926 2
1761498447649 0.47724199295043945 3
1761498448767 0.4411897361278534 4
1761498449847 0.4524560570716858 5
1761498451107 0.4655250012874603 6
1761498452212 0.4447949528694153 7
1761498453320 0.45065343379974365 8
1761498454372 0.4565119445323944 9
1761498455479 0.45831456780433655 10
1761498456663 0.455159991979599 11
1761498457792 0.45065343379974365 12
1761498458829 0.4601171612739563 13
1761498459951 0.4623704254627228 14
1761498461140 0.4452455937862396 15
1761498462175 0.4375844895839691 16
1761498463246 0.4601171612739563 17
1761498464449 0.45966652035713196 18
1761498465482 0.44164037704467773 19
1761498466592 0.4474988877773285 20
1761498467749 0.45966652035713196 21
1761498468802 0.45561063289642334 22
1761498470057 0.4637224078178406 23
1761498471178 0.4623704254627228 24
1761498472271 0.4718341529369354 25
1761498473338 0.47859397530555725 26
1761498474451 0.49887335300445557 27
1761498475500 0.5056331753730774 28
1761498476768 0.5020279288291931 29
1761498477998 0.5164488554000854 30
1761498479343 0.5178008079528809 31
1761498480698 0.5132942795753479 32
1761498481952 0.5227580070495605 33
1761498483036 0.5443893671035767 34
1761498484200 0.530419111251831 35
1761498485314 0.5335736870765686 36
1761498486510 0.5407841205596924 37
1761498487571 0.5461919903755188 38
1761498488694 0.5443893671035767 39
1761498489856 0.5430374145507812 40
1761498491011 0.5461919903755188 41
1761498492041 0.554754376411438 42
1761498493281 0.5606129169464111 43
1761498494160 0.5597115755081177 44
1761498495103 0.5601622462272644 45
1761498496331 0.554754376411438 46
1761498497740 0.5610635280609131 47
1761498499174 0.5529517531394958 48
1761498500550 0.5673726797103882 49
1761498443944 0.4425416886806488 0
