1761498443944 0.9628298878669739 0
1761498445242 0.958820641040802 1
1761498446467 0.9583648443222046 2
1761498447649 0.9531185030937195 3
1761498448767 0.9594622254371643 4
1761498449847 0.9615427255630493 5
1761498451107 0.9572864770889282 6
1761498452212 0.9556304216384888 7
1761498453320 0.9545466899871826 8
1761498454372 0.9550266265869141 9
1761498455479 0.9582268595695496 10
1761498456663 0.9566388130187988 11
1761498457792 0.9549573063850403 12
1761498458829 0.9540375471115112 13
1761498459951 0.9537966847419739 14
1761498461140 0.9581701159477234 15
1761498462175 0.9551479816436768 16
1761498463246 0.9579398036003113 17
1761498464449 0.953599750995636 18
1761498465482 0.9566435217857361 19
1761498466592 0.9553982019424438 20
1761498467749 0.9530357718467712 21
1761498468802 0.9550228118896484 22
1761498470057 0.9536522030830383 23
1761498471178 0.9513763785362244 24
1761498472271 0.9506027102470398 25
1761498473338 0.9479362368583679 26
1761498474451 0.9441751837730408 27
1761498475500 0.9447519183158875 28
1761498476768 0.9408148527145386 29
1761498477998 0.9366258978843689 30
1761498479343 0.9354585409164429 31
1761498480698 0.9352019429206848 32
1761498481952 0.9324833750724792 33
1761498483036 0.9255420565605164 34
1761498484200 0.928605854511261 35
1761498485314 0.9248518943786621 36
1761498486510 0.9203937649726868 37
1761498487571 0.9232974648475647 38
1761498488694 0.9211845397949219 39
1761498489856 0.922576367855072 40
1761498491011 0.918857216835022 41
1761498492041 0.9175733327865601 42
1761498493281 0.9156357049942017 43
1761498494160 0.9176782369613647 44
1761498495103 0.9169976115226746 45
1761498496331 0.9131308794021606 46
1761498497740 0.9118020534515381 47
1761498499174 0.9089164137840271 48
1761498500550 0.9069533944129944 49
1761498443944 0.9628298878669739 0
