1761517037756 0.5448400378227234 0
1761517037988 0.5448400378227234 1
1761517038203 0.5461919903755188 2
1761517038419 0.5466426610946655 3
1761517038655 0.543488085269928 4
1761517038867 0.5506985187530518 5
1761517039093 0.5466426610946655 6
1761517039303 0.5520504713058472 7
1761517039522 0.5461919903755188 8
1761517039858 0.5497971773147583 9
1761517040105 0.5493465662002563 10
1761517040328 0.5416854619979858 11
1761517040536 0.5506985187530518 12
1761517040753 0.5466426610946655 13
1761517040965 0.5416854619979858 14
1761517041175 0.5443893671035767 15
1761517041389 0.5416854619979858 16
1761517041603 0.5457413196563721 17
1761517041815 0.5416854619979858 18
1761517042028 0.550247848033905 19
1761517042242 0.5425867438316345 20
1761517042457 0.5457413196563721 21
1761517042669 0.5371789336204529 22
1761517042879 0.5326723456382751 23
1761517043090 0.5448400378227234 24
1761517043299 0.5479946136474609 25
1761517043509 0.5439386963844299 26
1761517043721 0.5452906489372253 27
1761517043931 0.5448400378227234 28
1761517044144 0.5457413196563721 29
1761517044366 0.5443893671035767 30
1761517044605 0.5448400378227234 31
1761517044818 0.5484452247619629 32
1761517045047 0.5470932722091675 33
1761517045273 0.5497971773147583 34
1761517045484 0.5479946136474609 35
1761517045695 0.5506985187530518 36
1761517045904 0.554303765296936 37
1761517046125 0.5484452247619629 38
1761517046342 0.5475439429283142 39
1761517046563 0.5520504713058472 40
1761517046776 0.5484452247619629 41
1761517046986 0.5538530945777893 42
1761517047196 0.550247848033905 43
1761517047409 0.5493465662002563 44
1761517047625 0.5615141987800598 45
1761517047836 0.5601622462272644 46
1761517048046 0.5534024238586426 47
1761517048285 0.550247848033905 48
1761517048498 0.5520504713058472 49
1761517037756 0.5448400378227234 0
