1761515877839 0.8672403693199158 0
1761515878272 0.8415348529815674 1
1761515878722 0.8256571292877197 2
1761515879087 0.8186233639717102 3
1761515879475 0.800251841545105 4
1761515879870 0.7879189252853394 5
1761515880240 0.7853532433509827 6
1761515880599 0.7736955285072327 7
1761515880968 0.7636624574661255 8
1761515881329 0.7590935230255127 9
1761515881708 0.7447850704193115 10
1761515882077 0.7420650124549866 11
1761515882435 0.7291820049285889 12
1761515882817 0.7269400358200073 13
1761515883216 0.7263572812080383 14
1761515883589 0.714144229888916 15
1761515883978 0.7205072641372681 16
1761515884371 0.6911200284957886 17
1761515884746 0.6874053478240967 18
1761515885108 0.6763721704483032 19
1761515885470 0.6776548027992249 20
1761515885837 0.6652178764343262 21
1761515886210 0.6507737636566162 22
1761515886600 0.6465612053871155 23
1761515886980 0.6470497250556946 24
1761515887356 0.6403288245201111 25
1761515887728 0.6228134036064148 26
1761515888108 0.6137201189994812 27
1761515888494 0.6019532084465027 28
1761515888880 0.611655592918396 29
1761515889260 0.5962356925010681 30
1761515889640 0.5732361674308777 31
1761515890029 0.5872043371200562 32
1761515890408 0.5713681578636169 33
1761515890792 0.5534251928329468 34
1761515891163 0.5531231164932251 35
1761515891557 0.5735350847244263 36
1761515891944 0.5454508066177368 37
1761515892322 0.5391718745231628 38
1761515892686 0.5454156398773193 39
1761515893061 0.5416123867034912 40
1761515893445 0.5220398306846619 41
1761515893830 0.5175756216049194 42
1761515894209 0.4920505881309509 43
1761515894608 0.5103473663330078 44
1761515894990 0.5110451579093933 45
1761515895368 0.4924985468387604 46
1761515895732 0.480979859828949 47
1761515896090 0.47604748606681824 48
1761515896460 0.47237327694892883 49
1761515877839 0.8672403693199158 0
