1761609617531 1.0193415880203247 0
1761609617785 0.9984369874000549 1
1761609618013 0.9824251532554626 2
1761609618225 0.97214674949646 3
1761609618455 0.9648461937904358 4
1761609618678 0.9596531987190247 5
1761609618896 0.9461906552314758 6
1761609619116 0.9396820664405823 7
1761609619330 0.9318245649337769 8
1761609619543 0.9195217490196228 9
1761609619766 0.9202215671539307 10
1761609619989 0.9119541645050049 11
1761609620206 0.9024074077606201 12
1761609620423 0.8980625867843628 13
1761609620637 0.8930754065513611 14
1761609620846 0.8814472556114197 15
1761609621097 0.8791796565055847 16
1761609621325 0.8710448145866394 17
1761609621550 0.8674822449684143 18
1761609621768 0.8625999689102173 19
1761609621983 0.8512061834335327 20
1761609622229 0.8515778183937073 21
1761609622450 0.8455970883369446 22
1761609622669 0.8420940041542053 23
1761609622886 0.8343897461891174 24
1761609623114 0.8399302959442139 25
1761609623335 0.8294116854667664 26
1761609623564 0.8188300728797913 27
1761609623808 0.8217166662216187 28
1761609624050 0.8124178051948547 29
1761609624271 0.8080455660820007 30
1761609624494 0.8041108846664429 31
1761609624709 0.8001541495323181 32
1761609624927 0.7961750626564026 33
1761609625158 0.7930797934532166 34
1761609625375 0.7909135818481445 35
1761609625589 0.7830297350883484 36
1761609625799 0.7770664691925049 37
1761609626011 0.7812616229057312 38
1761609626229 0.7726200222969055 39
1761609626444 0.7713475823402405 40
1761609626660 0.7695471048355103 41
1761609626876 0.7629523873329163 42
1761609627093 0.7648425698280334 43
1761609627328 0.753101646900177 44
1761609627546 0.7517625093460083 45
1761609627768 0.7434676885604858 46
1761609627992 0.7409158945083618 47
1761609628214 0.7360076904296875 48
1761609628518 0.7286369800567627 49
1761609617531 1.0193415880203247 0
