1761513616890 0.4907616078853607 0
1761513617114 0.5344749689102173 1
1761513617323 0.5538530945777893 2
1761513617539 0.563316822052002 3
1761513617747 0.5687246322631836 4
1761513617961 0.5727805495262146 5
1761513618160 0.589454710483551 6
1761513618363 0.5948625802993774 7
1761513618573 0.6061288714408875 8
1761513618786 0.6106353998184204 9
1761513619019 0.6282109022140503 10
1761513619220 0.6237043738365173 11
1761513619422 0.6300135254859924 12
1761513619626 0.6358720064163208 13
1761513619828 0.6475890278816223 14
1761513620038 0.6520955562591553 15
1761513620241 0.6579540371894836 16
1761513620448 0.6561514139175415 17
1761513620658 0.6624605655670166 18
1761513621013 0.6696709990501404 19
1761513621292 0.6701216697692871 20
1761513621522 0.6782334446907043 21
1761513621726 0.6818386912345886 22
1761513621963 0.6840919256210327 23
1761513622173 0.687697172164917 24
1761513622379 0.6885984539985657 25
1761513622584 0.6813880205154419 26
1761513622789 0.7012167572975159 27
1761513623038 0.698512852191925 28
1761513623238 0.7106804847717285 29
1761513623459 0.6998648047447205 30
1761513623667 0.7052726745605469 31
1761513623903 0.7133843898773193 32
1761513624128 0.7034700512886047 33
1761513624329 0.7120324373245239 34
1761513624531 0.7156376838684082 35
1761513624737 0.7111311554908752 36
1761513624948 0.718341588973999 37
1761513625155 0.7160883545875549 38
1761513625359 0.718341588973999 39
1761513625564 0.7151870131492615 40
1761513625768 0.722848117351532 41
1761513625980 0.7300586104393005 42
1761513626194 0.7300586104393005 43
1761513626405 0.7354664206504822 44
1761513626635 0.7273546457290649 45
1761513626860 0.7372690439224243 46
1761513627077 0.7350157499313354 47
1761513627282 0.7201442122459412 48
1761513627505 0.7323118448257446 49
1761513616890 0.4907616078853607 0
