1761599648746 0.45671775937080383 0
1761599649001 0.4693417549133301 1
1761599649232 0.4729486107826233 2
1761599649481 0.47339946031570435 3
1761599649794 0.46753832697868347 4
1761599650105 0.47700631618499756 5
1761599650362 0.4774571657180786 6
1761599650575 0.49188458919525146 7
1761599650793 0.4878268837928772 8
1761599651037 0.47790801525115967 9
1761599651259 0.4765554666519165 10
1761599651485 0.4954914450645447 11
1761599651703 0.4954914450645447 12
1761599651924 0.48737600445747375 13
1761599652149 0.4869251549243927 14
1761599652372 0.4990983009338379 15
1761599652591 0.48376914858818054 16
1761599652812 0.4972948729991913 17
1761599653035 0.49368801712989807 18
1761599653255 0.5 19
1761599653472 0.5054102540016174 20
1761599653692 0.48467087745666504 21
1761599653911 0.500450849533081 22
1761599654129 0.5036068558692932 23
1761599654349 0.5126239657402039 24
1761599654570 0.5045085549354553 25
1761599654796 0.5144274234771729 26
1761599655018 0.5094679594039917 27
1761599655238 0.5094679594039917 28
1761599655460 0.5036068558692932 29
1761599655684 0.5148782730102539 30
1761599655904 0.5270513892173767 31
1761599656122 0.5293056964874268 32
1761599656341 0.5270513892173767 33
1761599656559 0.5211902856826782 34
1761599656778 0.5374211072921753 35
1761599656997 0.5338142514228821 36
1761599657219 0.5320107936859131 37
1761599657438 0.5356176495552063 38
1761599657659 0.5369702577590942 39
1761599657880 0.5504959225654602 40
1761599658105 0.5396753549575806 41
1761599658325 0.5500450730323792 42
1761599658546 0.5419296622276306 43
1761599658766 0.5586113333702087 44
1761599658986 0.5527502298355103 45
1761599659210 0.5536519289016724 46
1761599659428 0.5513976812362671 47
1761599659652 0.5730387568473816 48
1761599659874 0.5743913650512695 49
1761599648746 0.45671775937080383 0
