1761603153269 0.7583408355712891 0
1761603153589 0.7587916851043701 1
1761603153855 0.757439136505127 2
1761603154097 0.7601442933082581 3
1761603154358 0.757889986038208 4
1761603154605 0.7610459923744202 5
1761603154888 0.7628493905067444 6
1761603155144 0.7646528482437134 7
1761603155401 0.7651036977767944 8
1761603155657 0.7637511491775513 9
1761603155941 0.7664562463760376 10
1761603156197 0.7718665599822998 11
1761603156544 0.7718665599822998 12
1761603156922 0.7673580050468445 13
1761603157170 0.7723174095153809 14
1761603157425 0.7790802717208862 15
1761603157665 0.7822362780570984 16
1761603157900 0.7885482311248779 17
1761603158124 0.7903516888618469 18
1761603158345 0.7917042374610901 19
1761603158585 0.7957619428634644 20
1761603158805 0.8052299618721008 21
1761603159034 0.8002704977989197 22
1761603159268 0.8020739555358887 23
1761603159487 0.8101893663406372 24
1761603159717 0.8110910654067993 25
1761603159947 0.8178539276123047 26
1761603160173 0.8169522285461426 27
1761603160412 0.8232641816139221 28
1761603160662 0.8322813510894775 29
1761603160924 0.8178539276123047 30
1761603161174 0.8322813510894775 31
1761603161459 0.8340847492218018 32
1761603161709 0.8516681790351868 33
1761603161977 0.838142454624176 34
1761603162235 0.8449053168296814 35
1761603162462 0.8440036177635193 36
1761603162691 0.8503155708312988 37
1761603163019 0.855725884437561 38
1761603163262 0.853922426700592 39
1761603163519 0.8579801917076111 40
1761603163752 0.8602344393730164 41
1761603164010 0.8678990006446838 42
1761603164240 0.8566275835037231 43
1761603164502 0.8642921447753906 44
1761603164749 0.8769161701202393 45
1761603165010 0.8728584051132202 46
1761603165250 0.8778178691864014 47
1761603165478 0.8778178691864014 48
1761603165715 0.8760144114494324 49
1761603153269 0.7583408355712891 0
