1761603153269 0.7305939197540283 0
1761603153589 0.7086191773414612 1
1761603153855 0.6957970261573792 2
1761603154097 0.691866934299469 3
1761603154358 0.6851313710212708 4
1761603154605 0.6796526908874512 5
1761603154888 0.6690741777420044 6
1761603155144 0.657383382320404 7
1761603155401 0.6522901058197021 8
1761603155657 0.6457021832466125 9
1761603155941 0.6400235295295715 10
1761603156197 0.6220550537109375 11
1761603156544 0.6174076199531555 12
1761603156922 0.609451949596405 13
1761603157170 0.5985121130943298 14
1761603157425 0.585254967212677 15
1761603157665 0.5832308530807495 16
1761603157900 0.5696185231208801 17
1761603158124 0.5524857640266418 18
1761603158345 0.5432097911834717 19
1761603158585 0.5337778925895691 20
1761603158805 0.5262014269828796 21
1761603159034 0.5153530836105347 22
1761603159268 0.5046237111091614 23
1761603159487 0.4967429041862488 24
1761603159717 0.4823113679885864 25
1761603159947 0.4764331579208374 26
1761603160173 0.46288028359413147 27
1761603160412 0.4553760290145874 28
1761603160662 0.4335566461086273 29
1761603160924 0.451083779335022 30
1761603161174 0.4288460314273834 31
1761603161459 0.4275360107421875 32
1761603161709 0.4049990475177765 33
1761603161977 0.4148551821708679 34
1761603162235 0.3864787518978119 35
1761603162462 0.3887796998023987 36
1761603162691 0.37853729724884033 37
1761603163019 0.3713105618953705 38
1761603163262 0.37085071206092834 39
1761603163519 0.357562780380249 40
1761603163752 0.342122346162796 41
1761603164010 0.3400976061820984 42
1761603164240 0.3501631021499634 43
1761603164502 0.342009574174881 44
1761603164749 0.31917908787727356 45
1761603165010 0.32233473658561707 46
1761603165250 0.3101346790790558 47
1761603165478 0.3057670295238495 48
1761603165715 0.30080971121788025 49
1761603153269 0.7305939197540283 0
