1761612032541 0.5036068558692932 0
1761612032792 0.531559944152832 1
1761612033040 0.5536519289016724 2
1761612033264 0.5716862082481384 3
1761612033489 0.5739405155181885 4
1761612033712 0.5838593244552612 5
1761612033937 0.6122633218765259 6
1761612034157 0.6185752749443054 7
1761612034383 0.6199278831481934 8
1761612034612 0.631199300289154 9
1761612034847 0.6514878273010254 10
1761612035066 0.6654644012451172 11
1761612035290 0.6510369777679443 12
1761612035514 0.6825969219207764 13
1761612035737 0.6866546273231506 14
1761612035965 0.7015329003334045 15
1761612036191 0.7060414552688599 16
1761612036420 0.7128043174743652 17
1761612036644 0.7060414552688599 18
1761612036867 0.7213705778121948 19
1761612037136 0.7236248850822449 20
1761612037364 0.7285842895507812 21
1761612037582 0.7412083148956299 22
1761612037797 0.7353471517562866 23
1761612038018 0.7389540076255798 24
1761612038253 0.7628493905067444 25
1761612038481 0.7479711174964905 26
1761612038706 0.7601442933082581 27
1761612038924 0.7763751149177551 28
1761612039151 0.7727682590484619 29
1761612039379 0.7790802717208862 30
1761612039603 0.7835888266563416 31
1761612039829 0.775022566318512 32
1761612040054 0.7989179491996765 33
1761612040288 0.7876465320587158 34
1761612040517 0.7944093942642212 35
1761612040797 0.790802538394928 36
1761612041053 0.8025248050689697 37
1761612041308 0.8124436140060425 38
1761612041571 0.807033360004425 39
1761612041803 0.8079350590705872 40
1761612042018 0.8165013790130615 41
1761612042242 0.8155996203422546 42
1761612042473 0.8083859086036682 43
1761612042699 0.8232641816139221 44
1761612042921 0.8178539276123047 45
1761612043146 0.8246167898178101 46
1761612043370 0.8345355987548828 47
1761612043588 0.8250676393508911 48
1761612043812 0.8259693384170532 49
1761612032541 0.5036068558692932 0
