1761465417313 0.39026588201522827 0
1761465417743 0.4173050820827484 1
1761465418195 0.41144660115242004 2
1761465418590 0.4389364719390869 3
1761465419008 0.4362325370311737 4
1761465419416 0.44930148124694824 5
1761465419805 0.4628210961818695 6
1761465420216 0.465074360370636 7
1761465420611 0.46327173709869385 8
1761465421000 0.47318610548973083 9
1761465421397 0.4889589846134186 10
1761465421807 0.4628210961818695 11
1761465422217 0.4889589846134186 12
1761465422631 0.4966200888156891 13
1761465423041 0.4790446162223816 14
1761465423450 0.4966200888156891 15
1761465423860 0.5132942795753479 16
1761465424271 0.5268138647079468 17
1761465424680 0.5322217345237732 18
1761465425076 0.5295178294181824 19
1761465425483 0.5178008079528809 20
1761465425894 0.5407841205596924 21
1761465426283 0.5597115755081177 22
1761465426687 0.5515998005867004 23
1761465427080 0.5407841205596924 24
1761465427474 0.5619648694992065 25
1761465427862 0.570076584815979 26
1761465428256 0.5687246322631836 27
1761465428669 0.5754844546318054 28
1761465429080 0.5781883597373962 29
1761465429488 0.5664713978767395 30
1761465429895 0.5980170965194702 31
1761465430290 0.5962145328521729 32
1761465430681 0.5912573337554932 33
1761465431092 0.5885534286499023 34
1761465431499 0.6034249663352966 35
1761465431907 0.6016223430633545 36
1761465432318 0.613339364528656 37
1761465432730 0.617845892906189 38
1761465433142 0.6210004687309265 39
1761465433545 0.6264082789421082 40
1761465433945 0.6250563263893127 41
1761465434356 0.6390265822410583 42
1761465434765 0.6480396389961243 43
1761465435174 0.6457864046096802 44
1761465435582 0.6557007431983948 45
1761465435983 0.6543487906455994 46
1761465436374 0.657052755355835 47
1761465436784 0.6561514139175415 48
1761465437192 0.6728255748748779 49
1761465417313 0.39026588201522827 0
