1761465417313 1.1029434204101562 0
1761465417743 1.0726313591003418 1
1761465418195 1.0732215642929077 2
1761465418590 1.05941641330719 3
1761465419008 1.04864501953125 4
1761465419416 1.045362114906311 5
1761465419805 1.0356396436691284 6
1761465420216 1.039279580116272 7
1761465420611 1.0281150341033936 8
1761465421000 1.019701361656189 9
1761465421397 1.0107365846633911 10
1761465421807 1.0312906503677368 11
1761465422217 1.01120924949646 12
1761465422631 1.0001463890075684 13
1761465423041 1.0082095861434937 14
1761465423450 0.9968645572662354 15
1761465423860 0.9855543375015259 16
1761465424271 0.9754774570465088 17
1761465424680 0.9718603491783142 18
1761465425076 0.9630268216133118 19
1761465425483 0.9714483022689819 20
1761465425894 0.9516875743865967 21
1761465426283 0.939538300037384 22
1761465426687 0.9429360032081604 23
1761465427080 0.9463279247283936 24
1761465427474 0.9206809997558594 25
1761465427862 0.9081258177757263 26
1761465428256 0.9067832231521606 27
1761465428669 0.8953678011894226 28
1761465429080 0.8987075090408325 29
1761465429488 0.9013834595680237 30
1761465429895 0.8812980651855469 31
1761465430290 0.8690511584281921 32
1761465430681 0.8748568296432495 33
1761465431092 0.8692240118980408 34
1761465431499 0.8526000380516052 35
1761465431907 0.8519618511199951 36
1761465432318 0.8415209650993347 37
1761465432730 0.8289489150047302 38
1761465433142 0.8226370811462402 39
1761465433545 0.8083697557449341 40
1761465433945 0.8073068261146545 41
1761465434356 0.8007662296295166 42
1761465434765 0.7807042598724365 43
1761465435174 0.7781787514686584 44
1761465435582 0.7710428237915039 45
1761465435983 0.7552329301834106 46
1761465436374 0.7608320713043213 47
1761465436784 0.7652212977409363 48
1761465437192 0.7287448048591614 49
1761465417313 1.1029434204101562 0
