1761602273698 0.47700631618499756 0
1761602273948 0.4887285828590393 1
1761602274154 0.5 2
1761602274367 0.515779972076416 3
1761602274594 0.517583429813385 4
1761602274818 0.5238953828811646 5
1761602275042 0.533363401889801 6
1761602275269 0.5270513892173767 7
1761602275484 0.5306582450866699 8
1761602275703 0.5428313612937927 9
1761602275932 0.546889066696167 10
1761602276146 0.5392245054244995 11
1761602276366 0.5590622425079346 12
1761602276591 0.5559062361717224 13
1761602276803 0.5671776533126831 14
1761602277018 0.5734896063804626 15
1761602277237 0.5707845091819763 16
1761602277451 0.5739405155181885 17
1761602277667 0.5775473117828369 18
1761602277885 0.5852118730545044 19
1761602278100 0.5928764939308167 20
1761602278314 0.5874661803245544 21
1761602278530 0.5897204875946045 22
1761602278747 0.6023444533348083 23
1761602278963 0.6073038578033447 24
1761602279182 0.5996392965316772 25
1761602279402 0.613165020942688 26
1761602279657 0.6086564660072327 27
1761602279885 0.6185752749443054 28
1761602280114 0.6212804317474365 29
1761602280333 0.6208295822143555 30
1761602280557 0.6280432939529419 31
1761602280785 0.6226329803466797 32
1761602280992 0.6275924444198608 33
1761602281208 0.6357078552246094 34
1761602281420 0.6330026984214783 35
1761602281643 0.6339043974876404 36
1761602281855 0.6393147110939026 37
1761602282077 0.6397655606269836 38
1761602282291 0.6456266641616821 39
1761602282507 0.646077573299408 40
1761602282719 0.6474301218986511 41
1761602282935 0.6438232660293579 42
1761602283163 0.6541929841041565 43
1761602283381 0.6415689587593079 44
1761602283600 0.6672677993774414 45
1761602283814 0.6568980813026428 46
1761602284031 0.6654644012451172 47
1761602284245 0.6645626425743103 48
1761602284463 0.6731289625167847 49
1761602273698 0.47700631618499756 0
