1761602273698 1.0152055025100708 0
1761602273948 0.9943100214004517 1
1761602274154 0.9885192513465881 2
1761602274367 0.9809757471084595 3
1761602274594 0.9745478630065918 4
1761602274818 0.9713857769966125 5
1761602275042 0.9643635153770447 6
1761602275269 0.9614349007606506 7
1761602275484 0.9601016044616699 8
1761602275703 0.9534652233123779 9
1761602275932 0.9497699737548828 10
1761602276146 0.9427961111068726 11
1761602276366 0.9359292387962341 12
1761602276591 0.9293239116668701 13
1761602276803 0.9284060597419739 14
1761602277018 0.9216589331626892 15
1761602277237 0.9211408495903015 16
1761602277451 0.9145755767822266 17
1761602277667 0.9132363796234131 18
1761602277885 0.9031010866165161 19
1761602278100 0.8983954787254333 20
1761602278314 0.8980682492256165 21
1761602278530 0.8921362161636353 22
1761602278747 0.8849895596504211 23
1761602278963 0.8836196064949036 24
1761602279182 0.8834046125411987 25
1761602279402 0.8733828067779541 26
1761602279657 0.8682442307472229 27
1761602279885 0.8661364316940308 28
1761602280114 0.8601493835449219 29
1761602280333 0.8571300506591797 30
1761602280557 0.8513256907463074 31
1761602280785 0.8554366230964661 32
1761602280992 0.8430246114730835 33
1761602281208 0.8415153622627258 34
1761602281420 0.8365129232406616 35
1761602281643 0.8325377702713013 36
1761602281855 0.8284434676170349 37
1761602282077 0.8230639696121216 38
1761602282291 0.8205717206001282 39
1761602282507 0.8138624429702759 40
1761602282719 0.8115599155426025 41
1761602282935 0.8146287202835083 42
1761602283163 0.8022366762161255 43
1761602283381 0.8118304014205933 44
1761602283600 0.7990711331367493 45
1761602283814 0.7966277599334717 46
1761602284031 0.7966181635856628 47
1761602284245 0.7934375405311584 48
1761602284463 0.7823935747146606 49
1761602273698 1.0152055025100708 0
