1761469555730 0.5015772581100464 0
1761469556062 0.5128436088562012 1
1761469556559 0.5376295447349548 2
1761469557119 0.5416854619979858 3
1761469557719 0.5475439429283142 4
1761469558382 0.5583596229553223 5
1761469559013 0.5624154806137085 6
1761469559582 0.5574583411216736 7
1761469560217 0.5718792080879211 8
1761469560759 0.5705272555351257 9
1761469561291 0.5646687746047974 10
1761469561833 0.5831455588340759 11
1761469562376 0.5813429355621338 12
1761469562933 0.5890040397644043 13
1761469563445 0.5826948881149292 14
1761469563981 0.5917080044746399 15
1761469564538 0.5975664854049683 16
1761469565130 0.5957638621330261 17
1761469565707 0.6061288714408875 18
1761469566270 0.6101847887039185 19
1761469566743 0.6052275896072388 20
1761469567338 0.5980170965194702 21
1761469567889 0.6065795421600342 22
1761469568486 0.6155925989151001 23
1761469569009 0.6169445514678955 24
1761469569336 0.6237043738365173 25
1761469569879 0.6259576678276062 26
1761469570424 0.6372239589691162 27
1761469571040 0.6205497980117798 28
1761469571560 0.628661572933197 29
1761469572083 0.6282109022140503 30
1761469572629 0.6394772529602051 31
1761469573173 0.6340693831443787 32
1761469573773 0.6480396389961243 33
1761469574225 0.6471383571624756 34
1761469574839 0.6471383571624756 35
1761469575345 0.6453357338905334 36
1761469575970 0.6561514139175415 37
1761469576580 0.6516448855400085 38
1761469577125 0.6543487906455994 39
1761469577681 0.6502929329872131 40
1761469578314 0.6520955562591553 41
1761469578886 0.6584047079086304 42
1761469579274 0.6624605655670166 43
1761469579813 0.6656151413917542 44
1761469580351 0.6687697172164917 45
1761469580866 0.6714736223220825 46
1761469581498 0.6741775870323181 47
1761469582121 0.6701216697692871 48
1761469582666 0.6854438781738281 49
1761469555730 0.5015772581100464 0
