1761469555730 0.9391295313835144 0
1761469556062 0.9192621111869812 1
1761469556559 0.9134350419044495 2
1761469557119 0.915198028087616 3
1761469557719 0.9053635001182556 4
1761469558382 0.9010984301567078 5
1761469559013 0.8961436748504639 6
1761469559582 0.8941810131072998 7
1761469560217 0.891272246837616 8
1761469560759 0.888094425201416 9
1761469561291 0.8843883872032166 10
1761469561833 0.8783097863197327 11
1761469562376 0.8802046179771423 12
1761469562933 0.8701518774032593 13
1761469563445 0.873765766620636 14
1761469563981 0.8660646677017212 15
1761469564538 0.8600568175315857 16
1761469565130 0.8590646386146545 17
1761469565707 0.854248583316803 18
1761469566270 0.8515622615814209 19
1761469566743 0.8483862280845642 20
1761469567338 0.8427233099937439 21
1761469567889 0.8421730995178223 22
1761469568486 0.8373210430145264 23
1761469569009 0.8364711403846741 24
1761469569336 0.8324590921401978 25
1761469569879 0.8250560164451599 26
1761469570424 0.8150913119316101 27
1761469571040 0.8150014877319336 28
1761469571560 0.8146809935569763 29
1761469572083 0.8179720044136047 30
1761469572629 0.8075292706489563 31
1761469573173 0.8039500117301941 32
1761469573773 0.797603189945221 33
1761469574225 0.7919672131538391 34
1761469574839 0.7919928431510925 35
1761469575345 0.7892775535583496 36
1761469575970 0.7823023796081543 37
1761469576580 0.7800770998001099 38
1761469577125 0.7771435976028442 39
1761469577681 0.7743005752563477 40
1761469578314 0.7720440030097961 41
1761469578886 0.7667953968048096 42
1761469579274 0.7702623009681702 43
1761469579813 0.7603797316551208 44
1761469580351 0.7595320343971252 45
1761469580866 0.7553521990776062 46
1761469581498 0.7509588003158569 47
1761469582121 0.7495094537734985 48
1761469582666 0.7395287156105042 49
1761469555730 0.9391295313835144 0
