1761611516947 0.5036068558692932 0
1761611517207 0.5378719568252563 1
1761611517472 0.5595130920410156 2
1761611517694 0.5739405155181885 3
1761611517946 0.5829576253890991 4
1761611518166 0.6032461524009705 5
1761611518388 0.6036970019340515 6
1761611518610 0.6226329803466797 7
1761611518832 0.64472496509552 8
1761611519058 0.6555455327033997 9
1761611519280 0.6596032381057739 10
1761611519556 0.6717763543128967 11
1761611519792 0.6844003796577454 12
1761611520013 0.6920649409294128 13
1761611520242 0.6997295022010803 14
1761611520468 0.7024345993995667 15
1761611520698 0.7146077752113342 16
1761611520919 0.7186654806137085 17
1761611521146 0.7222723364830017 18
1761611521367 0.7222723364830017 19
1761611521590 0.7348963022232056 20
1761611521813 0.7353471517562866 21
1761611522037 0.7551848292350769 22
1761611522264 0.755635678768158 23
1761611522486 0.7569882869720459 24
1761611522717 0.7569882869720459 25
1761611522938 0.7673580050468445 26
1761611523163 0.7651036977767944 27
1761611523389 0.7822362780570984 28
1761611523605 0.7817853689193726 29
1761611523816 0.7885482311248779 30
1761611524035 0.7862939834594727 31
1761611524267 0.7804328203201294 32
1761611524489 0.7980162501335144 33
1761611524714 0.8074842095375061 34
1761611524940 0.7966636419296265 35
1761611525165 0.7971144914627075 36
1761611525388 0.8020739555358887 37
1761611525611 0.7998196482658386 38
1761611525838 0.8110910654067993 39
1761611526060 0.8214607834815979 40
1761611526281 0.8192064762115479 41
1761611526498 0.8151487708091736 42
1761611526723 0.8304778933525085 43
1761611526953 0.8178539276123047 44
1761611527181 0.8250676393508911 45
1761611527412 0.8340847492218018 46
1761611527637 0.8273218870162964 47
1761611527862 0.8268710374832153 48
1761611528088 0.8259693384170532 49
1761611516947 0.5036068558692932 0
