1761589397796 0.4039675295352936 0
1761589398090 0.4102795422077179 1
1761589398341 0.40802523493766785 2
1761589398583 0.41343551874160767 3
1761589398807 0.41073039174079895 4
1761589399040 0.3972046971321106 5
1761589399305 0.4129846692085266 6
1761589399522 0.40712353587150574 7
1761589399732 0.4075743854045868 8
1761589399946 0.4093778133392334 9
1761589400155 0.4017132520675659 10
1761589400390 0.4102795422077179 11
1761589400687 0.4075743854045868 12
1761589400944 0.419747531414032 13
1761589401184 0.41343551874160767 14
1761589401398 0.4057709574699402 15
1761589401657 0.4075743854045868 16
1761589401873 0.41118124127388 17
1761589402088 0.41253381967544556 18
1761589402336 0.39495041966438293 19
1761589402576 0.4026149809360504 20
1761589402793 0.41253381967544556 21
1761589403032 0.4152389466762543 22
1761589403248 0.3990081250667572 23
1761589403470 0.4120829701423645 24
1761589403687 0.4057709574699402 25
1761589403902 0.40712353587150574 26
1761589404130 0.4035166800022125 27
1761589404349 0.40306583046913147 28
1761589404570 0.4156897962093353 29
1761589404790 0.40306583046913147 30
1761589405016 0.4129846692085266 31
1761589405240 0.40126240253448486 32
1761589405458 0.41253381967544556 33
1761589405678 0.4093778133392334 34
1761589405889 0.4129846692085266 35
1761589406100 0.4170423746109009 36
1761589406315 0.4260595142841339 37
1761589406531 0.419747531414032 38
1761589406736 0.4170423746109009 39
1761589406956 0.4165915250778198 40
1761589407219 0.4120829701423645 41
1761589407434 0.4287646412849426 42
1761589407651 0.42290350794792175 43
1761589407869 0.4310189485549927 44
1761589408083 0.4152389466762543 45
1761589408295 0.4287646412849426 46
1761589408509 0.4260595142841339 47
1761589408729 0.426961213350296 48
1761589408935 0.4215509593486786 49
1761589409143 0.42110008001327515 50
1761589409349 0.4346257746219635 51
1761589409565 0.42651036381721497 52
1761589409780 0.42470693588256836 53
1761589410000 0.4301172196865082 54
1761589410211 0.4260595142841339 55
1761589410424 0.426961213350296 56
1761589410636 0.4328223764896393 57
1761589410848 0.4328223764896393 58
1761589411076 0.43507665395736694 59
1761589411281 0.4319206476211548 60
1761589411497 0.43507665395736694 61
1761589411711 0.43146979808807373 62
1761589411924 0.4391343593597412 63
1761589412138 0.4391343593597412 64
1761589412354 0.4283137917518616 65
1761589412561 0.44634807109832764 66
1761589412774 0.426961213350296 67
1761589412984 0.43146979808807373 68
1761589413201 0.43778178095817566 69
1761589413413 0.4400360584259033 70
1761589413628 0.44364291429519653 71
1761589413842 0.4278629422187805 72
1761589414053 0.44048693776130676 73
1761589414271 0.4418394863605499 74
1761589414485 0.4495040476322174 75
1761589414705 0.43958520889282227 76
1761589414931 0.4418394863605499 77
1761589415149 0.4449954926967621 78
1761589415372 0.43778178095817566 79
1761589415593 0.4486023485660553 80
1761589415825 0.4562669098377228 81
1761589416049 0.4431920647621155 82
1761589416273 0.4400360584259033 83
1761589416497 0.4440937638282776 84
1761589416719 0.4531109035015106 85
1761589416944 0.44048693776130676 86
1761589417171 0.4400360584259033 87
1761589417395 0.4562669098377228 88
1761589417618 0.44724977016448975 89
1761589417832 0.4531109035015106 90
1761589418047 0.4427412152290344 91
1761589418276 0.4486023485660553 92
1761589418485 0.4553651809692383 93
1761589418705 0.45446348190307617 94
1761589418922 0.45761948823928833 95
1761589419155 0.44364291429519653 96
1761589419427 0.4477006196975708 97
1761589419648 0.451307475566864 98
1761589419893 0.4535617530345917 99
1761589397796 0.4039675295352936 0
