1761589397796 1.0929820537567139 0
1761589398090 1.0843645334243774 1
1761589398341 1.0815116167068481 2
1761589398583 1.07877516746521 3
1761589398807 1.080112338066101 4
1761589399040 1.081730604171753 5
1761589399305 1.0791640281677246 6
1761589399522 1.077504277229309 7
1761589399732 1.0802103281021118 8
1761589399946 1.0776931047439575 9
1761589400155 1.0787032842636108 10
1761589400390 1.0767052173614502 11
1761589400687 1.0790233612060547 12
1761589400944 1.0766750574111938 13
1761589401184 1.0779296159744263 14
1761589401398 1.0766187906265259 15
1761589401657 1.077603816986084 16
1761589401873 1.0749483108520508 17
1761589402088 1.0739747285842896 18
1761589402336 1.0818570852279663 19
1761589402576 1.0789514780044556 20
1761589402793 1.072060465812683 21
1761589403032 1.0736370086669922 22
1761589403248 1.0773745775222778 23
1761589403470 1.0740636587142944 24
1761589403687 1.0718883275985718 25
1761589403902 1.0719906091690063 26
1761589404130 1.0722575187683105 27
1761589404349 1.073950171470642 28
1761589404570 1.0702632665634155 29
1761589404790 1.0703221559524536 30
1761589405016 1.0700925588607788 31
1761589405240 1.0704262256622314 32
1761589405458 1.0709298849105835 33
1761589405678 1.0695098638534546 34
1761589405889 1.0667731761932373 35
1761589406100 1.0663331747055054 36
1761589406315 1.0696858167648315 37
1761589406531 1.0669989585876465 38
1761589406736 1.0651471614837646 39
1761589406956 1.0655906200408936 40
1761589407219 1.065598487854004 41
1761589407434 1.0631510019302368 42
1761589407651 1.0612657070159912 43
1761589407869 1.0623667240142822 44
1761589408083 1.0617311000823975 45
1761589408295 1.0595779418945312 46
1761589408509 1.0608052015304565 47
1761589408729 1.0604209899902344 48
1761589408935 1.0577706098556519 49
1761589409143 1.061145544052124 50
1761589409349 1.0595734119415283 51
1761589409565 1.056433916091919 52
1761589409780 1.058466911315918 53
1761589410000 1.0587093830108643 54
1761589410211 1.0571774244308472 55
1761589410424 1.0555715560913086 56
1761589410636 1.0536078214645386 57
1761589410848 1.0538781881332397 58
1761589411076 1.052639126777649 59
1761589411281 1.0542885065078735 60
1761589411497 1.0526424646377563 61
1761589411711 1.0548433065414429 62
1761589411924 1.048742651939392 63
1761589412138 1.0523158311843872 64
1761589412354 1.050180435180664 65
1761589412561 1.050384283065796 66
1761589412774 1.0507521629333496 67
1761589412984 1.0485632419586182 68
1761589413201 1.0489834547042847 69
1761589413413 1.0467036962509155 70
1761589413628 1.0498757362365723 71
1761589413842 1.05298912525177 72
1761589414053 1.0490329265594482 73
1761589414271 1.0465351343154907 74
1761589414485 1.0445481538772583 75
1761589414705 1.0428298711776733 76
1761589414931 1.047256588935852 77
1761589415149 1.0454306602478027 78
1761589415372 1.0440988540649414 79
1761589415593 1.04323148727417 80
1761589415825 1.0416028499603271 81
1761589416049 1.043355107307434 82
1761589416273 1.0491633415222168 83
1761589416497 1.0419039726257324 84
1761589416719 1.0412697792053223 85
1761589416944 1.0434718132019043 86
1761589417171 1.0427180528640747 87
1761589417395 1.0401533842086792 88
1761589417618 1.0402005910873413 89
1761589417832 1.037627935409546 90
1761589418047 1.041799783706665 91
1761589418276 1.0378741025924683 92
1761589418485 1.0382076501846313 93
1761589418705 1.039090633392334 94
1761589418922 1.0366021394729614 95
1761589419155 1.040171504020691 96
1761589419427 1.0365301370620728 97
1761589419648 1.0355168581008911 98
1761589419893 1.0362776517868042 99
1761589397796 1.0929820537567139 0
