1761610240959 0.49008116126060486 0
1761610241204 0.5270513892173767 1
1761610241428 0.5464382171630859 2
1761610241650 0.5653741955757141 3
1761610241871 0.566726803779602 4
1761610242094 0.5779982209205627 5
1761610242318 0.5883678793907166 6
1761610242542 0.6095581650733948 7
1761610242767 0.613615870475769 8
1761610242997 0.6217312812805176 9
1761610243219 0.6429215669631958 10
1761610243446 0.6573489904403687 11
1761610243669 0.6510369777679443 12
1761610243895 0.6762849688529968 13
1761610244125 0.6753832101821899 14
1761610244353 0.6866546273231506 15
1761610244581 0.678088366985321 16
1761610244807 0.7060414552688599 17
1761610245029 0.7069432139396667 18
1761610245254 0.7119026184082031 19
1761610245510 0.7168620228767395 20
1761610245724 0.7227231860160828 21
1761610245945 0.726330041885376 22
1761610246168 0.7317402958869934 23
1761610246395 0.7470694184303284 24
1761610246616 0.7452660202980042 25
1761610246838 0.7488728761672974 26
1761610247062 0.7646528482437134 27
1761610247288 0.755635678768158 28
1761610247510 0.7718665599822998 29
1761610247733 0.7628493905067444 30
1761610247958 0.7799819707870483 31
1761610248180 0.7795311212539673 32
1761610248402 0.7831379771232605 33
1761610248626 0.7853922247886658 34
1761610248849 0.7935076355934143 35
1761610249072 0.8020739555358887 36
1761610249298 0.791253387928009 37
1761610249520 0.804328203201294 38
1761610249743 0.8074842095375061 39
1761610249969 0.8174030780792236 40
1761610250190 0.8174030780792236 41
1761610250409 0.8133453726768494 42
1761610250633 0.8133453726768494 43
1761610250853 0.8277727961540222 44
1761610251082 0.8228133320808411 45
1761610251305 0.8354373574256897 46
1761610251527 0.8291253447532654 47
1761610251749 0.8273218870162964 48
1761610251977 0.8331830501556396 49
1761610240959 0.49008116126060486 0
