1761611023520 0.45671775937080383 0
1761611023767 0.4625788927078247 1
1761611023990 0.4747520387172699 2
1761611024198 0.4738503098487854 3
1761611024407 0.47880974411964417 4
1761611024624 0.47159603238105774 5
1761611024857 0.4738503098487854 6
1761611025069 0.47249773144721985 7
1761611025282 0.4747520387172699 8
1761611025499 0.4815148711204529 9
1761611025717 0.47790801525115967 10
1761611025923 0.468890905380249 11
1761611026131 0.4702434539794922 12
1761611026347 0.48286744952201843 13
1761611026560 0.48827773332595825 14
1761611026819 0.4810640215873718 15
1761611027047 0.4887285828590393 16
1761611027294 0.4860234558582306 17
1761611027514 0.4860234558582306 18
1761611027734 0.4869251549243927 19
1761611027956 0.4887285828590393 20
1761611028183 0.4878268837928772 21
1761611028407 0.4860234558582306 22
1761611028637 0.48557257652282715 23
1761611028853 0.48376914858818054 24
1761611029078 0.5027051568031311 25
1761611029290 0.49368801712989807 26
1761611029530 0.4905320107936859 27
1761611029749 0.49684399366378784 28
1761611029962 0.5009016990661621 29
1761611030182 0.49684399366378784 30
1761611030402 0.5045085549354553 31
1761611030636 0.5045085549354553 32
1761611030872 0.5009016990661621 33
1761611031107 0.4990983009338379 34
1761611031334 0.5072137117385864 35
1761611031556 0.5058611631393433 36
1761611031782 0.5085662603378296 37
1761611031986 0.5036068558692932 38
1761611032207 0.5058611631393433 39
1761611032423 0.5072137117385864 40
1761611032636 0.5036068558692932 41
1761611032846 0.5099188685417175 42
1761611033074 0.5121731162071228 43
1761611033298 0.5148782730102539 44
1761611033514 0.5 45
1761611033784 0.515779972076416 46
1761611034000 0.5094679594039917 47
1761611034239 0.5108205676078796 48
1761611034447 0.5054102540016174 49
1761611023520 0.45671775937080383 0
