1761497976266 0.5173501372337341 0
1761497976962 0.5416854619979858 1
1761497977572 0.5718792080879211 2
1761497978186 0.5808922648429871 3
1761497978780 0.5853988528251648 4
1761497979323 0.5849481821060181 5
1761497979967 0.6002703905105591 6
1761497980571 0.5903559923171997 7
1761497981220 0.602523684501648 8
1761497981967 0.6128886938095093 9
1761497982666 0.613789975643158 10
1761497983262 0.6182965040206909 11
1761497983996 0.6164939403533936 12
1761497984673 0.6214510798454285 13
1761497985313 0.6313654780387878 14
1761497985848 0.6349707245826721 15
1761497986607 0.6453357338905334 16
1761497987425 0.6507436037063599 17
1761497988223 0.6561514139175415 18
1761497989020 0.6660658121109009 19
1761497989747 0.6615592837333679 20
1761497990341 0.6660658121109009 21
1761497990952 0.6750788688659668 22
1761497991746 0.6782334446907043 23
1761497992590 0.6629112362861633 24
1761497993428 0.683190643787384 25
1761497994250 0.683641254901886 26
1761497994617 0.687697172164917 27
1761497995465 0.69220370054245 28
1761497995914 0.6953582763671875 29
1761497996638 0.6894997954368591 30
1761497997258 0.7093285322189331 31
1761497997619 0.7156376838684082 32
1761497997995 0.7111311554908752 33
1761497998636 0.7016674280166626 34
1761497999243 0.7102298140525818 35
1761497999819 0.707525908946991 36
1761498000285 0.7214961647987366 37
1761498000901 0.718341588973999 38
1761498001496 0.7323118448257446 39
1761498001920 0.7327625155448914 40
1761498002263 0.7196935415267944 41
1761498002577 0.726904034614563 42
1761498003127 0.7305092215538025 43
1761498003528 0.7399729490280151 44
1761498004302 0.7363677620887756 45
1761498004686 0.738170325756073 46
1761498005075 0.7417755722999573 47
1761498005659 0.742676854133606 48
1761498006287 0.7323118448257446 49
1761497976266 0.5173501372337341 0
