1761497976266 0.964593768119812 0
1761497976962 0.921255886554718 1
1761497977572 0.907824695110321 2
1761497978186 0.9004409909248352 3
1761497978780 0.8891761898994446 4
1761497979323 0.8830106258392334 5
1761497979967 0.8744025230407715 6
1761497980571 0.8688369393348694 7
1761497981220 0.8659195303916931 8
1761497981967 0.8579105138778687 9
1761497982666 0.8486740589141846 10
1761497983262 0.844344437122345 11
1761497983996 0.8443819284439087 12
1761497984673 0.83184415102005 13
1761497985313 0.8226178884506226 14
1761497985848 0.8231938481330872 15
1761497986607 0.8126431107521057 16
1761497987425 0.8031408786773682 17
1761497988223 0.7994487285614014 18
1761497989020 0.7863988876342773 19
1761497989747 0.7851845026016235 20
1761497990341 0.7786741852760315 21
1761497990952 0.767335057258606 22
1761497991746 0.7676761150360107 23
1761497992590 0.7631511688232422 24
1761497993428 0.7504757642745972 25
1761497994250 0.7428622841835022 26
1761497994617 0.7392030358314514 27
1761497995465 0.7315390706062317 28
1761497995914 0.7257454991340637 29
1761497996638 0.7358138561248779 30
1761497997258 0.7166619300842285 31
1761497997619 0.7099170088768005 32
1761497997995 0.7050932049751282 33
1761497998636 0.710026741027832 34
1761497999243 0.6988860964775085 35
1761497999819 0.6987526416778564 36
1761498000285 0.6839360594749451 37
1761498000901 0.6803743243217468 38
1761498001496 0.6760231256484985 39
1761498001920 0.6691997051239014 40
1761498002263 0.669266939163208 41
1761498002577 0.6821938157081604 42
1761498003127 0.6649138331413269 43
1761498003528 0.654198408126831 44
1761498004302 0.6569980978965759 45
1761498004686 0.6543779373168945 46
1761498005075 0.6478202939033508 47
1761498005659 0.6415425539016724 48
1761498006287 0.6407375931739807 49
1761497976266 0.964593768119812 0
