1761465325187 1.1328479051589966 0
1761465325670 1.0963236093521118 1
1761465326106 1.1022887229919434 2
1761465326525 1.0960370302200317 3
1761465326938 1.0988154411315918 4
1761465327453 1.099183440208435 5
1761465327903 1.0981298685073853 6
1761465328344 1.1027686595916748 7
1761465328782 1.1012356281280518 8
1761465329222 1.09939444065094 9
1761465329694 1.096666693687439 10
1761465330162 1.0981981754302979 11
1761465330601 1.0981608629226685 12
1761465331038 1.095269799232483 13
1761465331635 1.0917720794677734 14
1761465332149 1.0899791717529297 15
1761465332590 1.0888038873672485 16
1761465333024 1.0931589603424072 17
1761465333467 1.0885138511657715 18
1761465333888 1.0873208045959473 19
1761465334304 1.0877313613891602 20
1761465334742 1.087369441986084 21
1761465335176 1.0851982831954956 22
1761465335617 1.0831196308135986 23
1761465336053 1.0820902585983276 24
1761465336471 1.0893243551254272 25
1761465336886 1.0819971561431885 26
1761465337366 1.0894540548324585 27
1761465337805 1.085553765296936 28
1761465338246 1.0822561979293823 29
1761465338687 1.0816394090652466 30
1761465339122 1.081153392791748 31
1761465339570 1.0791507959365845 32
1761465340007 1.079755425453186 33
1761465340442 1.078464388847351 34
1761465340877 1.0762200355529785 35
1761465341319 1.0757261514663696 36
1761465341758 1.0803395509719849 37
1761465342191 1.0771138668060303 38
1761465342628 1.074745774269104 39
1761465343066 1.0742990970611572 40
1761465343503 1.0734331607818604 41
1761465343984 1.0707486867904663 42
1761465344416 1.0751618146896362 43
1761465344853 1.069473385810852 44
1761465345291 1.0676403045654297 45
1761465345725 1.0700353384017944 46
1761465346161 1.0679051876068115 47
1761465346597 1.0703068971633911 48
1761465347035 1.0660014152526855 49
1761465325187 1.1328479051589966 0
