1761601481223 1.0020800828933716 0
1761601481481 0.9814549088478088 1
1761601481697 0.9722506403923035 2
1761601481913 0.9648928642272949 3
1761601482125 0.9578114151954651 4
1761601482338 0.9501673579216003 5
1761601482550 0.9487931132316589 6
1761601482763 0.9439534544944763 7
1761601482974 0.9417244791984558 8
1761601483236 0.9362040162086487 9
1761601483454 0.9311089515686035 10
1761601483678 0.924822211265564 11
1761601483915 0.9202422499656677 12
1761601484137 0.9147832989692688 13
1761601484366 0.9053906202316284 14
1761601484578 0.9022447466850281 15
1761601484794 0.9031752943992615 16
1761601485012 0.8908635973930359 17
1761601485224 0.8886973857879639 18
1761601485440 0.8823265433311462 19
1761601485656 0.879070520401001 20
1761601485879 0.8702366948127747 21
1761601486093 0.8677005767822266 22
1761601486307 0.861611545085907 23
1761601486524 0.8577178716659546 24
1761601486748 0.851691484451294 25
1761601486959 0.8434523344039917 26
1761601487175 0.842832624912262 27
1761601487398 0.8453003168106079 28
1761601487611 0.8347757458686829 29
1761601487823 0.8251180648803711 30
1761601488035 0.8152236342430115 31
1761601488249 0.8158850073814392 32
1761601488464 0.8112826347351074 33
1761601488674 0.8059180974960327 34
1761601488886 0.8027263283729553 35
1761601489099 0.7926897406578064 36
1761601489310 0.7895733714103699 37
1761601489525 0.78714519739151 38
1761601489746 0.7826822996139526 39
1761601489961 0.780396580696106 40
1761601490176 0.7840121388435364 41
1761601490388 0.7728286981582642 42
1761601490653 0.7722727656364441 43
1761601490877 0.7669438123703003 44
1761601491096 0.7578372359275818 45
1761601491312 0.7550123929977417 46
1761601491528 0.756175696849823 47
1761601491738 0.750846266746521 48
1761601491996 0.7402275204658508 49
1761601481223 1.0020800828933716 0
