1761590595969 0.42560866475105286 0
1761590596487 0.435527503490448 1
1761590596952 0.44905319809913635 2
1761590597444 0.4558160603046417 3
1761590597867 0.4558160603046417 4
1761590598324 0.4558160603046417 5
1761590598781 0.4558160603046417 6
1761590599234 0.4558160603046417 7
1761590599719 0.44724977016448975 8
1761590600148 0.44905319809913635 9
1761590600594 0.4558160603046417 10
1761590601035 0.4440937638282776 11
1761590601474 0.44724977016448975 12
1761590601943 0.4449954926967621 13
1761590602402 0.4409377872943878 14
1761590602877 0.4449954926967621 15
1761590603331 0.4558160603046417 16
1761590603798 0.4558160603046417 17
1761590604223 0.4558160603046417 18
1761590604638 0.4558160603046417 19
1761590605074 0.4558160603046417 20
1761590605488 0.4558160603046417 21
1761590605947 0.4558160603046417 22
1761590606383 0.4558160603046417 23
1761590606801 0.4558160603046417 24
1761590607252 0.4558160603046417 25
1761590607646 0.4558160603046417 26
1761590608065 0.4558160603046417 27
1761590608482 0.4558160603046417 28
1761590608899 0.4558160603046417 29
1761590609318 0.4558160603046417 30
1761590609731 0.4558160603046417 31
1761590610149 0.4558160603046417 32
1761590610573 0.4558160603046417 33
1761590610991 0.4558160603046417 34
1761590611410 0.4558160603046417 35
1761590611837 0.4558160603046417 36
1761590612276 0.4558160603046417 37
1761590612734 0.4558160603046417 38
1761590613172 0.4558160603046417 39
1761590613571 0.4558160603046417 40
1761590613971 0.4558160603046417 41
1761590614395 0.4558160603046417 42
1761590614810 0.4558160603046417 43
1761590615235 0.4558160603046417 44
1761590615656 0.4558160603046417 45
1761590616074 0.4558160603046417 46
1761590616496 0.451307475566864 47
1761590616919 0.4558160603046417 48
1761590617335 0.4558160603046417 49
1761590617764 0.45671775937080383 50
1761590618182 0.4558160603046417 51
1761590618594 0.4562669098377228 52
1761590619062 0.4571686089038849 53
1761590619478 0.4558160603046417 54
1761590619894 0.45671775937080383 55
1761590620335 0.4558160603046417 56
1761590620771 0.4553651809692383 57
1761590621160 0.4553651809692383 58
1761590621585 0.4504057765007019 59
1761590622018 0.45671775937080383 60
1761590622458 0.4571686089038849 61
1761590622885 0.4549143314361572 62
1761590623299 0.45671775937080383 63
1761590623730 0.4625788927078247 64
1761590624160 0.45266005396842957 65
1761590624589 0.4467989206314087 66
1761590625016 0.4589720368385315 67
1761590625432 0.4589720368385315 68
1761590625847 0.46393147110939026 69
1761590626274 0.45852118730545044 70
1761590626685 0.466636598110199 71
1761590627108 0.4571686089038849 72
1761590627524 0.4558160603046417 73
1761590627931 0.46122634410858154 74
1761590628330 0.4765554666519165 75
1761590628795 0.47069433331489563 76
1761590629241 0.466636598110199 77
1761590629653 0.46122634410858154 78
1761590630083 0.46212804317474365 79
1761590630494 0.459873765707016 80
1761590630915 0.46979260444641113 81
1761590631319 0.4702434539794922 82
1761590631772 0.47159603238105774 83
1761590632181 0.46483317017555237 84
1761590632614 0.4747520387172699 85
1761590633403 0.47069433331489563 86
1761590633834 0.47249773144721985 87
1761590634247 0.4815148711204529 88
1761590634659 0.4693417549133301 89
1761590635105 0.4711451828479767 90
1761590635536 0.4738503098487854 91
1761590635963 0.4810640215873718 92
1761590636401 0.484220027923584 93
1761590636811 0.4774571657180786 94
1761590637378 0.4801623225212097 95
1761590637796 0.4824165999889374 96
1761590638207 0.4923354387283325 97
1761590638638 0.49008116126060486 98
1761590639057 0.4860234558582306 99
1761590595969 0.42560866475105286 0
