1761589083725 0.38277727365493774 0
1761589084938 0.41839495301246643 1
1761589086148 0.4138863980770111 2
1761589087485 0.4206492304801941 3
1761589088584 0.43327322602272034 4
1761589089690 0.43237149715423584 5
1761589090796 0.4625788927078247 6
1761589091897 0.459873765707016 7
1761589093177 0.4661857485771179 8
1761589094428 0.47520288825035095 9
1761589096041 0.5103697180747986 10
1761589097500 0.5040577054023743 11
1761589098608 0.5076645612716675 12
1761589099702 0.53291255235672 13
1761589100940 0.5320107936859131 14
1761589102192 0.5347159504890442 15
1761589103620 0.5676285028457642 16
1761589105152 0.5653741955757141 17
1761589106992 0.5734896063804626 18
1761589108664 0.5757439136505127 19
1761589110085 0.5852118730545044 20
1761589111504 0.5897204875946045 21
1761589113040 0.6226329803466797 22
1761589114298 0.613615870475769 23
1761589115464 0.626690685749054 24
1761589116719 0.6523895263671875 25
1761589117860 0.6564472317695618 26
1761589119194 0.6438232660293579 27
1761589120452 0.6546438336372375 28
1761589121638 0.6699729561805725 29
1761589122680 0.6681694984436035 30
1761589123707 0.6677186489105225 31
1761589124846 0.6907123327255249 32
1761589126102 0.7033363580703735 33
1761589127291 0.708746612071991 34
1761589128706 0.7150586247444153 35
1761589130003 0.7276825904846191 36
1761589131374 0.7448151707649231 37
1761589132556 0.7497745752334595 38
1761589133758 0.7542831301689148 39
1761589134973 0.7529305815696716 40
1761589136198 0.7529305815696716 41
1761589137347 0.7880973815917969 42
1761589138427 0.7786294221878052 43
1761589139516 0.7930567860603333 44
1761589140623 0.7804328203201294 45
1761589141664 0.8083859086036682 46
1761589142759 0.8038773536682129 47
1761589143785 0.8061316609382629 48
1761589144793 0.8115419149398804 49
1761589145910 0.8228133320808411 50
1761589147048 0.8336338996887207 51
1761589148172 0.8385933041572571 52
1761589149198 0.8277727961540222 53
1761589150226 0.8543733358383179 54
1761589151391 0.8385933041572571 55
1761589152479 0.8548241853713989 56
1761589153565 0.8678990006446838 57
1761589154680 0.8476104736328125 58
1761589155724 0.8548241853713989 59
1761589156766 0.8642921447753906 60
1761589157795 0.8669973015785217 61
1761589158827 0.8638412952423096 62
1761589159861 0.8778178691864014 63
1761589161151 0.8764652609825134 64
1761589162300 0.8809738755226135 65
1761589163410 0.8832281231880188 66
1761589164564 0.8760144114494324 67
1761589165649 0.8872858285903931 68
1761589166854 0.8755635619163513 69
1761589168068 0.8899909853935242 70
1761589169208 0.9035167098045349 71
1761589170402 0.9071235060691833 72
1761589171606 0.9071235060691833 73
1761589172822 0.9084761142730713 74
1761589173955 0.9156898260116577 75
1761589175169 0.9296663403511047 76
1761589176322 0.9265103936195374 77
1761589177524 0.9080252647399902 78
1761589178676 0.8917943835258484 79
1761589179769 0.9170423746109009 80
1761589180952 0.9229035377502441 81
1761589182032 0.9278629422187805 82
1761589183133 0.9075744152069092 83
1761589184174 0.9256086349487305 84
1761589185235 0.9445446133613586 85
1761589186302 0.937781810760498 86
1761589187430 0.9206492304801941 87
1761589188580 0.9323714971542358 88
1761589189775 0.9382326602935791 89
1761589191076 0.9382326602935791 90
1761589192136 0.9287646412849426 91
1761589193193 0.9057709574699402 92
1761589194240 0.9156898260116577 93
1761589195363 0.9292154908180237 94
1761589196474 0.937781810760498 95
1761589197573 0.933273196220398 96
1761589198697 0.9413886666297913 97
1761589199772 0.9427412152290344 98
1761589200848 0.9395852088928223 99
1761589083725 0.38277727365493774 0
