1761589083725 1.0923621654510498 0
1761589084938 1.0775669813156128 1
1761589086148 1.0736891031265259 2
1761589087485 1.0729358196258545 3
1761589088584 1.0619783401489258 4
1761589089690 1.0585675239562988 5
1761589090796 1.047208547592163 6
1761589091897 1.042890191078186 7
1761589093177 1.0403355360031128 8
1761589094428 1.0292258262634277 9
1761589096041 1.0018258094787598 10
1761589097500 1.006113886833191 11
1761589098608 0.9967779517173767 12
1761589099702 0.9642636775970459 13
1761589100940 0.9554337859153748 14
1761589102192 0.9475373029708862 15
1761589103620 0.9346625804901123 16
1761589105152 0.9206491112709045 17
1761589106992 0.8996358513832092 18
1761589108664 0.9060236215591431 19
1761589110085 0.8760403990745544 20
1761589111504 0.8590672612190247 21
1761589113040 0.8370858430862427 22
1761589114298 0.8264647126197815 23
1761589115464 0.8223354816436768 24
1761589116719 0.7914201021194458 25
1761589117860 0.7777757048606873 26
1761589119194 0.7743680477142334 27
1761589120452 0.7575188875198364 28
1761589121638 0.7411321997642517 29
1761589122680 0.7282701134681702 30
1761589123707 0.7100864052772522 31
1761589124846 0.6937477588653564 32
1761589126102 0.6653125882148743 33
1761589127291 0.6532638669013977 34
1761589128706 0.6402954459190369 35
1761589130003 0.6125455498695374 36
1761589131374 0.5972973704338074 37
1761589132556 0.5708362460136414 38
1761589133758 0.5739547610282898 39
1761589134973 0.5504549145698547 40
1761589136198 0.5710057616233826 41
1761589137347 0.5048322677612305 42
1761589138427 0.5168880224227905 43
1761589139516 0.4832881987094879 44
1761589140623 0.5004428625106812 45
1761589141664 0.4480602741241455 46
1761589142759 0.43771594762802124 47
1761589143785 0.4535488486289978 48
1761589144793 0.442281037569046 49
1761589145910 0.41248923540115356 50
1761589147048 0.39485251903533936 51
1761589148172 0.3860475420951843 52
1761589149198 0.413625031709671 53
1761589150226 0.35731860995292664 54
1761589151391 0.343912810087204 55
1761589152479 0.33525386452674866 56
1761589153565 0.3163610100746155 57
1761589154680 0.35246527194976807 58
1761589155724 0.34123504161834717 59
1761589156766 0.31259384751319885 60
1761589157795 0.31750619411468506 61
1761589158827 0.3125929832458496 62
1761589159861 0.3051672577857971 63
1761589161151 0.295879602432251 64
1761589162300 0.2808408737182617 65
1761589163410 0.26566895842552185 66
1761589164564 0.2795667052268982 67
1761589165649 0.27266809344291687 68
1761589166854 0.28922560811042786 69
1761589168068 0.27642858028411865 70
1761589169208 0.23650677502155304 71
1761589170402 0.2372816503047943 72
1761589171606 0.22332599759101868 73
1761589172822 0.23922109603881836 74
1761589173955 0.21052634716033936 75
1761589175169 0.18470154702663422 76
1761589176322 0.17154958844184875 77
1761589177524 0.2326081395149231 78
1761589178676 0.2781732380390167 79
1761589179769 0.20404808223247528 80
1761589180952 0.1883615404367447 81
1761589182032 0.19519349932670593 82
1761589183133 0.2427011877298355 83
1761589184174 0.1888064295053482 84
1761589185235 0.1385367065668106 85
1761589186302 0.16100943088531494 86
1761589187430 0.21011188626289368 87
1761589188580 0.16221483051776886 88
1761589189775 0.14890041947364807 89
1761589191076 0.15657483041286469 90
1761589192136 0.17925380170345306 91
1761589193193 0.23732075095176697 92
1761589194240 0.21294359862804413 93
1761589195363 0.17936484515666962 94
1761589196474 0.15107841789722443 95
1761589197573 0.1615101546049118 96
1761589198697 0.15993116796016693 97
1761589199772 0.1478692889213562 98
1761589200848 0.14209045469760895 99
1761589083725 1.0923621654510498 0
