1761497019426 0.4168544411659241 0
1761497021494 0.4389364719390869 1
1761497023297 0.4524560570716858 2
1761497024981 0.4664263129234314 3
1761497027074 0.5024785995483398 4
1761497029029 0.4984227120876312 5
1761497030825 0.5281658172607422 6
1761497032975 0.5317710638046265 7
1761497035078 0.5380802154541016 8
1761497037196 0.5687246322631836 9
1761497039228 0.5768364071846008 10
1761497041153 0.5930599570274353 11
1761497042897 0.6029742956161499 12
1761497044818 0.6196485161781311 13
1761497046818 0.6250563263893127 14
1761497048560 0.6471383571624756 15
1761497050466 0.648490309715271 16
1761497052336 0.6620098948478699 17
1761497054180 0.6768814921379089 18
1761497056121 0.6705723404884338 19
1761497057967 0.7048220038414001 20
1761497059934 0.7066246271133423 21
1761497061679 0.7178909182548523 22
1761497063685 0.742676854133606 23
1761497066284 0.7399729490280151 24
1761497068145 0.7386209964752197 25
1761497070144 0.7521405816078186 26
1761497071971 0.7476340532302856 27
1761497073891 0.7584497332572937 28
1761497075812 0.7701667547225952 29
1761497077980 0.7990085482597351 30
1761497080193 0.7836863398551941 31
1761497082086 0.7895448207855225 32
1761497084166 0.8138801455497742 33
1761497086227 0.8066696524620056 34
1761497088166 0.8179360032081604 35
1761497090374 0.8224425315856934 36
1761497092260 0.8237944841384888 37
1761497094251 0.8292023539543152 38
1761497095905 0.8237944841384888 39
1761497097856 0.8413699865341187 40
1761497099836 0.8395673632621765 41
1761497101993 0.8485804200172424 42
1761497104129 0.85173499584198 43
1761497106089 0.8481298089027405 44
1761497108165 0.8440738916397095 45
1761497110306 0.8616493940353394 46
1761497112257 0.8724650740623474 47
1761497114262 0.8584948182106018 48
1761497116208 0.860297441482544 49
1761497019426 0.4168544411659241 0
