1761464904668 0.39522308111190796 0
1761464905169 0.39612439274787903 1
1761464905600 0.3934204578399658 2
1761464906042 0.3920685052871704 3
1761464906472 0.38981524109840393 4
1761464906935 0.4073907136917114 5
1761464907375 0.4019828736782074 6
1761464907791 0.40288418531417847 7
1761464908226 0.3880126178264618 8
1761464908644 0.40513744950294495 9
1761464909125 0.3753943145275116 10
1761464909605 0.39612439274787903 11
1761464910047 0.4046868085861206 12
1761464910479 0.4073907136917114 13
1761464910894 0.3956737220287323 14
1761464911352 0.39747634530067444 15
1761464911771 0.3717890977859497 16
1761464912207 0.410545289516449 17
1761464912639 0.40648940205574036 18
1761464913080 0.40243351459503174 19
1761464913524 0.39251914620399475 20
1761464913961 0.40919333696365356 21
1761464914398 0.38756197690963745 22
1761464914837 0.40919333696365356 23
1761464915262 0.40018025040626526 24
1761464915704 0.42676880955696106 25
1761464916147 0.4123479127883911 26
1761464916584 0.4209103286266327 27
1761464917029 0.4146011769771576 28
1761464917464 0.4173050820827484 29
1761464917886 0.42406490445137024 30
1761464918329 0.415953129529953 31
1761464918764 0.4321766495704651 32
1761464919204 0.4249661862850189 33
1761464919653 0.42406490445137024 34
1761464920093 0.43668317794799805 35
1761464920534 0.4335286021232605 36
1761464920946 0.4371338486671448 37
1761464921399 0.44164037704467773 38
1761464921832 0.4447949528694153 39
1761464922257 0.460567831993103 40
1761464922703 0.44975215196609497 41
1761464923143 0.45831456780433655 42
1761464923581 0.47093284130096436 43
1761464924020 0.4578638970851898 44
1761464924458 0.47048220038414 45
1761464924888 0.46462368965148926 46
1761464925312 0.4637224078178406 47
1761464925735 0.47093284130096436 48
1761464926161 0.47318610548973083 49
1761464904668 0.39522308111190796 0
