1761602335973 0.4684400260448456 0
1761602336230 0.5063120126724243 1
1761602336465 0.5144274234771729 2
1761602336697 0.5189359784126282 3
1761602336926 0.5247971415519714 4
1761602337152 0.5374211072921753 5
1761602337387 0.579801619052887 6
1761602337638 0.5590622425079346 7
1761602337869 0.5811541676521301 8
1761602338093 0.5721370577812195 9
1761602338321 0.6082056164741516 10
1761602338556 0.6122633218765259 11
1761602338784 0.6086564660072327 12
1761602339007 0.6212804317474365 13
1761602339234 0.6411181092262268 14
1761602339464 0.6478809714317322 15
1761602339689 0.6384130120277405 16
1761602339926 0.6704238057136536 17
1761602340154 0.6654644012451172 18
1761602340389 0.6794409155845642 19
1761602340617 0.6704238057136536 20
1761602340847 0.6893597841262817 21
1761602341074 0.7033363580703735 22
1761602341304 0.695220947265625 23
1761602341529 0.7137060165405273 24
1761602341830 0.71055006980896 25
1761602342097 0.7146077752113342 26
1761602342331 0.7150586247444153 27
1761602342546 0.7213705778121948 28
1761602342785 0.7240757346153259 29
1761602343016 0.7317402958869934 30
1761602343245 0.7394048571586609 31
1761602343480 0.7542831301689148 32
1761602343705 0.7448151707649231 33
1761602343935 0.7565374374389648 34
1761602344164 0.7642019987106323 35
1761602344392 0.7457168698310852 36
1761602344629 0.7542831301689148 37
1761602344845 0.7538322806358337 38
1761602345077 0.773219108581543 39
1761602345313 0.7714157104492188 40
1761602345551 0.775473415851593 41
1761602345787 0.7835888266563416 42
1761602346018 0.7899008393287659 43
1761602346237 0.7930567860603333 44
1761602346464 0.7980162501335144 45
1761602346696 0.7962127923965454 46
1761602346936 0.8029756546020508 47
1761602347160 0.8038773536682129 48
1761602347383 0.7984670996665955 49
1761602335973 0.4684400260448456 0
