1761606633980 0.5117222666740417 0
1761606634228 0.5441839694976807 1
1761606634453 0.5730387568473816 2
1761606634673 0.5987375974655151 3
1761606634891 0.6082056164741516 4
1761606635116 0.6343552470207214 5
1761606635337 0.6596032381057739 6
1761606635560 0.6681694984436035 7
1761606635783 0.6731289625167847 8
1761606636013 0.691163182258606 9
1761606636234 0.7015329003334045 10
1761606636457 0.711000919342041 11
1761606636680 0.7294860482215881 12
1761606636907 0.7353471517562866 13
1761606637127 0.7524797320365906 14
1761606637349 0.7461677193641663 15
1761606637584 0.7664562463760376 16
1761606637809 0.7538322806358337 17
1761606638037 0.775022566318512 18
1761606638263 0.7691614031791687 19
1761606638487 0.7808836698532104 20
1761606638710 0.7763751149177551 21
1761606638926 0.7939585447311401 22
1761606639145 0.7876465320587158 23
1761606639368 0.8115419149398804 24
1761606639586 0.8029756546020508 25
1761606639808 0.8083859086036682 26
1761606640036 0.8002704977989197 27
1761606640260 0.8128945231437683 28
1761606640481 0.8183047771453857 29
1761606640710 0.8255184888839722 30
1761606640935 0.8340847492218018 31
1761606641158 0.8237150311470032 32
1761606641391 0.8336338996887207 33
1761606641619 0.8444544672966003 34
1761606641841 0.8340847492218018 35
1761606642066 0.8367899060249329 36
1761606642291 0.8340847492218018 37
1761606642512 0.8548241853713989 38
1761606642737 0.8561767339706421 39
1761606642959 0.8444544672966003 40
1761606643178 0.8498647212982178 41
1761606643396 0.8606852889060974 42
1761606643627 0.8674481511116028 43
1761606643851 0.8561767339706421 44
1761606644124 0.8660956025123596 45
1761606644340 0.868800699710846 46
1761606644562 0.8764652609825134 47
1761606644786 0.873309314250946 48
1761606645007 0.8660956025123596 49
1761606633980 0.5117222666740417 0
