1761608711242 0.4382326304912567 0
1761608711814 0.4607754647731781 1
1761608712416 0.4549143314361572 2
1761608712967 0.45942291617393494 3
1761608713535 0.46302974224090576 4
1761608714109 0.4283137917518616 5
1761608714641 0.45085662603378296 6
1761608715170 0.45852118730545044 7
1761608715724 0.47069433331489563 8
1761608716281 0.4535617530345917 9
1761608716828 0.46032461524009705 10
1761608717416 0.45852118730545044 11
1761608718000 0.46753832697868347 12
1761608718582 0.46753832697868347 13
1761608719189 0.46753832697868347 14
1761608719733 0.46753832697868347 15
1761608720353 0.46753832697868347 16
1761608720894 0.46753832697868347 17
1761608721493 0.46753832697868347 18
1761608722011 0.46753832697868347 19
1761608722590 0.46753832697868347 20
1761608723159 0.4679891765117645 21
1761608723697 0.46483317017555237 22
1761608724255 0.4747520387172699 23
1761608724814 0.4711451828479767 24
1761608725427 0.46573489904403687 25
1761608726028 0.45446348190307617 26
1761608726585 0.47430115938186646 27
1761608727177 0.47430115938186646 28
1761608727763 0.4797114431858063 29
1761608728374 0.47880974411964417 30
1761608728900 0.4851217269897461 31
1761608729462 0.4810640215873718 32
1761608730001 0.4801623225212097 33
1761608730582 0.4729486107826233 34
1761608731118 0.49368801712989807 35
1761608731674 0.49008116126060486 36
1761608732213 0.48917943239212036 37
1761608732753 0.49774572253227234 38
1761608733340 0.5036068558692932 39
1761608733924 0.5112714171409607 40
1761608734522 0.5207393765449524 41
1761608735179 0.5216411352157593 42
1761608735861 0.5211902856826782 43
1761608736489 0.5243462324142456 44
1761608737053 0.5243462324142456 45
1761608737577 0.5351668000221252 46
1761608738129 0.5365194082260132 47
1761608738698 0.5374211072921753 48
1761608739267 0.533363401889801 49
1761608711242 0.4382326304912567 0
