1761608711242 1.0714010000228882 0
1761608711814 1.0416207313537598 1
1761608712416 1.0425529479980469 2
1761608712967 1.0466299057006836 3
1761608713535 1.0380046367645264 4
1761608714109 1.0438942909240723 5
1761608714641 1.0370539426803589 6
1761608715170 1.0394808053970337 7
1761608715724 1.0449824333190918 8
1761608716281 1.0428340435028076 9
1761608716828 1.0376543998718262 10
1761608717416 1.035022258758545 11
1761608718000 1.0340547561645508 12
1761608718582 1.0352708101272583 13
1761608719189 1.034786343574524 14
1761608719733 1.0346808433532715 15
1761608720353 1.036747694015503 16
1761608720894 1.0358898639678955 17
1761608721493 1.035406231880188 18
1761608722011 1.0337246656417847 19
1761608722590 1.033308982849121 20
1761608723159 1.0357356071472168 21
1761608723697 1.0314375162124634 22
1761608724255 1.0286808013916016 23
1761608724814 1.0251264572143555 24
1761608725427 1.0251814126968384 25
1761608726028 1.0235875844955444 26
1761608726585 1.0204192399978638 27
1761608727177 1.023321270942688 28
1761608727763 1.0179369449615479 29
1761608728374 1.0138344764709473 30
1761608728900 1.013486623764038 31
1761608729462 1.0130575895309448 32
1761608730001 1.0149586200714111 33
1761608730582 1.0188981294631958 34
1761608731118 1.007156491279602 35
1761608731674 1.0048426389694214 36
1761608732213 1.0054353475570679 37
1761608732753 1.0043895244598389 38
1761608733340 0.9994623064994812 39
1761608733924 0.9967904090881348 40
1761608734522 0.9914519786834717 41
1761608735179 0.9813005924224854 42
1761608735861 0.9895159602165222 43
1761608736489 0.9777827858924866 44
1761608737053 0.9763436913490295 45
1761608737577 0.9726383090019226 46
1761608738129 0.9628949165344238 47
1761608738698 0.964202880859375 48
1761608739267 0.969461977481842 49
1761608711242 1.0714010000228882 0
