1761595072107 0.3525698781013489 0
1761595072574 0.3728584349155426 1
1761595073068 0.3534716069698334 2
1761595073560 0.37511271238327026 3
1761595073982 0.3719567060470581 4
1761595074410 0.3674481511116028 5
1761595074823 0.36880072951316833 6
1761595075242 0.3656447231769562 7
1761595075742 0.36293959617614746 8
1761595076198 0.3841298520565033 9
1761595076694 0.3570784628391266 10
1761595077137 0.38548243045806885 11
1761595077621 0.377817839384079 12
1761595078309 0.3841298520565033 13
1761595078919 0.3832281231880188 14
1761595079500 0.4084761142730713 15
1761595079963 0.40126240253448486 16
1761595080564 0.4008115530014038 17
1761595081057 0.3990081250667572 18
1761595081568 0.419747531414032 19
1761595082073 0.4120829701423645 20
1761595082467 0.40126240253448486 21
1761595083063 0.40802523493766785 22
1761595083481 0.40982866287231445 23
1761595083915 0.41253381967544556 24
1761595084341 0.4152389466762543 25
1761595084847 0.40622180700302124 26
1761595085256 0.40802523493766785 27
1761595085699 0.40306583046913147 28
1761595086107 0.40982866287231445 29
1761595086512 0.41073039174079895 30
1761595086971 0.4039675295352936 31
1761595087428 0.40622180700302124 32
1761595087856 0.4075743854045868 33
1761595088304 0.4102795422077179 34
1761595088720 0.40712353587150574 35
1761595089157 0.41163209080696106 36
1761595089582 0.4093778133392334 37
1761595090012 0.40982866287231445 38
1761595090431 0.4147880971431732 39
1761595091003 0.4102795422077179 40
1761595091442 0.4188458025455475 41
1761595091858 0.41614067554473877 42
1761595092289 0.40802523493766785 43
1761595092758 0.39855724573135376 44
1761595093187 0.41839495301246643 45
1761595093614 0.4296663701534271 46
1761595094094 0.43146979808807373 47
1761595094530 0.41343551874160767 48
1761595094941 0.4165915250778198 49
1761595095375 0.41929665207862854 50
1761595095812 0.4165915250778198 51
1761595096234 0.41839495301246643 52
1761595096665 0.41433724761009216 53
1761595097091 0.419747531414032 54
1761595097550 0.41929665207862854 55
1761595097983 0.42200180888175964 56
1761595098403 0.42651036381721497 57
1761595098828 0.4233543872833252 58
1761595099252 0.43868350982666016 59
1761595099723 0.4170423746109009 60
1761595100169 0.4283137917518616 61
1761595100607 0.43237149715423584 62
1761595101037 0.4310189485549927 63
1761595101473 0.43237149715423584 64
1761595101900 0.4283137917518616 65
1761595102322 0.4310189485549927 66
1761595102760 0.4427412152290344 67
1761595103182 0.419747531414032 68
1761595103639 0.4391343593597412 69
1761595104115 0.4373309314250946 70
1761595104518 0.4364292025566101 71
1761595104951 0.4449954926967621 72
1761595105369 0.44815149903297424 73
1761595105802 0.43778178095817566 74
1761595106218 0.44905319809913635 75
1761595106624 0.46122634410858154 76
1761595107039 0.44229036569595337 77
1761595107456 0.4449954926967621 78
1761595107885 0.4580703377723694 79
1761595108313 0.4549143314361572 80
1761595108926 0.4477006196975708 81
1761595109457 0.4616771936416626 82
1761595109892 0.45671775937080383 83
1761595110324 0.45175835490226746 84
1761595110775 0.466636598110199 85
1761595111243 0.4531109035015106 86
1761595111653 0.46483317017555237 87
1761595112078 0.4589720368385315 88
1761595112490 0.4616771936416626 89
1761595112935 0.46302974224090576 90
1761595113370 0.4625788927078247 91
1761595113934 0.46753832697868347 92
1761595114375 0.4711451828479767 93
1761595114862 0.47520288825035095 94
1761595115609 0.47430115938186646 95
1761595116039 0.4765554666519165 96
1761595116497 0.46483317017555237 97
1761595116913 0.46573489904403687 98
1761595117329 0.47700631618499756 99
1761595072107 0.3525698781013489 0
