1761590651624 0.43868350982666016 0
1761590652085 0.46302974224090576 1
1761590652544 0.45942291617393494 2
1761590652925 0.46302974224090576 3
1761590653295 0.475653737783432 4
1761590653676 0.4923354387283325 5
1761590654329 0.4941388666629791 6
1761590654822 0.5099188685417175 7
1761590655326 0.5130748152732849 8
1761590655709 0.5 9
1761590656094 0.533363401889801 10
1761590656460 0.5378719568252563 11
1761590656884 0.5261496901512146 12
1761590657283 0.546889066696167 13
1761590657652 0.5509467720985413 14
1761590658031 0.5541027784347534 15
1761590658396 0.5671776533126831 16
1761590658770 0.5775473117828369 17
1761590659152 0.5892696380615234 18
1761590659537 0.5834084749221802 19
1761590659905 0.613165020942688 20
1761590660271 0.6100090146064758 21
1761590660638 0.613615870475769 22
1761590661014 0.6055004596710205 23
1761590661397 0.6226329803466797 24
1761590661775 0.6248872876167297 25
1761590662148 0.6375112533569336 26
1761590662528 0.6451758146286011 27
1761590662914 0.6555455327033997 28
1761590663302 0.6672677993774414 29
1761590663692 0.6708746552467346 30
1761590664123 0.6749323606491089 31
1761590664486 0.6609557867050171 32
1761590664864 0.6722272038459778 33
1761590665237 0.6871054768562317 34
1761590665627 0.6726781129837036 35
1761590666018 0.6988277435302734 36
1761590666394 0.7078449130058289 37
1761590666772 0.7064923644065857 38
1761590667133 0.7042380571365356 39
1761590667491 0.7200180292129517 40
1761590667896 0.7042380571365356 41
1761590668259 0.7290351390838623 42
1761590668640 0.7195671796798706 43
1761590669024 0.7398557066917419 44
1761590669406 0.7394048571586609 45
1761590669809 0.7335437536239624 46
1761590670201 0.7407574653625488 47
1761590670573 0.7484220266342163 48
1761590670952 0.7565374374389648 49
1761590671361 0.7497745752334595 50
1761590671829 0.7524797320365906 51
1761590672240 0.7605951428413391 52
1761590672675 0.7651036977767944 53
1761590673060 0.7669070959091187 54
1761590673423 0.7637511491775513 55
1761590673834 0.7777276635169983 56
1761590674206 0.7777276635169983 57
1761590674584 0.7804328203201294 58
1761590674965 0.7759242653846741 59
1761590675341 0.7817853689193726 60
1761590675724 0.7903516888618469 61
1761590676099 0.7944093942642212 62
1761590676458 0.791253387928009 63
1761590676824 0.7926059365272522 64
1761590677231 0.7835888266563416 65
1761590677603 0.8002704977989197 66
1761590677960 0.806582510471344 67
1761590678340 0.8183047771453857 68
1761590678725 0.8137962222099304 69
1761590679112 0.8160504698753357 70
1761590679540 0.8016231060028076 71
1761590679914 0.8160504698753357 72
1761590680283 0.8196573257446289 73
1761590680675 0.8300270438194275 74
1761590681070 0.821911633014679 75
1761590681523 0.824165940284729 76
1761590681996 0.8214607834815979 77
1761590682382 0.8228133320808411 78
1761590682787 0.8295761942863464 79
1761590683179 0.837691605091095 80
1761590683553 0.8426510095596313 81
1761590683965 0.8264201879501343 82
1761590684335 0.8295761942863464 83
1761590684719 0.8403967618942261 84
1761590685103 0.853922426700592 85
1761590685469 0.838142454624176 86
1761590685854 0.8327322006225586 87
1761590686220 0.8494138717651367 88
1761590686595 0.8597835898399353 89
1761590686979 0.8570784330368042 90
1761590687386 0.8494138717651367 91
1761590687761 0.8489630222320557 92
1761590688177 0.869251549243927 93
1761590688565 0.8633904457092285 94
1761590688945 0.8638412952423096 95
1761590689325 0.8697024583816528 96
1761590689703 0.8629395961761475 97
1761590690096 0.8593327403068542 98
1761590690488 0.8697024583816528 99
1761590651624 0.43868350982666016 0
