1761590651624 1.0576545000076294 0
1761590652085 1.0446513891220093 1
1761590652544 1.0375394821166992 2
1761590652925 1.034597396850586 3
1761590653295 1.0262686014175415 4
1761590653676 1.0201250314712524 5
1761590654329 1.015211820602417 6
1761590654822 1.006067156791687 7
1761590655326 0.9967507719993591 8
1761590655709 0.9991748929023743 9
1761590656094 0.9860496520996094 10
1761590656460 0.968095064163208 11
1761590656884 0.96408611536026 12
1761590657283 0.9551436305046082 13
1761590657652 0.943199872970581 14
1761590658031 0.932245671749115 15
1761590658396 0.9203369617462158 16
1761590658770 0.9091640710830688 17
1761590659152 0.8876188397407532 18
1761590659537 0.8878312706947327 19
1761590659905 0.8708078265190125 20
1761590660271 0.8579078912734985 21
1761590660638 0.8427821397781372 22
1761590661014 0.8406141400337219 23
1761590661397 0.8242924809455872 24
1761590661775 0.816815197467804 25
1761590662148 0.8107311129570007 26
1761590662528 0.8007668256759644 27
1761590662914 0.7892331480979919 28
1761590663302 0.7617769837379456 29
1761590663692 0.7499508857727051 30
1761590664123 0.7426890134811401 31
1761590664486 0.7471607327461243 32
1761590664864 0.7296300530433655 33
1761590665237 0.7229716181755066 34
1761590665627 0.7479450106620789 35
1761590666018 0.704576849937439 36
1761590666394 0.685835599899292 37
1761590666772 0.6862006783485413 38
1761590667133 0.67707359790802 39
1761590667491 0.6563851237297058 40
1761590667896 0.6767271757125854 41
1761590668259 0.6490488052368164 42
1761590668640 0.6732279062271118 43
1761590669024 0.6309263110160828 44
1761590669406 0.6263302564620972 45
1761590669809 0.6167685389518738 46
1761590670201 0.601373016834259 47
1761590670573 0.6039928197860718 48
1761590670952 0.6018665432929993 49
1761590671361 0.5949304103851318 50
1761590671829 0.6020644307136536 51
1761590672240 0.5809078216552734 52
1761590672675 0.5681623220443726 53
1761590673060 0.5543169975280762 54
1761590673423 0.5531930923461914 55
1761590673834 0.5434795022010803 56
1761590674206 0.5390610694885254 57
1761590674584 0.5461087226867676 58
1761590674965 0.5311850905418396 59
1761590675341 0.5251415371894836 60
1761590675724 0.508176326751709 61
1761590676099 0.49758219718933105 62
1761590676458 0.5027631521224976 63
1761590676824 0.4895990788936615 64
1761590677231 0.5090187191963196 65
1761590677603 0.4879729449748993 66
1761590677960 0.47237110137939453 67
1761590678340 0.4514893591403961 68
1761590678725 0.46115967631340027 69
1761590679112 0.4425124228000641 70
1761590679540 0.4815114736557007 71
1761590679914 0.44051915407180786 72
1761590680283 0.42833396792411804 73
1761590680675 0.4204981029033661 74
1761590681070 0.4339514374732971 75
1761590681523 0.42084255814552307 76
1761590681996 0.42622318863868713 77
1761590682382 0.4282572865486145 78
1761590682787 0.4130048155784607 79
1761590683179 0.4008541703224182 80
1761590683553 0.3972458243370056 81
1761590683965 0.42455849051475525 82
1761590684335 0.39673876762390137 83
1761590684719 0.38348689675331116 84
1761590685103 0.36707425117492676 85
1761590685469 0.4152337312698364 86
1761590685854 0.39106789231300354 87
1761590686220 0.3593079745769501 88
1761590686595 0.3515360355377197 89
1761590686979 0.35003823041915894 90
1761590687386 0.3746030628681183 91
1761590687761 0.371223509311676 92
1761590688177 0.34217146039009094 93
1761590688565 0.34847956895828247 94
1761590688945 0.33863770961761475 95
1761590689325 0.3196841776371002 96
1761590689703 0.35719799995422363 97
1761590690096 0.33106881380081177 98
1761590690488 0.33052659034729004 99
1761590651624 1.0576545000076294 0
