1761522104320 0.5479946136474609 0
1761522104790 0.5831455588340759 1
1761522105387 0.5763857364654541 2
1761522105953 0.6002703905105591 3
1761522106496 0.6106353998184204 4
1761522107122 0.5993691086769104 5
1761522107676 0.624605655670166 6
1761522108076 0.6264082789421082 7
1761522108679 0.6313654780387878 8
1761522109243 0.6210004687309265 9
1761522109835 0.6300135254859924 10
1761522110210 0.6390265822410583 11
1761522110824 0.6498422622680664 12
1761522111429 0.6633618474006653 13
1761522112032 0.6665164232254028 14
1761522112719 0.6687697172164917 15
1761522113106 0.6714736223220825 16
1761522113728 0.6750788688659668 17
1761522114201 0.6822893023490906 18
1761522114684 0.6809373497962952 19
1761522115296 0.6881478428840637 20
1761522115813 0.6908517479896545 21
1761522116349 0.698512852191925 22
1761522116902 0.6980621814727783 23
1761522117437 0.6994141340255737 24
1761522117877 0.7043713331222534 25
1761522118386 0.7088778614997864 26
1761522118950 0.7205948829650879 27
1761522119533 0.7012167572975159 28
1761522120036 0.7201442122459412 29
1761522120592 0.7246507406234741 30
1761522121219 0.718341588973999 31
1761522121671 0.726904034614563 32
1761522122415 0.7309598922729492 33
1761522123163 0.7169896364212036 34
1761522123671 0.7305092215538025 35
1761522124179 0.7332131862640381 36
1761522124759 0.738170325756073 37
1761522125232 0.7449301481246948 38
1761522125921 0.7408742904663086 39
1761522126502 0.7305092215538025 40
1761522127119 0.7471834421157837 41
1761522127495 0.7390716671943665 42
1761522128079 0.7440288662910461 43
1761522128615 0.7413249015808105 44
1761522129080 0.7485353946685791 45
1761522129512 0.7516899704933167 46
1761522130075 0.7530419230461121 47
1761522130606 0.7593510746955872 48
1761522131120 0.7557458281517029 49
1761522104320 0.5479946136474609 0
