1761516625558 0.4182063937187195 0
1761516625977 0.45966652035713196 1
1761516626385 0.4668769836425781 2
1761516626805 0.4776926636695862 3
1761516627204 0.47949525713920593 4
1761516627593 0.4907616078853607 5
1761516627978 0.504281222820282 6
1761516628363 0.5250112414360046 7
1761516628731 0.554754376411438 8
1761516629101 0.5565569996833801 9
1761516629467 0.5813429355621338 10
1761516629877 0.5872014164924622 11
1761516630249 0.6016223430633545 12
1761516630640 0.5962145328521729 13
1761516631013 0.6318161487579346 14
1761516631384 0.6498422622680664 15
1761516631763 0.6430824398994446 16
1761516632135 0.6588553190231323 17
1761516632488 0.6597566604614258 18
1761516632930 0.6525461673736572 19
1761516633284 0.6741775870323181 20
1761516633653 0.694456934928894 21
1761516634057 0.6980621814727783 22
1761516634421 0.707525908946991 23
1761516634784 0.7124831080436707 24
1761516635154 0.7201442122459412 25
1761516635504 0.7255520224571228 26
1761516635885 0.7260026931762695 27
1761516636265 0.7291572690010071 28
1761516636637 0.7485353946685791 29
1761516637007 0.7390716671943665 30
1761516637365 0.7449301481246948 31
1761516637740 0.7498873472213745 32
1761516638112 0.7602523565292358 33
1761516638489 0.7607030272483826 34
1761516638881 0.7778278589248657 35
1761516639271 0.7877421975135803 36
1761516639635 0.785939633846283 37
1761516640003 0.7800810933113098 38
1761516640359 0.78143310546875 39
1761516640714 0.7913474440574646 40
1761516641074 0.7963046431541443 41
1761516641463 0.7796304821968079 42
1761516641861 0.8044164180755615 43
1761516642247 0.8008111715316772 44
1761516642632 0.8089229464530945 45
1761516643007 0.8255971074104309 46
1761516643387 0.821090579032898 47
1761516643770 0.8098242282867432 48
1761516644146 0.827399730682373 49
1761516625558 0.4182063937187195 0
