1761516625558 1.0545248985290527 0
1761516625977 1.0357564687728882 1
1761516626385 1.0259476900100708 2
1761516626805 1.014245867729187 3
1761516627204 1.004806399345398 4
1761516627593 0.9810932278633118 5
1761516627978 0.9655753970146179 6
1761516628363 0.9422883987426758 7
1761516628731 0.9200361371040344 8
1761516629101 0.9117658138275146 9
1761516629467 0.880009114742279 10
1761516629877 0.8598247766494751 11
1761516630249 0.8407854437828064 12
1761516630640 0.8349876403808594 13
1761516631013 0.7983505129814148 14
1761516631384 0.7765510082244873 15
1761516631763 0.7766737341880798 16
1761516632135 0.7414781451225281 17
1761516632488 0.7412709593772888 18
1761516632930 0.7334166169166565 19
1761516633284 0.7131327986717224 20
1761516633653 0.6830484867095947 21
1761516634057 0.6691393256187439 22
1761516634421 0.6683475971221924 23
1761516634784 0.6527368426322937 24
1761516635154 0.6326507925987244 25
1761516635504 0.6346160769462585 26
1761516635885 0.6195507049560547 27
1761516636265 0.594731330871582 28
1761516636637 0.5808525085449219 29
1761516637007 0.5863470435142517 30
1761516637365 0.5788892507553101 31
1761516637740 0.5578131079673767 32
1761516638112 0.5468693971633911 33
1761516638489 0.5442103147506714 34
1761516638881 0.5245116353034973 35
1761516639271 0.509233832359314 36
1761516639635 0.5084541440010071 37
1761516640003 0.5016738772392273 38
1761516640359 0.4955139756202698 39
1761516640714 0.4875703454017639 40
1761516641074 0.4920192062854767 41
1761516641463 0.4808603823184967 42
1761516641861 0.4532448351383209 43
1761516642247 0.46871572732925415 44
1761516642632 0.4468291401863098 45
1761516643007 0.41957151889801025 46
1761516643387 0.42020586133003235 47
1761516643770 0.4317170977592468 48
1761516644146 0.42080968618392944 49
1761516625558 1.0545248985290527 0
