1761463374438 0.5642181038856506 0
1761463374756 0.5669220089912415 1
1761463375083 0.5687246322631836 2
1761463375553 0.570076584815979 3
1761463376002 0.5718792080879211 4
1761463376437 0.5718792080879211 5
1761463376832 0.5768364071846008 6
1761463377308 0.5745831727981567 7
1761463377597 0.5732311606407166 8
1761463377863 0.5822442770004272 9
1761463378205 0.5795403122901917 10
1761463378494 0.5840468406677246 11
1761463378743 0.5899053812026978 12
1761463379281 0.5858494639396667 13
1761463379805 0.5881027579307556 14
1761463380326 0.5867508053779602 15
1761463380852 0.5890040397644043 16
1761463381317 0.5890040397644043 17
1761463381672 0.5935105681419373 18
1761463381940 0.5872014164924622 19
1761463382233 0.5971158146858215 20
1761463382497 0.5984677672386169 21
1761463382714 0.5998197197914124 22
1761463382991 0.6029742956161499 23
1761463383236 0.6083821654319763 24
1761463383481 0.6160432696342468 25
1761463383707 0.6079314947128296 26
1761463383937 0.6101847887039185 27
1761463384190 0.609283447265625 28
1761463384416 0.6151419281959534 29
1761463384645 0.6228030920028687 30
1761463384890 0.6160432696342468 31
1761463385254 0.6268589496612549 32
1761463385648 0.6264082789421082 33
1761463385962 0.628661572933197 34
1761463386389 0.6354213356971741 35
1761463386764 0.6354213356971741 36
1761463386983 0.6493915915489197 37
1761463387237 0.6399279236793518 38
1761463387494 0.6480396389961243 39
1761463387746 0.6575033664703369 40
1761463387982 0.652996838092804 41
1761463388245 0.657052755355835 42
1761463388464 0.6629112362861633 43
1761463388697 0.6629112362861633 44
1761463388939 0.6584047079086304 45
1761463389175 0.6651644706726074 46
1761463389436 0.6674177646636963 47
1761463389654 0.6674177646636963 48
1761463389884 0.672374963760376 49
1761463374438 0.5642181038856506 0
