1761518905889 0.867175817489624 0
1761518906191 0.8464412093162537 1
1761518906428 0.8460085988044739 2
1761518906655 0.8480045795440674 3
1761518906872 0.8439457416534424 4
1761518907168 0.8449196815490723 5
1761518907412 0.8418533205986023 6
1761518907627 0.8458859920501709 7
1761518907842 0.8442147970199585 8
1761518908047 0.8424618244171143 9
1761518908259 0.8427121043205261 10
1761518908469 0.8418144583702087 11
1761518908679 0.8440192937850952 12
1761518908889 0.8421455025672913 13
1761518909108 0.8439655303955078 14
1761518909331 0.8445912003517151 15
1761518909534 0.8411359190940857 16
1761518909743 0.8411514163017273 17
1761518909974 0.8401532173156738 18
1761518910195 0.8395987153053284 19
1761518910422 0.8397322297096252 20
1761518910650 0.8414572477340698 21
1761518910866 0.8425595760345459 22
1761518911089 0.8401724696159363 23
1761518911298 0.8409134149551392 24
1761518911546 0.8381023406982422 25
1761518911872 0.8388232588768005 26
1761518912124 0.8413844108581543 27
1761518912351 0.8382493257522583 28
1761518912644 0.8385191559791565 29
1761518912947 0.839063823223114 30
1761518913182 0.83812415599823 31
1761518913450 0.838092565536499 32
1761518913693 0.8381405472755432 33
1761518913907 0.8376237154006958 34
1761518914124 0.8374893665313721 35
1761518914332 0.83769690990448 36
1761518914542 0.839378833770752 37
1761518914775 0.8377364873886108 38
1761518914997 0.8361297249794006 39
1761518915218 0.83490389585495 40
1761518915432 0.8347792029380798 41
1761518915660 0.8339373469352722 42
1761518915893 0.8350067138671875 43
1761518916119 0.8336578011512756 44
1761518916338 0.8341879844665527 45
1761518916558 0.8360671401023865 46
1761518916791 0.8337323069572449 47
1761518917007 0.8323947787284851 48
1761518917231 0.8338238596916199 49
1761518905889 0.867175817489624 0
