1761534364006 0.49977466464042664 0
1761534364428 0.5092384219169617 1
1761534364861 0.5173501372337341 2
1761534365270 0.5205047130584717 3
1761534365671 0.5250112414360046 4
1761534366076 0.5178008079528809 5
1761534366474 0.5056331753730774 6
1761534366862 0.5308697819709778 7
1761534367261 0.5173501372337341 8
1761534367687 0.5218566656112671 9
1761534368092 0.5218566656112671 10
1761534368471 0.5137449502944946 11
1761534368857 0.5164488554000854 12
1761534369242 0.5308697819709778 13
1761534369657 0.5308697819709778 14
1761534370075 0.5308697819709778 15
1761534370486 0.5308697819709778 16
1761534370878 0.5308697819709778 17
1761534371275 0.5308697819709778 18
1761534371635 0.5308697819709778 19
1761534372035 0.5308697819709778 20
1761534372428 0.5308697819709778 21
1761534372831 0.5308697819709778 22
1761534373243 0.5308697819709778 23
1761534373647 0.5308697819709778 24
1761534374063 0.5308697819709778 25
1761534374488 0.5308697819709778 26
1761534374881 0.5308697819709778 27
1761534375298 0.5308697819709778 28
1761534375717 0.5178008079528809 29
1761534376110 0.5308697819709778 30
1761534376500 0.5308697819709778 31
1761534376943 0.5308697819709778 32
1761534377300 0.5308697819709778 33
1761534377701 0.5308697819709778 34
1761534378115 0.5308697819709778 35
1761534378513 0.5308697819709778 36
1761534378905 0.5308697819709778 37
1761534379282 0.5308697819709778 38
1761534379649 0.5308697819709778 39
1761534380037 0.5308697819709778 40
1761534380428 0.5308697819709778 41
1761534380806 0.5308697819709778 42
1761534381166 0.5308697819709778 43
1761534381546 0.5308697819709778 44
1761534381910 0.5308697819709778 45
1761534382273 0.5308697819709778 46
1761534382671 0.5308697819709778 47
1761534383088 0.5308697819709778 48
1761534383479 0.5308697819709778 49
1761534383862 0.5308697819709778 50
1761534384312 0.5308697819709778 51
1761534384697 0.5308697819709778 52
1761534385091 0.5308697819709778 53
1761534385469 0.5308697819709778 54
1761534385849 0.5308697819709778 55
1761534386282 0.5308697819709778 56
1761534386676 0.5308697819709778 57
1761534387082 0.5308697819709778 58
1761534387470 0.5308697819709778 59
1761534387871 0.5308697819709778 60
1761534388251 0.5308697819709778 61
1761534388647 0.5308697819709778 62
1761534389047 0.5308697819709778 63
1761534389427 0.5308697819709778 64
1761534389825 0.5308697819709778 65
1761534390227 0.5308697819709778 66
1761534390604 0.5308697819709778 67
1761534391331 0.5308697819709778 68
1761534391857 0.5308697819709778 69
1761534392293 0.5308697819709778 70
1761534392738 0.5308697819709778 71
1761534393195 0.5308697819709778 72
1761534393554 0.5308697819709778 73
1761534393940 0.5308697819709778 74
1761534394482 0.5308697819709778 75
1761534394864 0.5308697819709778 76
1761534395264 0.5308697819709778 77
1761534395742 0.5308697819709778 78
1761534396137 0.5308697819709778 79
1761534396566 0.5308697819709778 80
1761534396969 0.5308697819709778 81
1761534397488 0.5308697819709778 82
1761534397898 0.5308697819709778 83
1761534398325 0.5308697819709778 84
1761534398709 0.5308697819709778 85
1761534399096 0.5308697819709778 86
1761534399481 0.5308697819709778 87
1761534399899 0.5308697819709778 88
1761534400285 0.5308697819709778 89
1761534400737 0.5308697819709778 90
1761534401137 0.5308697819709778 91
1761534401526 0.5308697819709778 92
1761534401916 0.5286164879798889 93
1761534402306 0.5308697819709778 94
1761534402717 0.5308697819709778 95
1761534403087 0.5308697819709778 96
1761534403458 0.5308697819709778 97
1761534403821 0.5308697819709778 98
1761534404199 0.5308697819709778 99
1761534364006 0.49977466464042664 0
