1761534364006 0.8895823359489441 0
1761534364428 0.8769369721412659 1
1761534364861 0.8753319382667542 2
1761534365270 0.8734924793243408 3
1761534365671 0.8718221783638 4
1761534366076 0.8740148544311523 5
1761534366474 0.8758078217506409 6
1761534366862 0.8720303177833557 7
1761534367261 0.876528799533844 8
1761534367687 0.8756909966468811 9
1761534368092 0.8723535537719727 10
1761534368471 0.8761633634567261 11
1761534368857 0.871372640132904 12
1761534369242 0.8697404861450195 13
1761534369657 0.871974527835846 14
1761534370075 0.8695348501205444 15
1761534370486 0.872620165348053 16
1761534370878 0.8719314932823181 17
1761534371275 0.8698164820671082 18
1761534371635 0.8712025284767151 19
1761534372035 0.8700609803199768 20
1761534372428 0.8694900870323181 21
1761534372831 0.8702834248542786 22
1761534373243 0.8691546320915222 23
1761534373647 0.8703659772872925 24
1761534374063 0.8688210844993591 25
1761534374488 0.8717848062515259 26
1761534374881 0.8716123104095459 27
1761534375298 0.8688768744468689 28
1761534375717 0.8694343566894531 29
1761534376110 0.8691824078559875 30
1761534376500 0.8708242774009705 31
1761534376943 0.869607150554657 32
1761534377300 0.8689802885055542 33
1761534377701 0.8689447045326233 34
1761534378115 0.8688156604766846 35
1761534378513 0.8692618608474731 36
1761534378905 0.8687853813171387 37
1761534379282 0.8690363168716431 38
1761534379649 0.8692593574523926 39
1761534380037 0.8686291575431824 40
1761534380428 0.8692785501480103 41
1761534380806 0.8690324425697327 42
1761534381166 0.8702517747879028 43
1761534381546 0.8691151738166809 44
1761534381910 0.8690661191940308 45
1761534382273 0.8690771460533142 46
1761534382671 0.868904173374176 47
1761534383088 0.8687275648117065 48
1761534383479 0.8691617250442505 49
1761534383862 0.8694250583648682 50
1761534384312 0.8693395853042603 51
1761534384697 0.8691072463989258 52
1761534385091 0.8693757057189941 53
1761534385469 0.8692774176597595 54
1761534385849 0.8686546683311462 55
1761534386282 0.8686432242393494 56
1761534386676 0.8686466217041016 57
1761534387082 0.8686713576316833 58
1761534387470 0.8685377836227417 59
1761534387871 0.8685323596000671 60
1761534388251 0.8696638345718384 61
1761534388647 0.8688753247261047 62
1761534389047 0.8685197830200195 63
1761534389427 0.8696325421333313 64
1761534389825 0.8691110014915466 65
1761534390227 0.8695148825645447 66
1761534390604 0.8684934973716736 67
1761534391331 0.8692128658294678 68
1761534391857 0.8695262670516968 69
1761534392293 0.8690159320831299 70
1761534392738 0.868618905544281 71
1761534393195 0.8691973090171814 72
1761534393554 0.8687111735343933 73
1761534393940 0.8688152432441711 74
1761534394482 0.870412290096283 75
1761534394864 0.8689539432525635 76
1761534395264 0.8687393665313721 77
1761534395742 0.8689948916435242 78
1761534396137 0.8693931698799133 79
1761534396566 0.8689638376235962 80
1761534396969 0.8688596487045288 81
1761534397488 0.8686376214027405 82
1761534397898 0.8693302869796753 83
1761534398325 0.8696267008781433 84
1761534398709 0.8689928650856018 85
1761534399096 0.8694101572036743 86
1761534399481 0.8688845634460449 87
1761534399899 0.8685005903244019 88
1761534400285 0.8694190979003906 89
1761534400737 0.8689863681793213 90
1761534401137 0.8686482906341553 91
1761534401526 0.8689320683479309 92
1761534401916 0.8683724403381348 93
1761534402306 0.8702862858772278 94
1761534402717 0.8682196736335754 95
1761534403087 0.8698204159736633 96
1761534403458 0.8692736029624939 97
1761534403821 0.868967592716217 98
1761534404199 0.868449866771698 99
1761534364006 0.8895823359489441 0
