1761610163916 0.4310189485549927 0
1761610164480 0.4319206476211548 1
1761610165075 0.4765554666519165 2
1761610165584 0.4711451828479767 3
1761610166140 0.4634806215763092 4
1761610166718 0.46483317017555237 5
1761610167262 0.4702434539794922 6
1761610167792 0.451307475566864 7
1761610168323 0.47700631618499756 8
1761610168877 0.4702434539794922 9
1761610169400 0.4634806215763092 10
1761610169956 0.4747520387172699 11
1761610170495 0.4607754647731781 12
1761610171020 0.4765554666519165 13
1761610171589 0.46979260444641113 14
1761610172138 0.4747520387172699 15
1761610172667 0.47339946031570435 16
1761610173234 0.47610458731651306 17
1761610173731 0.4797114431858063 18
1761610174277 0.4747520387172699 19
1761610174789 0.48557257652282715 20
1761610175317 0.4815148711204529 21
1761610175845 0.48376914858818054 22
1761610176385 0.4833182990550995 23
1761610176917 0.484220027923584 24
1761610177437 0.47880974411964417 25
1761610177975 0.4797114431858063 26
1761610178500 0.4824165999889374 27
1761610179035 0.4878268837928772 28
1761610179536 0.48467087745666504 29
1761610180069 0.48737600445747375 30
1761610180598 0.4810640215873718 31
1761610181137 0.48647430539131165 32
1761610181665 0.500450849533081 33
1761610182194 0.5045085549354553 34
1761610182763 0.49774572253227234 35
1761610183303 0.5117222666740417 36
1761610183836 0.49323713779449463 37
1761610184359 0.5067628622055054 38
1761610184872 0.5135257244110107 39
1761610185397 0.5220919847488403 40
1761610185928 0.5094679594039917 41
1761610186486 0.5067628622055054 42
1761610187012 0.5266005396842957 43
1761610187516 0.5148782730102539 44
1761610188058 0.5247971415519714 45
1761610188574 0.5216411352157593 46
1761610189108 0.5238953828811646 47
1761610189628 0.533363401889801 48
1761610190180 0.5383228063583374 49
1761610163916 0.4310189485549927 0
