1761610163916 1.0664745569229126 0
1761610164480 1.0437440872192383 1
1761610165075 1.0282992124557495 2
1761610165584 1.024620532989502 3
1761610166140 1.0245232582092285 4
1761610166718 1.0277256965637207 5
1761610167262 1.026787519454956 6
1761610167792 1.029880166053772 7
1761610168323 1.0267268419265747 8
1761610168877 1.0241748094558716 9
1761610169400 1.0257230997085571 10
1761610169956 1.0244184732437134 11
1761610170495 1.0241835117340088 12
1761610171020 1.0212854146957397 13
1761610171589 1.0187408924102783 14
1761610172138 1.0170954465866089 15
1761610172667 1.021228313446045 16
1761610173234 1.0115413665771484 17
1761610173731 1.0138435363769531 18
1761610174277 1.0081037282943726 19
1761610174789 1.0060911178588867 20
1761610175317 1.0081491470336914 21
1761610175845 1.005081057548523 22
1761610176385 1.0053632259368896 23
1761610176917 1.005167841911316 24
1761610177437 1.0078023672103882 25
1761610177975 1.0067256689071655 26
1761610178500 1.0051493644714355 27
1761610179035 1.001440405845642 28
1761610179536 1.0016416311264038 29
1761610180069 0.9967129230499268 30
1761610180598 1.0030901432037354 31
1761610181137 1.0016391277313232 32
1761610181665 1.0011065006256104 33
1761610182194 0.9933863282203674 34
1761610182763 0.9913032650947571 35
1761610183303 0.9875491857528687 36
1761610183836 1.0005028247833252 37
1761610184359 0.9879182577133179 38
1761610184872 0.9824868440628052 39
1761610185397 0.9831022620201111 40
1761610185928 0.9814350605010986 41
1761610186486 0.9841517806053162 42
1761610187012 0.9728222489356995 43
1761610187516 0.9827592372894287 44
1761610188058 0.9664109349250793 45
1761610188574 0.9728490114212036 46
1761610189108 0.9697234630584717 47
1761610189628 0.9644104838371277 48
1761610190180 0.9619227647781372 49
1761610163916 1.0664745569229126 0
