1761513661610 0.45425868034362793 0
1761513661835 0.46462368965148926 1
1761513662052 0.4930148720741272 2
1761513662270 0.4993240237236023 3
1761513662469 0.5020279288291931 4
1761513662675 0.5087877511978149 5
1761513662882 0.5218566656112671 6
1761513663093 0.524109959602356 7
1761513663297 0.5232086777687073 8
1761513663502 0.5164488554000854 9
1761513663708 0.5322217345237732 10
1761513663918 0.5259125828742981 11
1761513664122 0.5416854619979858 12
1761513664326 0.5407841205596924 13
1761513664541 0.5322217345237732 14
1761513664747 0.5466426610946655 15
1761513664950 0.5479946136474609 16
1761513665158 0.5457413196563721 17
1761513665363 0.5416854619979858 18
1761513665561 0.543488085269928 19
1761513665758 0.5425867438316345 20
1761513665953 0.5340243577957153 21
1761513666160 0.5340243577957153 22
1761513666369 0.5479946136474609 23
1761513666575 0.5534024238586426 24
1761513666778 0.5452906489372253 25
1761513666983 0.543488085269928 26
1761513667189 0.5515998005867004 27
1761513667397 0.5421360731124878 28
1761513667603 0.5525011420249939 29
1761513667806 0.554303765296936 30
1761513668014 0.5637674331665039 31
1761513668220 0.5448400378227234 32
1761513668426 0.5457413196563721 33
1761513668631 0.559260904788971 34
1761513668836 0.5506985187530518 35
1761513669042 0.5579089522361755 36
1761513669247 0.5624154806137085 37
1761513669450 0.5534024238586426 38
1761513669644 0.5534024238586426 39
1761513669839 0.5430374145507812 40
1761513670034 0.5416854619979858 41
1761513670233 0.5610635280609131 42
1761513670436 0.5583596229553223 43
1761513670638 0.5497971773147583 44
1761513670849 0.5561063289642334 45
1761513671051 0.5606129169464111 46
1761513671263 0.5538530945777893 47
1761513671474 0.559260904788971 48
1761513671790 0.5601622462272644 49
1761513661610 0.45425868034362793 0
