1761598911133 0.4382326304912567 0
1761598911388 0.4905320107936859 1
1761598911645 0.50225430727005 2
1761598911874 0.5072137117385864 3
1761598912116 0.5252479910850525 4
1761598912342 0.5126239657402039 5
1761598912607 0.5229936838150024 6
1761598912826 0.531109094619751 7
1761598913054 0.5419296622276306 8
1761598913270 0.5293056964874268 9
1761598913482 0.5374211072921753 10
1761598913700 0.5513976812362671 11
1761598913915 0.547339916229248 12
1761598914151 0.5536519289016724 13
1761598914356 0.5595130920410156 14
1761598914574 0.5536519289016724 15
1761598914787 0.562218189239502 16
1761598914997 0.5730387568473816 17
1761598915226 0.5730387568473816 18
1761598915457 0.5856627821922302 19
1761598915673 0.5779982209205627 20
1761598915896 0.5933273434638977 21
1761598916115 0.5933273434638977 22
1761598916332 0.5987375974655151 23
1761598916558 0.595581591129303 24
1761598916776 0.6005410552024841 25
1761598916997 0.6023444533348083 26
1761598917216 0.5892696380615234 27
1761598917429 0.6032461524009705 28
1761598917655 0.6023444533348083 29
1761598917870 0.6095581650733948 30
1761598918088 0.6172227263450623 31
1761598918309 0.6194770336151123 32
1761598918523 0.6145175695419312 33
1761598918742 0.6100090146064758 34
1761598918966 0.6190261244773865 35
1761598919187 0.6208295822143555 36
1761598919407 0.6185752749443054 37
1761598919622 0.6194770336151123 38
1761598919834 0.6275924444198608 39
1761598920051 0.6239855885505676 40
1761598920268 0.6348061561584473 41
1761598920486 0.6262398362159729 42
1761598920700 0.6316501498222351 43
1761598920908 0.6357078552246094 44
1761598921123 0.646528422832489 45
1761598921341 0.646528422832489 46
1761598921561 0.6370604038238525 47
1761598921772 0.6492335200309753 48
1761598921990 0.6555455327033997 49
1761598911133 0.4382326304912567 0
