1761591658634 0.4923354387283325 0
1761591659117 0.5067628622055054 1
1761591659716 0.4981965720653534 2
1761591660124 0.5220919847488403 3
1761591660531 0.5270513892173767 4
1761591660933 0.5338142514228821 5
1761591661355 0.5455365180969238 6
1761591661758 0.5545536279678345 7
1761591662165 0.5495942234992981 8
1761591662616 0.5662758946418762 9
1761591663023 0.5707845091819763 10
1761591663457 0.5784490704536438 11
1761591664071 0.5847610235214233 12
1761591664558 0.5987375974655151 13
1761591664986 0.597835898399353 14
1761591665383 0.6194770336151123 15
1761591665814 0.6302975416183472 16
1761591666223 0.6402164101600647 17
1761591666667 0.6393147110939026 18
1761591667125 0.6370604038238525 19
1761591667578 0.6514878273010254 20
1761591668035 0.6564472317695618 21
1761591668466 0.6555455327033997 22
1761591668928 0.6650135517120361 23
1761591669357 0.6722272038459778 24
1761591669796 0.6762849688529968 25
1761591670247 0.6812443733215332 26
1761591670700 0.6834986209869385 27
1761591671171 0.695220947265625 28
1761591671647 0.7060414552688599 29
1761591672058 0.7100991606712341 30
1761591672512 0.7033363580703735 31
1761591672940 0.7159603238105774 32
1761591673347 0.7164111733436584 33
1761591673747 0.7227231860160828 34
1761591674160 0.7308385968208313 35
1761591674569 0.7303877472877502 36
1761591674976 0.7330929040908813 37
1761591675390 0.7412083148956299 38
1761591675786 0.7376014590263367 39
1761591676201 0.7533814311027527 40
1761591676605 0.7529305815696716 41
1761591676999 0.7493237257003784 42
1761591677399 0.759693443775177 43
1761591677808 0.7592425346374512 44
1761591678227 0.755635678768158 45
1761591678634 0.7664562463760376 46
1761591679050 0.7741208076477051 47
1761591679457 0.7745716571807861 48
1761591679882 0.7786294221878052 49
1761591680286 0.7903516888618469 50
1761591680693 0.7849413752555847 51
1761591681103 0.8092876672744751 52
1761591681511 0.8056808114051819 53
1761591681915 0.7980162501335144 54
1761591682340 0.788999080657959 55
1761591682779 0.7962127923965454 56
1761591683246 0.8061316609382629 57
1761591683774 0.8128945231437683 58
1761591684243 0.8092876672744751 59
1761591684655 0.8205590844154358 60
1761591685101 0.8264201879501343 61
1761591685499 0.8151487708091736 62
1761591685936 0.8250676393508911 63
1761591686362 0.8228133320808411 64
1761591686753 0.8273218870162964 65
1761591687165 0.8358882069587708 66
1761591687601 0.8214607834815979 67
1761591687999 0.839945912361145 68
1761591688399 0.8435527682304382 69
1761591688809 0.8422001600265503 70
1761591689221 0.853922426700592 71
1761591689643 0.853471577167511 72
1761591690102 0.8489630222320557 73
1761591690528 0.8485121726989746 74
1761591691053 0.838142454624176 75
1761591691513 0.8516681790351868 76
1761591691961 0.8575292825698853 77
1761591692396 0.8561767339706421 78
1761591692808 0.8701533079147339 79
1761591693273 0.8719567060470581 80
1761591693689 0.8656447529792786 81
1761591694102 0.8602344393730164 82
1761591694530 0.8778178691864014 83
1761591694949 0.873309314250946 84
1761591695354 0.8701533079147339 85
1761591695777 0.8782687187194824 86
1761591696221 0.8697024583816528 87
1761591696643 0.8787195682525635 88
1761591697038 0.8836789727210999 89
1761591697444 0.8746618628501892 90
1761591697872 0.8818755745887756 91
1761591698268 0.8850315809249878 92
1761591698701 0.8805229663848877 93
1761591699086 0.8809738755226135 94
1761591699482 0.8940486907958984 95
1761591699889 0.8913435339927673 96
1761591700297 0.9035167098045349 97
1761591700703 0.8787195682525635 98
1761591701130 0.8836789727210999 99
1761591658634 0.4923354387283325 0
