1761518388995 0.5416854619979858 0
1761518389296 0.550247848033905 1
1761518389516 0.563316822052002 2
1761518389725 0.565570056438446 3
1761518389937 0.5678233504295349 4
1761518390209 0.5840468406677246 5
1761518390421 0.5844975113868713 6
1761518390632 0.5971158146858215 7
1761518390858 0.6007210612297058 8
1761518391091 0.6101847887039185 9
1761518391304 0.6232537031173706 10
1761518391512 0.6282109022140503 11
1761518391721 0.6322667598724365 12
1761518391933 0.6421811580657959 13
1761518392144 0.6444344520568848 14
1761518392355 0.6651644706726074 15
1761518392564 0.6719242930412292 16
1761518392777 0.6755295395851135 17
1761518392989 0.6746281981468201 18
1761518393197 0.6827399730682373 19
1761518393409 0.6786841154098511 20
1761518393619 0.69220370054245 21
1761518393828 0.6804866790771484 22
1761518394035 0.7003154754638672 23
1761518394242 0.6989635229110718 24
1761518394455 0.7043713331222534 25
1761518394663 0.7052726745605469 26
1761518394876 0.707525908946991 27
1761518395084 0.7156376838684082 28
1761518395294 0.7102298140525818 29
1761518395506 0.7160883545875549 30
1761518395713 0.7151870131492615 31
1761518395922 0.7264533638954163 32
1761518396131 0.731410562992096 33
1761518396341 0.7309598922729492 34
1761518396549 0.7255520224571228 35
1761518396760 0.7246507406234741 36
1761518396968 0.7345651388168335 37
1761518397177 0.7390716671943665 38
1761518397387 0.7350157499313354 39
1761518397588 0.7372690439224243 40
1761518397795 0.7408742904663086 41
1761518398006 0.7471834421157837 42
1761518398216 0.7566471099853516 43
1761518398425 0.7494366765022278 44
1761518398633 0.7525912523269653 45
1761518398835 0.7453808188438416 46
1761518399044 0.7543938755989075 47
1761518399253 0.7525912523269653 48
1761518399462 0.7584497332572937 49
1761518388995 0.5416854619979858 0
