1761495569007 0.4263181686401367 0
1761495570359 0.4529067277908325 1
1761495571738 0.4700315594673157 2
1761495574455 0.4691302478313446 3
1761495575759 0.47589004039764404 4
1761495576958 0.47589004039764404 5
1761495578256 0.4776926636695862 6
1761495579464 0.4844524562358856 7
1761495581208 0.5011266469955444 8
1761495582540 0.5006759762763977 9
1761495583698 0.5137449502944946 10
1761495584986 0.49346551299095154 11
1761495587189 0.5245606303215027 12
1761495588513 0.5218566656112671 13
1761495589680 0.5281658172607422 14
1761495590840 0.5380802154541016 15
1761495591991 0.5448400378227234 16
1761495593134 0.563316822052002 17
1761495594357 0.5642181038856506 18
1761495595503 0.5822442770004272 19
1761495597288 0.5863001346588135 20
1761495598561 0.5795403122901917 21
1761495600133 0.5899053812026978 22
1761495601410 0.6124380230903625 23
1761495603050 0.6056782603263855 24
1761495604549 0.6223524212837219 25
1761495606545 0.6255069971084595 26
1761495607994 0.6336187720298767 27
1761495609251 0.6511942148208618 28
1761495610556 0.6543487906455994 29
1761495611732 0.6782334446907043 30
1761495612949 0.6656151413917542 31
1761495614190 0.6858945488929749 32
1761495615739 0.6885984539985657 33
1761495617228 0.6980621814727783 34
1761495618559 0.7133843898773193 35
1761495619890 0.7251014113426208 36
1761495621108 0.7178909182548523 37
1761495622266 0.7395222783088684 38
1761495623516 0.7534925937652588 39
1761495624688 0.7431275248527527 40
1761495626194 0.7701667547225952 41
1761495627392 0.7616043090820312 42
1761495628521 0.7737719416618347 43
1761495629748 0.7661108374595642 44
1761495631452 0.772870659828186 45
1761495632809 0.7800810933113098 46
1761495633959 0.8030644655227661 47
1761495635145 0.8138801455497742 48
1761495636302 0.8152320981025696 49
1761495569007 0.4263181686401367 0
