1761495569007 1.0777877569198608 0
1761495570359 1.0583465099334717 1
1761495571738 1.0508750677108765 2
1761495574455 1.0489215850830078 3
1761495575759 1.0374219417572021 4
1761495576958 1.0328896045684814 5
1761495578256 1.0341976881027222 6
1761495579464 1.0166765451431274 7
1761495581208 1.0090447664260864 8
1761495582540 1.0015811920166016 9
1761495583698 0.9873281121253967 10
1761495584986 0.9916419982910156 11
1761495587189 0.9722242951393127 12
1761495588513 0.9708836674690247 13
1761495589680 0.9593960642814636 14
1761495590840 0.9497963786125183 15
1761495591991 0.9352808594703674 16
1761495593134 0.9335811138153076 17
1761495594357 0.9188722968101501 18
1761495595503 0.8928787112236023 19
1761495597288 0.8823606371879578 20
1761495598561 0.8758211135864258 21
1761495600133 0.860680103302002 22
1761495601410 0.8350964784622192 23
1761495603050 0.834811806678772 24
1761495604549 0.8182922601699829 25
1761495606545 0.8014597296714783 26
1761495607994 0.7862205505371094 27
1761495609251 0.7616631984710693 28
1761495610556 0.7487806081771851 29
1761495611732 0.7173793315887451 30
1761495612949 0.7289899587631226 31
1761495614190 0.7070373296737671 32
1761495615739 0.6804230213165283 33
1761495617228 0.6875408887863159 34
1761495618559 0.6420187950134277 35
1761495619890 0.622822642326355 36
1761495621108 0.6205841302871704 37
1761495622266 0.5915179252624512 38
1761495623516 0.5792573094367981 39
1761495624688 0.5801815986633301 40
1761495626194 0.5424646139144897 41
1761495627392 0.5410858392715454 42
1761495628521 0.5317873954772949 43
1761495629748 0.5095644593238831 44
1761495631452 0.5082481503486633 45
1761495632809 0.5065025687217712 46
1761495633959 0.4574621915817261 47
1761495635145 0.4427988827228546 48
1761495636302 0.4358644485473633 49
1761495569007 1.0777877569198608 0
