1761596794683 0.533363401889801 0
1761596795141 0.546889066696167 1
1761596795576 0.5536519289016724 2
1761596796025 0.5563570857048035 3
1761596796455 0.5495942234992981 4
1761596796849 0.5563570857048035 5
1761596797248 0.5563570857048035 6
1761596797701 0.5635707974433899 7
1761596798111 0.5671776533126831 8
1761596798927 0.5730387568473816 9
1761596799323 0.5730387568473816 10
1761596799730 0.5861136317253113 11
1761596800137 0.5892696380615234 12
1761596800542 0.5897204875946045 13
1761596800958 0.5964832901954651 14
1761596801359 0.5987375974655151 15
1761596801742 0.6055004596710205 16
1761596802125 0.6127141714096069 17
1761596802529 0.6086564660072327 18
1761596802921 0.6208295822143555 19
1761596803367 0.6352570056915283 20
1761596803786 0.6275924444198608 21
1761596804185 0.644274115562439 22
1761596804603 0.6406672596931458 23
1761596804992 0.6451758146286011 24
1761596805390 0.6478809714317322 25
1761596805823 0.6510369777679443 26
1761596806212 0.6636609435081482 27
1761596806624 0.6735798120498657 28
1761596807054 0.6654644012451172 29
1761596807441 0.6735798120498657 30
1761596807854 0.6726781129837036 31
1761596808251 0.6740306615829468 32
1761596808654 0.6785392165184021 33
1761596809075 0.6812443733215332 34
1761596809489 0.695220947265625 35
1761596809908 0.6938683390617371 36
1761596810323 0.7046889066696167 37
1761596810723 0.692966639995575 38
1761596811138 0.7168620228767395 39
1761596811554 0.7046889066696167 40
1761596811973 0.7200180292129517 41
1761596812388 0.7200180292129517 42
1761596812790 0.709197461605072 43
1761596813204 0.7204688787460327 44
1761596813620 0.7303877472877502 45
1761596814025 0.7376014590263367 46
1761596814430 0.7191163301467896 47
1761596814871 0.7357980012893677 48
1761596815299 0.7394048571586609 49
1761596794683 0.533363401889801 0
