1761596794683 0.9891301393508911 0
1761596795141 0.9698567986488342 1
1761596795576 0.962427020072937 2
1761596796025 0.9576144218444824 3
1761596796455 0.9636621475219727 4
1761596796849 0.9501237869262695 5
1761596797248 0.9482589364051819 6
1761596797701 0.9367960691452026 7
1761596798111 0.9324716925621033 8
1761596798927 0.9266613721847534 9
1761596799323 0.9128517508506775 10
1761596799730 0.9122109413146973 11
1761596800137 0.9022520780563354 12
1761596800542 0.8939509391784668 13
1761596800958 0.8856657147407532 14
1761596801359 0.8777820467948914 15
1761596801742 0.8642654418945312 16
1761596802125 0.8603670001029968 17
1761596802529 0.8560212254524231 18
1761596802921 0.8407696485519409 19
1761596803367 0.8263147473335266 20
1761596803786 0.8261224627494812 21
1761596804185 0.8040172457695007 22
1761596804603 0.7996832132339478 23
1761596804992 0.788408637046814 24
1761596805390 0.785856306552887 25
1761596805823 0.7700495719909668 26
1761596806212 0.7596828937530518 27
1761596806624 0.7407524585723877 28
1761596807054 0.7447125315666199 29
1761596807441 0.7297168374061584 30
1761596807854 0.7286196351051331 31
1761596808251 0.7367157340049744 32
1761596808654 0.7105646729469299 33
1761596809075 0.7140334844589233 34
1761596809489 0.6957042217254639 35
1761596809908 0.6977376937866211 36
1761596810323 0.6719061732292175 37
1761596810723 0.6860143542289734 38
1761596811138 0.6632421016693115 39
1761596811554 0.6618613004684448 40
1761596811973 0.6445766687393188 41
1761596812388 0.6443488001823425 42
1761596812790 0.6710638403892517 43
1761596813204 0.6378502249717712 44
1761596813620 0.6351896524429321 45
1761596814025 0.605974018573761 46
1761596814430 0.6369345784187317 47
1761596814871 0.6070721745491028 48
1761596815299 0.601450502872467 49
1761596794683 0.9891301393508911 0
