1761612881651 0.44995492696762085 0
1761612882211 0.4810640215873718 1
1761612882774 0.4558160603046417 2
1761612883367 0.46753832697868347 3
1761612883933 0.44229036569595337 4
1761612884456 0.48467087745666504 5
1761612884986 0.48061317205429077 6
1761612885540 0.4810640215873718 7
1761612886040 0.48467087745666504 8
1761612886552 0.4887285828590393 9
1761612887107 0.475653737783432 10
1761612887644 0.47610458731651306 11
1761612888150 0.4887285828590393 12
1761612888679 0.4887285828590393 13
1761612889213 0.4887285828590393 14
1761612889747 0.4887285828590393 15
1761612890284 0.4887285828590393 16
1761612890816 0.4887285828590393 17
1761612891327 0.4896303117275238 18
1761612891847 0.4887285828590393 19
1761612892344 0.4887285828590393 20
1761612892883 0.4887285828590393 21
1761612893397 0.4711451828479767 22
1761612893965 0.47880974411964417 23
1761612894505 0.46753832697868347 24
1761612895025 0.4887285828590393 25
1761612895550 0.47790801525115967 26
1761612896103 0.4887285828590393 27
1761612896623 0.4860234558582306 28
1761612897149 0.47430115938186646 29
1761612897669 0.4887285828590393 30
1761612898220 0.4887285828590393 31
1761612898726 0.4887285828590393 32
1761612899264 0.4887285828590393 33
1761612899786 0.4720468819141388 34
1761612900316 0.4887285828590393 35
1761612900851 0.4887285828590393 36
1761612901394 0.4905320107936859 37
1761612901930 0.4801623225212097 38
1761612902463 0.4869251549243927 39
1761612902981 0.4923354387283325 40
1761612903551 0.4851217269897461 41
1761612904080 0.4878268837928772 42
1761612904584 0.4860234558582306 43
1761612905108 0.4905320107936859 44
1761612905632 0.4896303117275238 45
1761612906148 0.49008116126060486 46
1761612906667 0.4851217269897461 47
1761612907190 0.4972948729991913 48
1761612907706 0.4851217269897461 49
1761612881651 0.44995492696762085 0
