1761612881651 1.0424996614456177 0
1761612882211 1.0026686191558838 1
1761612882774 1.006656527519226 2
1761612883367 1.0072261095046997 3
1761612883933 1.0206091403961182 4
1761612884456 0.998231053352356 5
1761612884986 1.0018812417984009 6
1761612885540 1.0005139112472534 7
1761612886040 0.9962623715400696 8
1761612886552 0.9973664283752441 9
1761612887107 0.9982466697692871 10
1761612887644 0.9979954957962036 11
1761612888150 0.9960379600524902 12
1761612888679 0.9960849285125732 13
1761612889213 0.9978455305099487 14
1761612889747 0.9977332949638367 15
1761612890284 0.9994269609451294 16
1761612890816 0.9968753457069397 17
1761612891327 0.9992260932922363 18
1761612891847 0.9990992546081543 19
1761612892344 0.9983980059623718 20
1761612892883 0.9981070756912231 21
1761612893397 0.9996415972709656 22
1761612893965 0.9979634284973145 23
1761612894505 1.0068235397338867 24
1761612895025 0.995824933052063 25
1761612895550 0.9976757168769836 26
1761612896103 0.9954093098640442 27
1761612896623 0.9935656189918518 28
1761612897149 0.9926120638847351 29
1761612897669 0.9904597997665405 30
1761612898220 0.9921126365661621 31
1761612898726 0.9907883405685425 32
1761612899264 0.990285336971283 33
1761612899786 0.9945862889289856 34
1761612900316 0.9915426969528198 35
1761612900851 0.9895413517951965 36
1761612901394 0.9889953136444092 37
1761612901930 0.9934437274932861 38
1761612902463 0.9875958561897278 39
1761612902981 0.9878968596458435 40
1761612903551 0.989475667476654 41
1761612904080 0.9861761331558228 42
1761612904584 0.9903579950332642 43
1761612905108 0.9873397946357727 44
1761612905632 0.9853558540344238 45
1761612906148 0.9852128624916077 46
1761612906667 0.9896137714385986 47
1761612907190 0.9885966181755066 48
1761612907706 0.9858447909355164 49
1761612881651 1.0424996614456177 0
