1761587526222 0.3972046971321106 0
1761587526732 0.39945897459983826 1
1761587527177 0.4206492304801941 2
1761587527662 0.40306583046913147 3
1761587528098 0.41343551874160767 4
1761587528567 0.41073039174079895 5
1761587529038 0.4206492304801941 6
1761587529503 0.4206492304801941 7
1761587529957 0.41343551874160767 8
1761587530406 0.4206492304801941 9
1761587530833 0.40622180700302124 10
1761587531323 0.41839495301246643 11
1761587531813 0.4179441034793854 12
1761587532284 0.41343551874160767 13
1761587532758 0.4215509593486786 14
1761587533236 0.41253381967544556 15
1761587533719 0.43056806921958923 16
1761587534206 0.419747531414032 17
1761587534736 0.42651036381721497 18
1761587535193 0.41839495301246643 19
1761587535673 0.419747531414032 20
1761587536161 0.42380523681640625 21
1761587536627 0.42470693588256836 22
1761587537109 0.4152389466762543 23
1761587537560 0.4152389466762543 24
1761587538028 0.4084761142730713 25
1761587538485 0.43327322602272034 26
1761587538935 0.43146979808807373 27
1761587539386 0.4017132520675659 28
1761587539902 0.42921552062034607 29
1761587540706 0.4179441034793854 30
1761587541130 0.42560866475105286 31
1761587541569 0.4206492304801941 32
1761587542027 0.43146979808807373 33
1761587542473 0.426961213350296 34
1761587543007 0.41614067554473877 35
1761587543683 0.4233543872833252 36
1761587544373 0.42921552062034607 37
1761587544955 0.42110008001327515 38
1761587545640 0.44724977016448975 39
1761587546452 0.4495040476322174 40
1761587546951 0.4364292025566101 41
1761587547444 0.42741209268569946 42
1761587547885 0.4328223764896393 43
1761587548388 0.4346257746219635 44
1761587548827 0.43597835302352905 45
1761587549293 0.43417492508888245 46
1761587549817 0.4319206476211548 47
1761587550319 0.4458971917629242 48
1761587550781 0.4296663701534271 49
1761587551277 0.4328223764896393 50
1761587551796 0.43778178095817566 51
1761587552352 0.43417492508888245 52
1761587552835 0.44138863682746887 53
1761587553321 0.45085662603378296 54
1761587553821 0.43597835302352905 55
1761587554295 0.42560866475105286 56
1761587554805 0.451307475566864 57
1761587555302 0.44229036569595337 58
1761587555781 0.44905319809913635 59
1761587556253 0.4467989206314087 60
1761587556695 0.4495040476322174 61
1761587557132 0.459873765707016 62
1761587557573 0.4571686089038849 63
1761587558035 0.4373309314250946 64
1761587558480 0.4661857485771179 65
1761587558959 0.4571686089038849 66
1761587559393 0.46393147110939026 67
1761587559831 0.466636598110199 68
1761587560256 0.4643823206424713 69
1761587560674 0.4810640215873718 70
1761587561121 0.4729486107826233 71
1761587561558 0.468890905380249 72
1761587561974 0.48196572065353394 73
1761587562400 0.47880974411964417 74
1761587562835 0.49504056572914124 75
1761587563326 0.4747520387172699 76
1761587563759 0.47520288825035095 77
1761587564195 0.4851217269897461 78
1761587564641 0.4797114431858063 79
1761587565117 0.5045085549354553 80
1761587565606 0.4878268837928772 81
1761587566041 0.49954915046691895 82
1761587566463 0.4963931441307068 83
1761587566925 0.4954914450645447 84
1761587567417 0.5072137117385864 85
1761587567870 0.49594229459762573 86
1761587568406 0.4941388666629791 87
1761587568983 0.4923354387283325 88
1761587569519 0.5094679594039917 89
1761587570029 0.5018033981323242 90
1761587570532 0.515779972076416 91
1761587571015 0.5076645612716675 92
1761587571480 0.5126239657402039 93
1761587571945 0.5193868279457092 94
1761587572392 0.5238953828811646 95
1761587572848 0.5067628622055054 96
1761587573325 0.517132580280304 97
1761587573778 0.5320107936859131 98
1761587574209 0.5261496901512146 99
1761587526222 0.3972046971321106 0
