1761587526222 1.0967363119125366 0
1761587526732 1.0937669277191162 1
1761587527177 1.0888071060180664 2
1761587527662 1.0898075103759766 3
1761587528098 1.0862927436828613 4
1761587528567 1.0894975662231445 5
1761587529038 1.0839663743972778 6
1761587529503 1.086381196975708 7
1761587529957 1.085856318473816 8
1761587530406 1.0823866128921509 9
1761587530833 1.0838569402694702 10
1761587531323 1.0842067003250122 11
1761587531813 1.0738054513931274 12
1761587532284 1.0745067596435547 13
1761587532758 1.0689784288406372 14
1761587533236 1.0721341371536255 15
1761587533719 1.0655955076217651 16
1761587534206 1.0661821365356445 17
1761587534736 1.0638532638549805 18
1761587535193 1.0613503456115723 19
1761587535673 1.0633440017700195 20
1761587536161 1.0676424503326416 21
1761587536627 1.0631626844406128 22
1761587537109 1.0617172718048096 23
1761587537560 1.063757300376892 24
1761587538028 1.0596879720687866 25
1761587538485 1.0595916509628296 26
1761587538935 1.0591729879379272 27
1761587539386 1.0640302896499634 28
1761587539902 1.0565823316574097 29
1761587540706 1.0559500455856323 30
1761587541130 1.0548014640808105 31
1761587541569 1.059774398803711 32
1761587542027 1.0605201721191406 33
1761587542473 1.0586556196212769 34
1761587543007 1.0544137954711914 35
1761587543683 1.053597331047058 36
1761587544373 1.0533266067504883 37
1761587544955 1.0570050477981567 38
1761587545640 1.0506092309951782 39
1761587546452 1.0520689487457275 40
1761587546951 1.0522511005401611 41
1761587547444 1.054902195930481 42
1761587547885 1.0542025566101074 43
1761587548388 1.0493296384811401 44
1761587548827 1.0473054647445679 45
1761587549293 1.050811767578125 46
1761587549817 1.0468405485153198 47
1761587550319 1.045568585395813 48
1761587550781 1.0432318449020386 49
1761587551277 1.0431872606277466 50
1761587551796 1.0462310314178467 51
1761587552352 1.0407874584197998 52
1761587552835 1.0419845581054688 53
1761587553321 1.0401352643966675 54
1761587553821 1.041457176208496 55
1761587554295 1.0445027351379395 56
1761587554805 1.0374927520751953 57
1761587555302 1.0375549793243408 58
1761587555781 1.0346009731292725 59
1761587556253 1.0349845886230469 60
1761587556695 1.0324175357818604 61
1761587557132 1.0316050052642822 62
1761587557573 1.0330688953399658 63
1761587558035 1.0325640439987183 64
1761587558480 1.0271967649459839 65
1761587558959 1.0297777652740479 66
1761587559393 1.0271238088607788 67
1761587559831 1.0271936655044556 68
1761587560256 1.0214097499847412 69
1761587560674 1.019270896911621 70
1761587561121 1.0177525281906128 71
1761587561558 1.0217267274856567 72
1761587561974 1.0110939741134644 73
1761587562400 1.0135704278945923 74
1761587562835 1.008291244506836 75
1761587563326 1.0097639560699463 76
1761587563759 1.007163405418396 77
1761587564195 1.001990556716919 78
1761587564641 1.0053519010543823 79
1761587565117 0.9983817338943481 80
1761587565606 1.0018421411514282 81
1761587566041 0.995765209197998 82
1761587566463 0.9952222108840942 83
1761587566925 0.9943146705627441 84
1761587567417 0.9868584275245667 85
1761587567870 0.9868204593658447 86
1761587568406 0.991115391254425 87
1761587568983 0.9882171750068665 88
1761587569519 0.97833651304245 89
1761587570029 0.9868568181991577 90
1761587570532 0.9754448533058167 91
1761587571015 0.9747644662857056 92
1761587571480 0.9735074639320374 93
1761587571945 0.9714635014533997 94
1761587572392 0.9714152812957764 95
1761587572848 0.975586473941803 96
1761587573325 0.964643657207489 97
1761587573778 0.9638411998748779 98
1761587574209 0.9609271287918091 99
1761587526222 1.0967363119125366 0
