1761513499477 0.4718341529369354 0
1761513500346 0.5123929977416992 1
1761513501174 0.543488085269928 2
1761513502004 0.5709779262542725 3
1761513502838 0.5930599570274353 4
1761513503691 0.5984677672386169 5
1761513504546 0.6142406463623047 6
1761513505390 0.6124380230903625 7
1761513506245 0.6205497980117798 8
1761513507071 0.6403785347938538 9
1761513507890 0.6417304873466492 10
1761513508725 0.6579540371894836 11
1761513509561 0.6615592837333679 12
1761513510398 0.6782334446907043 13
1761513511223 0.6971608996391296 14
1761513512055 0.6949076056480408 15
1761513512886 0.703019380569458 16
1761513513715 0.7201442122459412 17
1761513514545 0.7350157499313354 18
1761513515368 0.746732771396637 19
1761513516201 0.7503380179405212 20
1761513517047 0.7625056505203247 21
1761513517859 0.7679134607315063 22
1761513518760 0.772870659828186 23
1761513519607 0.7850382924079895 24
1761513520443 0.7715187072753906 25
1761513521269 0.7945020198822021 26
1761513522107 0.7958539724349976 27
1761513522971 0.8134294748306274 28
1761513523861 0.812077522277832 29
1761513524703 0.8111761808395386 30
1761513525564 0.8260477781295776 31
1761513526415 0.8260477781295776 32
1761513527236 0.8093736171722412 33
1761513528072 0.8301036357879639 34
1761513528916 0.8346101641654968 35
1761513529775 0.8373141288757324 36
1761513530711 0.8476791381835938 37
1761513531684 0.8476791381835938 38
1761513532613 0.8521856665611267 39
1761513533548 0.8494817614555359 40
1761513534612 0.8607481122016907 41
1761513535772 0.8337088823318481 42
1761513536799 0.8621000647544861 43
1761513537773 0.8733663558959961 44
1761513538687 0.8765209317207336 45
1761513539591 0.8630013465881348 46
1761513540568 0.8729157447814941 47
1761513541499 0.8796755075454712 48
1761513542429 0.8850833773612976 49
1761513499477 0.4718341529369354 0
