1761513499477 0.967180609703064 0
1761513500346 0.9543489217758179 1
1761513501174 0.932582437992096 2
1761513502004 0.9088475108146667 3
1761513502838 0.8962346315383911 4
1761513503691 0.8817557096481323 5
1761513504546 0.8648598194122314 6
1761513505390 0.8582406044006348 7
1761513506245 0.8368123769760132 8
1761513507071 0.8270060420036316 9
1761513507890 0.812088668346405 10
1761513508725 0.7884793877601624 11
1761513509561 0.7787207961082458 12
1761513510398 0.7535238265991211 13
1761513511223 0.722554624080658 14
1761513512055 0.717072069644928 15
1761513512886 0.6978627443313599 16
1761513513715 0.6657505631446838 17
1761513514545 0.6397830843925476 18
1761513515368 0.617868959903717 19
1761513516201 0.601234495639801 20
1761513517047 0.5883286595344543 21
1761513517859 0.5687611699104309 22
1761513518760 0.5620198845863342 23
1761513519607 0.5368300676345825 24
1761513520443 0.5379395484924316 25
1761513521269 0.5072401165962219 26
1761513522107 0.5088143944740295 27
1761513522971 0.47775986790657043 28
1761513523861 0.47425857186317444 29
1761513524703 0.45739036798477173 30
1761513525564 0.4277052879333496 31
1761513526415 0.43842852115631104 32
1761513527236 0.4698808193206787 33
1761513528072 0.4214336574077606 34
1761513528916 0.4088471531867981 35
1761513529775 0.39084649085998535 36
1761513530711 0.3688260316848755 37
1761513531684 0.3640693426132202 38
1761513532613 0.3738914430141449 39
1761513533548 0.36396968364715576 40
1761513534612 0.3358452320098877 41
1761513535772 0.4019727110862732 42
1761513536799 0.3319723308086395 43
1761513537773 0.3073209226131439 44
1761513538687 0.308612197637558 45
1761513539591 0.32172805070877075 46
1761513540568 0.318647563457489 47
1761513541499 0.2997227609157562 48
1761513542429 0.2860087454319 49
1761513499477 0.967180609703064 0
