1761512747851 0.5398828387260437 0
1761512748275 0.5624154806137085 1
1761512748660 0.5948625802993774 2
1761512749021 0.6142406463623047 3
1761512749405 0.6250563263893127 4
1761512749813 0.63316810131073 5
1761512750208 0.6354213356971741 6
1761512750612 0.6363226771354675 7
1761512750984 0.6426318287849426 8
1761512751371 0.6606579422950745 9
1761512751761 0.668319046497345 10
1761512752181 0.6696709990501404 11
1761512752589 0.6732762455940247 12
1761512753010 0.6953582763671875 13
1761512753390 0.7012167572975159 14
1761512753777 0.7025687098503113 15
1761512754160 0.6899504065513611 16
1761512754551 0.718341588973999 17
1761512754932 0.7219468355178833 18
1761512755330 0.7178909182548523 19
1761512755693 0.7178909182548523 20
1761512756106 0.7345651388168335 21
1761512756512 0.7372690439224243 22
1761512756908 0.7431275248527527 23
1761512757304 0.737719714641571 24
1761512757717 0.762054979801178 25
1761512758097 0.7584497332572937 26
1761512758518 0.7593510746955872 27
1761512759022 0.7652095556259155 28
1761512759416 0.7719693779945374 29
1761512759830 0.7791798114776611 30
1761512760220 0.7823343873023987 31
1761512760624 0.7755745649337769 32
1761512761021 0.7791798114776611 33
1761512761404 0.777377188205719 34
1761512761800 0.79269939661026 35
1761512762194 0.7899954915046692 36
1761512762580 0.7985579371452332 37
1761512762976 0.8030644655227661 38
1761512763387 0.7976565957069397 39
1761512763803 0.8237944841384888 40
1761512764206 0.8233438730239868 41
1761512764607 0.8219918608665466 42
1761512764990 0.8143307566642761 43
1761512765405 0.8283010125160217 44
1761512765806 0.8224425315856934 45
1761512766200 0.8283010125160217 46
1761512766576 0.8377647399902344 47
1761512766937 0.8305543065071106 48
1761512767321 0.8346101641654968 49
1761512747851 0.5398828387260437 0
