1761512747851 0.7995373606681824 0
1761512748275 0.769342839717865 1
1761512748660 0.7513936758041382 2
1761512749021 0.736189067363739 3
1761512749405 0.7243101596832275 4
1761512749813 0.7174140214920044 5
1761512750208 0.7117657661437988 6
1761512750612 0.701448917388916 7
1761512750984 0.7037052512168884 8
1761512751371 0.6825513243675232 9
1761512751761 0.6774845123291016 10
1761512752181 0.6755117774009705 11
1761512752589 0.6622979044914246 12
1761512753010 0.6465910077095032 13
1761512753390 0.6429821252822876 14
1761512753777 0.6312680840492249 15
1761512754160 0.6524814367294312 16
1761512754551 0.6144687533378601 17
1761512754932 0.6064660549163818 18
1761512755330 0.6217930316925049 19
1761512755693 0.6041397452354431 20
1761512756106 0.5779597163200378 21
1761512756512 0.572221040725708 22
1761512756908 0.5720056295394897 23
1761512757304 0.5799607038497925 24
1761512757717 0.5453038215637207 25
1761512758097 0.544205367565155 26
1761512758518 0.5414367914199829 27
1761512759022 0.542640209197998 28
1761512759416 0.5239623188972473 29
1761512759830 0.5266931653022766 30
1761512760220 0.5138545036315918 31
1761512760624 0.5055114030838013 32
1761512761021 0.49520692229270935 33
1761512761404 0.49714159965515137 34
1761512761800 0.4756613075733185 35
1761512762194 0.49215856194496155 36
1761512762580 0.4671374559402466 37
1761512762976 0.470914363861084 38
1761512763387 0.4666394889354706 39
1761512763803 0.4429572522640228 40
1761512764206 0.43950319290161133 41
1761512764607 0.4352993071079254 42
1761512764990 0.4467311501502991 43
1761512765405 0.415611207485199 44
1761512765806 0.41649705171585083 45
1761512766200 0.41102349758148193 46
1761512766576 0.3897120952606201 47
1761512766937 0.40615931153297424 48
1761512767321 0.4040643572807312 49
1761512747851 0.7995373606681824 0
