1761518807222 0.5159981846809387 0
1761518807806 0.543488085269928 1
1761518808197 0.5416854619979858 2
1761518808589 0.5443893671035767 3
1761518808986 0.5515998005867004 4
1761518809425 0.5515998005867004 5
1761518809837 0.5515998005867004 6
1761518810244 0.5515998005867004 7
1761518810652 0.5515998005867004 8
1761518811038 0.5515998005867004 9
1761518811431 0.5515998005867004 10
1761518811850 0.5515998005867004 11
1761518812253 0.5515998005867004 12
1761518812635 0.5515998005867004 13
1761518813053 0.5515998005867004 14
1761518813458 0.5515998005867004 15
1761518813862 0.5515998005867004 16
1761518814280 0.5515998005867004 17
1761518814687 0.5515998005867004 18
1761518815093 0.5515998005867004 19
1761518815503 0.5515998005867004 20
1761518815901 0.5515998005867004 21
1761518816313 0.5515998005867004 22
1761518816705 0.5515998005867004 23
1761518817111 0.5515998005867004 24
1761518817531 0.5515998005867004 25
1761518817932 0.5515998005867004 26
1761518818322 0.5515998005867004 27
1761518818722 0.5515998005867004 28
1761518819121 0.5515998005867004 29
1761518819548 0.5515998005867004 30
1761518819962 0.5515998005867004 31
1761518820373 0.5515998005867004 32
1761518820786 0.5515998005867004 33
1761518821209 0.5515998005867004 34
1761518821590 0.5515998005867004 35
1761518821994 0.5515998005867004 36
1761518822408 0.5515998005867004 37
1761518822813 0.5515998005867004 38
1761518823228 0.5515998005867004 39
1761518823637 0.5515998005867004 40
1761518824024 0.5515998005867004 41
1761518824432 0.5515998005867004 42
1761518824850 0.5515998005867004 43
1761518825278 0.5515998005867004 44
1761518825682 0.5515998005867004 45
1761518826070 0.5515998005867004 46
1761518826473 0.5515998005867004 47
1761518826886 0.5515998005867004 48
1761518827289 0.5515998005867004 49
1761518807222 0.5159981846809387 0
