1761518807222 0.870550811290741 0
1761518807806 0.847917914390564 1
1761518808197 0.8510196208953857 2
1761518808589 0.8464351892471313 3
1761518808986 0.85026615858078 4
1761518809425 0.8495674133300781 5
1761518809837 0.8527130484580994 6
1761518810244 0.8465823531150818 7
1761518810652 0.8451947569847107 8
1761518811038 0.8485552668571472 9
1761518811431 0.8459548354148865 10
1761518811850 0.8475198745727539 11
1761518812253 0.8461400270462036 12
1761518812635 0.8472191095352173 13
1761518813053 0.8450741767883301 14
1761518813458 0.8466599583625793 15
1761518813862 0.8456482887268066 16
1761518814280 0.8458799719810486 17
1761518814687 0.8443716764450073 18
1761518815093 0.8477161526679993 19
1761518815503 0.845237672328949 20
1761518815901 0.8461765050888062 21
1761518816313 0.845322847366333 22
1761518816705 0.8465681672096252 23
1761518817111 0.8444257378578186 24
1761518817531 0.8461615443229675 25
1761518817932 0.8455628752708435 26
1761518818322 0.8449194431304932 27
1761518818722 0.844577431678772 28
1761518819121 0.8458293080329895 29
1761518819548 0.8444831967353821 30
1761518819962 0.8453671932220459 31
1761518820373 0.8452330827713013 32
1761518820786 0.8452087640762329 33
1761518821209 0.8458566665649414 34
1761518821590 0.8455591797828674 35
1761518821994 0.8457493782043457 36
1761518822408 0.844937264919281 37
1761518822813 0.8448757529258728 38
1761518823228 0.8464695811271667 39
1761518823637 0.8461511731147766 40
1761518824024 0.84633469581604 41
1761518824432 0.8455672860145569 42
1761518824850 0.8449445366859436 43
1761518825278 0.8448875546455383 44
1761518825682 0.844683051109314 45
1761518826070 0.8453136086463928 46
1761518826473 0.8456756472587585 47
1761518826886 0.8453459739685059 48
1761518827289 0.8449367880821228 49
1761518807222 0.870550811290741 0
