1761606058462 0.395401269197464 0
1761606058703 0.4458971917629242 1
1761606058920 0.4679891765117645 2
1761606059138 0.4702434539794922 3
1761606059351 0.4941388666629791 4
1761606059563 0.5099188685417175 5
1761606059780 0.5085662603378296 6
1761606059997 0.5387736558914185 7
1761606060218 0.5450856685638428 8
1761606060434 0.5504959225654602 9
1761606060648 0.5550045371055603 10
1761606060862 0.5590622425079346 11
1761606061076 0.5694319009780884 12
1761606061292 0.580252468585968 13
1761606061509 0.580252468585968 14
1761606061719 0.5847610235214233 15
1761606061937 0.5910730361938477 16
1761606062148 0.6045987606048584 17
1761606062357 0.6109107136726379 18
1761606062563 0.6122633218765259 19
1761606062771 0.6167718768119812 20
1761606062983 0.6316501498222351 21
1761606063196 0.6226329803466797 22
1761606063435 0.6379621028900146 23
1761606063648 0.6402164101600647 24
1761606063866 0.6302975416183472 25
1761606064082 0.6411181092262268 26
1761606064298 0.6478809714317322 27
1761606064513 0.6510369777679443 28
1761606064733 0.6478809714317322 29
1761606064955 0.6596032381057739 30
1761606065168 0.6641117930412292 31
1761606065384 0.6596032381057739 32
1761606065601 0.6663661003112793 33
1761606065811 0.6771866679191589 34
1761606066021 0.6744815111160278 35
1761606066236 0.6785392165184021 36
1761606066448 0.6767358183860779 37
1761606066661 0.6803426742553711 38
1761606066875 0.6884580850601196 39
1761606067090 0.6961226463317871 40
1761606067301 0.6907123327255249 41
1761606067516 0.6943191885948181 42
1761606067727 0.6884580850601196 43
1761606067941 0.7015329003334045 44
1761606068154 0.695220947265625 45
1761606068369 0.7114517688751221 46
1761606068580 0.7150586247444153 47
1761606068793 0.6988277435302734 48
1761606069011 0.7051397562026978 49
1761606058462 0.395401269197464 0
