1761606058462 1.0837942361831665 0
1761606058703 1.053886890411377 1
1761606058920 1.04204261302948 2
1761606059138 1.0328891277313232 3
1761606059351 1.0211375951766968 4
1761606059563 1.0053917169570923 5
1761606059780 0.9948137402534485 6
1761606059997 0.9750998616218567 7
1761606060218 0.9617762565612793 8
1761606060434 0.9470657110214233 9
1761606060648 0.9289973378181458 10
1761606060862 0.9227451086044312 11
1761606061076 0.9044535756111145 12
1761606061292 0.8904247879981995 13
1761606061509 0.8839253783226013 14
1761606061719 0.8733701109886169 15
1761606061937 0.8660440444946289 16
1761606062148 0.8521776795387268 17
1761606062357 0.844793438911438 18
1761606062563 0.8477951288223267 19
1761606062771 0.8347333669662476 20
1761606062983 0.8145362138748169 21
1761606063196 0.8135255575180054 22
1761606063435 0.8045108914375305 23
1761606063648 0.7921326756477356 24
1761606063866 0.7956290245056152 25
1761606064082 0.7835508584976196 26
1761606064298 0.7774069309234619 27
1761606064513 0.769619882106781 28
1761606064733 0.7670741677284241 29
1761606064955 0.7624924778938293 30
1761606065168 0.7549294829368591 31
1761606065384 0.7431401014328003 32
1761606065601 0.7475733160972595 33
1761606065811 0.7382649183273315 34
1761606066021 0.7321493625640869 35
1761606066236 0.7355278730392456 36
1761606066448 0.7348548769950867 37
1761606066661 0.7272435426712036 38
1761606066875 0.7140952348709106 39
1761606067090 0.7015474438667297 40
1761606067301 0.7048041224479675 41
1761606067516 0.7072351574897766 42
1761606067727 0.7010195851325989 43
1761606067941 0.6954556703567505 44
1761606068154 0.6977403163909912 45
1761606068369 0.6838349103927612 46
1761606068580 0.6771997809410095 47
1761606068793 0.6811857223510742 48
1761606069011 0.6714885234832764 49
1761606058462 1.0837942361831665 0
