1761513586271 0.49256423115730286 0
1761513586702 0.530419111251831 1
1761513587141 0.5664713978767395 2
1761513587563 0.5651194453239441 3
1761513587952 0.5826948881149292 4
1761513588297 0.6016223430633545 5
1761513588688 0.602523684501648 6
1761513589132 0.6101847887039185 7
1761513589493 0.6205497980117798 8
1761513589895 0.6255069971084595 9
1761513590312 0.6309148073196411 10
1761513590696 0.6354213356971741 11
1761513591097 0.6340693831443787 12
1761513591491 0.6430824398994446 13
1761513591871 0.6534475088119507 14
1761513592284 0.6561514139175415 15
1761513592688 0.6602072715759277 16
1761513593087 0.6624605655670166 17
1761513593463 0.6687697172164917 18
1761513593820 0.667868435382843 19
1761513594198 0.6849932670593262 20
1761513594568 0.6809373497962952 21
1761513594941 0.6786841154098511 22
1761513595317 0.6926543712615967 23
1761513595678 0.6980621814727783 24
1761513596056 0.7088778614997864 25
1761513596445 0.69220370054245 26
1761513596816 0.7016674280166626 27
1761513597175 0.7093285322189331 28
1761513597535 0.7079765796661377 29
1761513597926 0.7142857313156128 30
1761513598319 0.7287065982818604 31
1761513598697 0.7088778614997864 32
1761513599082 0.7318611741065979 33
1761513599439 0.7300586104393005 34
1761513599810 0.7296079397201538 35
1761513600200 0.7273546457290649 36
1761513600566 0.7341144680976868 37
1761513600944 0.7273546457290649 38
1761513601329 0.7332131862640381 39
1761513601696 0.7413249015808105 40
1761513602089 0.7449301481246948 41
1761513602458 0.7512392997741699 42
1761513602837 0.7561964988708496 43
1761513603277 0.7516899704933167 44
1761513603756 0.7602523565292358 45
1761513604121 0.7543938755989075 46
1761513604506 0.7701667547225952 47
1761513604869 0.7503380179405212 48
1761513605224 0.7539432048797607 49
1761513586271 0.49256423115730286 0
