1761604882981 0.4283137917518616 0
1761604883224 0.4364292025566101 1
1761604883446 0.44544634222984314 2
1761604883663 0.4531109035015106 3
1761604883880 0.4589720368385315 4
1761604884102 0.46032461524009705 5
1761604884342 0.4792605936527252 6
1761604884583 0.4643823206424713 7
1761604884824 0.49954915046691895 8
1761604885046 0.4963931441307068 9
1761604885273 0.5054102540016174 10
1761604885493 0.5031560063362122 11
1761604885710 0.5293056964874268 12
1761604885953 0.5243462324142456 13
1761604886176 0.5130748152732849 14
1761604886418 0.5247971415519714 15
1761604886637 0.5130748152732849 16
1761604886856 0.5351668000221252 17
1761604887079 0.5275022387504578 18
1761604887298 0.533363401889801 19
1761604887521 0.5477908253669739 20
1761604887737 0.531559944152832 21
1761604887957 0.5500450730323792 22
1761604888178 0.5716862082481384 23
1761604888395 0.564021646976471 24
1761604888612 0.5685302019119263 25
1761604888845 0.5653741955757141 26
1761604889101 0.5685302019119263 27
1761604889345 0.5707845091819763 28
1761604889690 0.5861136317253113 29
1761604889937 0.5784490704536438 30
1761604890174 0.5793507695198059 31
1761604890437 0.5838593244552612 32
1761604890672 0.595581591129303 33
1761604890896 0.5838593244552612 34
1761604891117 0.5892696380615234 35
1761604891333 0.597385048866272 36
1761604891566 0.6027953028678894 37
1761604891791 0.6163210272789001 38
1761604892007 0.6194770336151123 39
1761604892248 0.6118124723434448 40
1761604892485 0.6140667200088501 41
1761604892734 0.626690685749054 42
1761604892953 0.6226329803466797 43
1761604893178 0.6248872876167297 44
1761604893392 0.6257889866828918 45
1761604893619 0.6302975416183472 46
1761604893867 0.6221821308135986 47
1761604894128 0.6357078552246094 48
1761604894371 0.6541929841041565 49
1761604882981 0.4283137917518616 0
