1761604882981 1.0842665433883667 0
1761604883224 1.0636106729507446 1
1761604883446 1.0607599020004272 2
1761604883663 1.052136778831482 3
1761604883880 1.0500147342681885 4
1761604884102 1.0305116176605225 5
1761604884342 1.0262560844421387 6
1761604884583 1.03482186794281 7
1761604884824 1.0177541971206665 8
1761604885046 1.0097492933273315 9
1761604885273 1.0072497129440308 10
1761604885493 0.9954880475997925 11
1761604885710 0.988815426826477 12
1761604885953 0.9813379049301147 13
1761604886176 0.9842870235443115 14
1761604886418 0.9782730340957642 15
1761604886637 0.9775754809379578 16
1761604886856 0.9638115167617798 17
1761604887079 0.9666913151741028 18
1761604887298 0.9591025710105896 19
1761604887521 0.9490087032318115 20
1761604887737 0.9593832492828369 21
1761604887957 0.9412915706634521 22
1761604888178 0.9322866201400757 23
1761604888395 0.929667055606842 24
1761604888612 0.9261824488639832 25
1761604888845 0.9205889105796814 26
1761604889101 0.9117227792739868 27
1761604889345 0.9075919389724731 28
1761604889690 0.9023007154464722 29
1761604889937 0.8992791175842285 30
1761604890174 0.8935849070549011 31
1761604890437 0.8944786787033081 32
1761604890672 0.8810280561447144 33
1761604890896 0.8820402026176453 34
1761604891117 0.8715078830718994 35
1761604891333 0.8643600344657898 36
1761604891566 0.860004723072052 37
1761604891791 0.8542478680610657 38
1761604892007 0.8442334532737732 39
1761604892248 0.844288170337677 40
1761604892485 0.8348162770271301 41
1761604892734 0.8291667699813843 42
1761604892953 0.8233720064163208 43
1761604893178 0.821194589138031 44
1761604893392 0.818774402141571 45
1761604893619 0.8145163655281067 46
1761604893867 0.8065815567970276 47
1761604894128 0.8000358939170837 48
1761604894371 0.7903802990913391 49
1761604882981 1.0842665433883667 0
