1761469598557 0.47859397530555725 0
1761469599225 0.5096890330314636 1
1761469599638 0.519603431224823 2
1761469600256 0.5340243577957153 3
1761469600893 0.5457413196563721 4
1761469601452 0.5534024238586426 5
1761469602004 0.5601622462272644 6
1761469602560 0.5534024238586426 7
1761469603158 0.5660207271575928 8
1761469603762 0.5682740211486816 9
1761469604346 0.5664713978767395 10
1761469604980 0.5678233504295349 11
1761469605516 0.5831455588340759 12
1761469606061 0.5962145328521729 13
1761469606602 0.5921586155891418 14
1761469606927 0.5804416537284851 15
1761469607549 0.5957638621330261 16
1761469608180 0.5921586155891418 17
1761469608769 0.5993691086769104 18
1761469609369 0.6011716723442078 19
1761469609926 0.6106353998184204 20
1761469610464 0.6160432696342468 21
1761469611090 0.6097341179847717 22
1761469611624 0.6070302128791809 23
1761469612140 0.6273096203804016 24
1761469612704 0.6309148073196411 25
1761469613362 0.617845892906189 26
1761469614078 0.6309148073196411 27
1761469614781 0.6385759115219116 28
1761469615434 0.6381253004074097 29
1761469616015 0.6408292055130005 30
1761469616488 0.6372239589691162 31
1761469616843 0.6453357338905334 32
1761469617409 0.6547994613647461 33
1761469618051 0.6575033664703369 34
1761469618633 0.6584047079086304 35
1761469619117 0.6656151413917542 36
1761469619666 0.659305989742279 37
1761469620218 0.659305989742279 38
1761469620764 0.6665164232254028 39
1761469621298 0.6719242930412292 40
1761469621749 0.6750788688659668 41
1761469622369 0.6660658121109009 42
1761469622962 0.6746281981468201 43
1761469623556 0.6764308214187622 44
1761469624110 0.6782334446907043 45
1761469624666 0.6773321032524109 46
1761469625213 0.6737269163131714 47
1761469625744 0.6750788688659668 48
1761469626352 0.6782334446907043 49
1761469598557 0.47859397530555725 0
