1761466863457 0.5883668661117554 0
1761466863882 0.6025354266166687 1
1761466864461 0.6062639951705933 2
1761466865169 0.6032811403274536 3
1761466865771 0.6152125000953674 4
1761466866424 0.6368381977081299 5
1761466867165 0.6368381977081299 6
1761466867820 0.6308724880218506 7
1761466868515 0.6517524123191833 8
1761466869209 0.6517524123191833 9
1761466869849 0.654735267162323 10
1761466870490 0.6487695574760437 11
1761466871049 0.6577181220054626 12
1761466871662 0.6651752591133118 13
1761466872232 0.6666666865348816 14
1761466872940 0.6599552631378174 15
1761466873597 0.6853094696998596 16
1761466874250 0.6793437600135803 17
1761466874848 0.673378050327301 18
1761466875459 0.6741237640380859 19
1761466876205 0.6726323366165161 20
1761466876812 0.6912751793861389 21
1761466877406 0.6756151914596558 22
1761466878103 0.6912751793861389 23
1761466878694 0.673378050327301 24
1761466879054 0.6935123205184937 25
1761466879428 0.6957494616508484 26
1761466879816 0.6882923245429993 27
1761466880215 0.6890380382537842 28
1761466880985 0.699478030204773 29
1761466881678 0.6979866027832031 30
1761466882336 0.700969398021698 31
1761466882795 0.6935123205184937 32
1761466883170 0.7196122407913208 33
1761466883541 0.7151379585266113 34
1761466883933 0.7203579545021057 35
1761466884570 0.7166293859481812 36
1761466885333 0.7121551036834717 37
1761466886098 0.7233408093452454 38
1761466886778 0.7099179625511169 39
1761466887257 0.7240865230560303 40
1761466887850 0.7255779504776001 41
1761466888233 0.7270693778991699 42
1761466888589 0.7464578747749329 43
1761466888939 0.7203579545021057 44
1761466889465 0.7248322367668152 45
1761466890130 0.7345264554023743 46
1761466890646 0.7404921650886536 47
1761466891048 0.7434750199317932 48
1761466891660 0.7472035884857178 49
1761466863457 0.5883668661117554 0
