1761609660305 0.4869251549243927 0
1761609660571 0.5270513892173767 1
1761609660796 0.5365194082260132 2
1761609661019 0.5595130920410156 3
1761609661244 0.566726803779602 4
1761609661475 0.5910730361938477 5
1761609661701 0.5897204875946045 6
1761609661930 0.6064021587371826 7
1761609662156 0.6275924444198608 8
1761609662386 0.6397655606269836 9
1761609662611 0.6429215669631958 10
1761609662832 0.6429215669631958 11
1761609663067 0.6609557867050171 12
1761609663291 0.6695221066474915 13
1761609663515 0.6731289625167847 14
1761609663751 0.6862037777900696 15
1761609663985 0.695671796798706 16
1761609664220 0.6889089345932007 17
1761609664457 0.7114517688751221 18
1761609664685 0.7168620228767395 19
1761609664906 0.7146077752113342 20
1761609665192 0.726780891418457 21
1761609665427 0.7213705778121948 22
1761609665655 0.7285842895507812 23
1761609665880 0.7344454526901245 24
1761609666095 0.740306556224823 25
1761609666320 0.7394048571586609 26
1761609666555 0.7696122527122498 27
1761609666771 0.7669070959091187 28
1761609666997 0.7623985409736633 29
1761609667227 0.7660053968429565 30
1761609667464 0.7678088545799255 31
1761609667690 0.7795311212539673 32
1761609667921 0.790802538394928 33
1761609668154 0.790802538394928 34
1761609668385 0.7799819707870483 35
1761609668626 0.7790802717208862 36
1761609668853 0.7858430743217468 37
1761609669077 0.7885482311248779 38
1761609669341 0.78944993019104 39
1761609669572 0.8056808114051819 40
1761609669798 0.8052299618721008 41
1761609670023 0.8097385168075562 42
1761609670281 0.8146979212760925 43
1761609670526 0.8210099339485168 44
1761609670750 0.8178539276123047 45
1761609670974 0.8205590844154358 46
1761609671200 0.8300270438194275 47
1761609671428 0.8363390564918518 48
1761609671656 0.8372407555580139 49
1761609660305 0.4869251549243927 0
