1761609660305 1.0138708353042603 0
1761609660571 0.9862308502197266 1
1761609660796 0.9662772417068481 2
1761609661019 0.9423622488975525 3
1761609661244 0.9343925714492798 4
1761609661475 0.907974123954773 5
1761609661701 0.8930243849754333 6
1761609661930 0.8758729696273804 7
1761609662156 0.8512440919876099 8
1761609662386 0.8363812565803528 9
1761609662611 0.8201820254325867 10
1761609662832 0.8013029098510742 11
1761609663067 0.7904163002967834 12
1761609663291 0.7626422643661499 13
1761609663515 0.7633569240570068 14
1761609663751 0.7371598482131958 15
1761609663985 0.7203760743141174 16
1761609664220 0.7120145559310913 17
1761609664457 0.6909707188606262 18
1761609664685 0.6680120229721069 19
1761609664906 0.6667805314064026 20
1761609665192 0.6467766761779785 21
1761609665427 0.6386626362800598 22
1761609665655 0.6293125748634338 23
1761609665880 0.6250717639923096 24
1761609666095 0.6199792623519897 25
1761609666320 0.6069991588592529 26
1761609666555 0.5734031796455383 27
1761609666771 0.5602543354034424 28
1761609666997 0.5570731163024902 29
1761609667227 0.5582327246665955 30
1761609667464 0.5357871055603027 31
1761609667690 0.524638295173645 32
1761609667921 0.5099965929985046 33
1761609668154 0.5021544694900513 34
1761609668385 0.5188356041908264 35
1761609668626 0.5189999938011169 36
1761609668853 0.4973572790622711 37
1761609669077 0.49034708738327026 38
1761609669341 0.48168203234672546 39
1761609669572 0.4593532681465149 40
1761609669798 0.4570680558681488 41
1761609670023 0.46309491991996765 42
1761609670281 0.44935616850852966 43
1761609670526 0.43247589468955994 44
1761609670750 0.42770716547966003 45
1761609670974 0.4476489722728729 46
1761609671200 0.41900694370269775 47
1761609671428 0.4012185037136078 48
1761609671656 0.40702980756759644 49
1761609660305 1.0138708353042603 0
