1761519866820 0.4109959304332733 0
1761519867222 0.4222622811794281 1
1761519867682 0.44569626450538635 2
1761519868058 0.4321766495704651 3
1761519868448 0.4641730487346649 4
1761519868813 0.47724199295043945 5
1761519869160 0.4952681362628937 6
1761519869520 0.5182514786720276 7
1761519869872 0.5331230163574219 8
1761519870243 0.5488958954811096 9
1761519870613 0.5858494639396667 10
1761519870986 0.5718792080879211 11
1761519871346 0.6007210612297058 12
1761519871718 0.5989184379577637 13
1761519872086 0.6182965040206909 14
1761519872450 0.6250563263893127 15
1761519872821 0.628661572933197 16
1761519873188 0.6399279236793518 17
1761519873557 0.6620098948478699 18
1761519873919 0.6633618474006653 19
1761519874287 0.6795853972434998 20
1761519874637 0.6813880205154419 21
1761519874992 0.6849932670593262 22
1761519875360 0.7039206624031067 23
1761519875719 0.6746281981468201 24
1761519876077 0.7156376838684082 25
1761519876447 0.7156376838684082 26
1761519876816 0.7318611741065979 27
1761519877185 0.7318611741065979 28
1761519877553 0.7435781955718994 29
1761519877905 0.7395222783088684 30
1761519878266 0.7408742904663086 31
1761519878642 0.7561964988708496 32
1761519879011 0.7548445463180542 33
1761519879375 0.757548451423645 34
1761519879740 0.7634069323539734 35
1761519880110 0.7710680365562439 36
1761519880483 0.7760252356529236 37
1761519880851 0.7850382924079895 38
1761519881217 0.78143310546875 39
1761519881590 0.7931500673294067 40
1761519881957 0.7787291407585144 41
1761519882323 0.8125281929969788 42
1761519882698 0.7994592189788818 43
1761519883067 0.8008111715316772 44
1761519883440 0.8102748990058899 45
1761519883793 0.7954033613204956 46
1761519884140 0.8093736171722412 47
1761519884516 0.8201892971992493 48
1761519884894 0.8129788041114807 49
1761519866820 0.4109959304332733 0
