1761519866820 1.0751603841781616 0
1761519867222 1.0657660961151123 1
1761519867682 1.0545556545257568 2
1761519868058 1.0468629598617554 3
1761519868448 1.0345028638839722 4
1761519868813 1.0137830972671509 5
1761519869160 0.9964191913604736 6
1761519869520 0.9673215746879578 7
1761519869872 0.9441660642623901 8
1761519870243 0.9262607097625732 9
1761519870613 0.887504518032074 10
1761519870986 0.8791171908378601 11
1761519871346 0.8504523634910583 12
1761519871718 0.8349697589874268 13
1761519872086 0.8196197152137756 14
1761519872450 0.7963815331459045 15
1761519872821 0.7893831729888916 16
1761519873188 0.770798921585083 17
1761519873557 0.7526781558990479 18
1761519873919 0.7485340237617493 19
1761519874287 0.7192996740341187 20
1761519874637 0.7018173933029175 21
1761519874992 0.7019060850143433 22
1761519875360 0.6652700901031494 23
1761519875719 0.711185872554779 24
1761519876077 0.6388590335845947 25
1761519876447 0.6407756805419922 26
1761519876816 0.6172879934310913 27
1761519877185 0.6051729321479797 28
1761519877553 0.5993152260780334 29
1761519877905 0.5998344421386719 30
1761519878266 0.5845522284507751 31
1761519878642 0.5718830227851868 32
1761519879011 0.5505214929580688 33
1761519879375 0.556842565536499 34
1761519879740 0.5410096049308777 35
1761519880110 0.5294414758682251 36
1761519880483 0.5240212678909302 37
1761519880851 0.5058923959732056 38
1761519881217 0.5007820725440979 39
1761519881590 0.4951658844947815 40
1761519881957 0.49819886684417725 41
1761519882323 0.4619571268558502 42
1761519882698 0.46608397364616394 43
1761519883067 0.45961469411849976 44
1761519883440 0.43958812952041626 45
1761519883793 0.46340420842170715 46
1761519884140 0.4604564309120178 47
1761519884516 0.4273255169391632 48
1761519884894 0.43768516182899475 49
1761519866820 1.0751603841781616 0
