1761513641589 0.4601171612739563 0
1761513641877 0.5412347912788391 1
1761513642158 0.5579089522361755 2
1761513642448 0.5714285969734192 3
1761513642727 0.5872014164924622 4
1761513643029 0.5930599570274353 5
1761513643243 0.5944119095802307 6
1761513643459 0.6173952221870422 7
1761513643664 0.6223524212837219 8
1761513643875 0.6300135254859924 9
1761513644083 0.6376746296882629 10
1761513644289 0.6367733478546143 11
1761513644496 0.6462370157241821 12
1761513644706 0.6543487906455994 13
1761513644922 0.6547994613647461 14
1761513645132 0.6566020846366882 15
1761513645343 0.6588553190231323 16
1761513645559 0.6777827739715576 17
1761513645769 0.6800360679626465 18
1761513645985 0.6710230112075806 19
1761513646195 0.6786841154098511 20
1761513646404 0.679134726524353 21
1761513646618 0.6840919256210327 22
1761513646825 0.698512852191925 23
1761513647028 0.687697172164917 24
1761513647240 0.6931049823760986 25
1761513647450 0.7012167572975159 26
1761513647658 0.7048220038414001 27
1761513647866 0.7102298140525818 28
1761513648077 0.7102298140525818 29
1761513648312 0.7160883545875549 30
1761513648532 0.7138350605964661 31
1761513648758 0.7147363424301147 32
1761513648974 0.7151870131492615 33
1761513649183 0.7147363424301147 34
1761513649399 0.7223974466323853 35
1761513649606 0.7210454940795898 36
1761513649823 0.7214961647987366 37
1761513650033 0.726904034614563 38
1761513650241 0.7323118448257446 39
1761513650459 0.742676854133606 40
1761513650666 0.7323118448257446 41
1761513650872 0.7345651388168335 42
1761513651081 0.731410562992096 43
1761513651299 0.7372690439224243 44
1761513651496 0.7444794774055481 45
1761513651703 0.7458314299583435 46
1761513651910 0.7449301481246948 47
1761513652131 0.7413249015808105 48
1761513652330 0.7453808188438416 49
1761513641589 0.4601171612739563 0
