1761513641589 0.9935527443885803 0
1761513641877 0.9363489151000977 1
1761513642158 0.9204962849617004 2
1761513642448 0.9076317548751831 3
1761513642727 0.8953404426574707 4
1761513643029 0.8835341334342957 5
1761513643243 0.8753104209899902 6
1761513643459 0.8592731356620789 7
1761513643664 0.8462096452713013 8
1761513643875 0.8380408883094788 9
1761513644083 0.8286624550819397 10
1761513644289 0.8227479457855225 11
1761513644496 0.8120741248130798 12
1761513644706 0.8017908334732056 13
1761513644922 0.796475350856781 14
1761513645132 0.7900844812393188 15
1761513645343 0.7882474064826965 16
1761513645559 0.7699393630027771 17
1761513645769 0.7668460607528687 18
1761513645985 0.7635700702667236 19
1761513646195 0.7571671009063721 20
1761513646404 0.7539607286453247 21
1761513646618 0.745543360710144 22
1761513646825 0.7352047562599182 23
1761513647028 0.7368326783180237 24
1761513647240 0.729527473449707 25
1761513647450 0.7217784523963928 26
1761513647658 0.7194099426269531 27
1761513647866 0.7131948471069336 28
1761513648077 0.7124959230422974 29
1761513648312 0.6991119980812073 30
1761513648532 0.6967436075210571 31
1761513648758 0.7001363635063171 32
1761513648974 0.6913141012191772 33
1761513649183 0.6854758262634277 34
1761513649399 0.6807089447975159 35
1761513649606 0.6826284527778625 36
1761513649823 0.6864070892333984 37
1761513650033 0.6679508686065674 38
1761513650241 0.6662187576293945 39
1761513650459 0.6651512384414673 40
1761513650666 0.6668436527252197 41
1761513650872 0.6617252230644226 42
1761513651081 0.6556499600410461 43
1761513651299 0.6525766253471375 44
1761513651496 0.6473520994186401 45
1761513651703 0.6446497440338135 46
1761513651910 0.6414990425109863 47
1761513652131 0.6380747556686401 48
1761513652330 0.6370993852615356 49
1761513641589 0.9935527443885803 0
