1761608349517 0.466636598110199 0
1761608349851 0.4747520387172699 1
1761608350177 0.500450849533081 2
1761608350465 0.5036068558692932 3
1761608350766 0.5090171098709106 4
1761608351064 0.5076645612716675 5
1761608351352 0.5 6
1761608351659 0.5180342793464661 7
1761608351949 0.5238953828811646 8
1761608352254 0.5229936838150024 9
1761608352543 0.5225428342819214 10
1761608352835 0.5374211072921753 11
1761608353131 0.5293056964874268 12
1761608353440 0.5338142514228821 13
1761608353733 0.5428313612937927 14
1761608354024 0.5410279631614685 15
1761608354310 0.5541027784347534 16
1761608354607 0.5464382171630859 17
1761608354893 0.5396753549575806 18
1761608355176 0.5572587847709656 19
1761608355474 0.5432822108268738 20
1761608355777 0.5432822108268738 21
1761608356076 0.5500450730323792 22
1761608356363 0.5626690983772278 23
1761608356657 0.546889066696167 24
1761608356951 0.5532010793685913 25
1761608357244 0.5694319009780884 26
1761608357524 0.5671776533126831 27
1761608357817 0.5843101739883423 28
1761608358104 0.5725879073143005 29
1761608358392 0.5856627821922302 30
1761608358673 0.5892696380615234 31
1761608358956 0.6086564660072327 32
1761608359254 0.6082056164741516 33
1761608359533 0.6041478514671326 34
1761608359855 0.6145175695419312 35
1761608360136 0.6271415948867798 36
1761608360405 0.6068530082702637 37
1761608360683 0.6181244254112244 38
1761608360970 0.6456266641616821 39
1761608361294 0.6519386768341064 40
1761608361559 0.6415689587593079 41
1761608361841 0.6537421345710754 42
1761608362153 0.6420198082923889 43
1761608362487 0.6582506895065308 44
1761608362802 0.6731289625167847 45
1761608363094 0.6636609435081482 46
1761608363384 0.6740306615829468 47
1761608363669 0.6771866679191589 48
1761608363956 0.6839495301246643 49
1761608349517 0.466636598110199 0
