1761608349517 1.0349117517471313 0
1761608349851 1.0129978656768799 1
1761608350177 0.9891336560249329 2
1761608350465 0.9912243485450745 3
1761608350766 0.9881006479263306 4
1761608351064 0.9878736734390259 5
1761608351352 0.9863629937171936 6
1761608351659 0.9779952168464661 7
1761608351949 0.9818134903907776 8
1761608352254 0.9673462510108948 9
1761608352543 0.9722700119018555 10
1761608352835 0.9651468992233276 11
1761608353131 0.967799186706543 12
1761608353440 0.9640994668006897 13
1761608353733 0.9652787446975708 14
1761608354024 0.964238703250885 15
1761608354310 0.951697826385498 16
1761608354607 0.9571648836135864 17
1761608354893 0.9504706859588623 18
1761608355176 0.9507189393043518 19
1761608355474 0.9424413442611694 20
1761608355777 0.9462104439735413 21
1761608356076 0.9366625547409058 22
1761608356363 0.9345587491989136 23
1761608356657 0.9437435269355774 24
1761608356951 0.9293056726455688 25
1761608357244 0.9144824743270874 26
1761608357524 0.9186277985572815 27
1761608357817 0.8985204696655273 28
1761608358104 0.9127631783485413 29
1761608358392 0.9010910987854004 30
1761608358673 0.8859246969223022 31
1761608358956 0.882709264755249 32
1761608359254 0.8679779171943665 33
1761608359533 0.8772466778755188 34
1761608359855 0.8602373003959656 35
1761608360136 0.8447901010513306 36
1761608360405 0.861622154712677 37
1761608360683 0.8412562012672424 38
1761608360970 0.8266360759735107 39
1761608361294 0.8176690936088562 40
1761608361559 0.8178390860557556 41
1761608361841 0.8025522232055664 42
1761608362153 0.8090307116508484 43
1761608362487 0.7894068360328674 44
1761608362802 0.785909116268158 45
1761608363094 0.7775607109069824 46
1761608363384 0.772808313369751 47
1761608363669 0.7751995325088501 48
1761608363956 0.7521181702613831 49
1761608349517 1.0349117517471313 0
