1761445389144 1.0855181217193604 0
1761445390307 1.0478453636169434 1
1761445391567 1.042313814163208 2
1761445392854 1.0213857889175415 3
1761445395124 1.0246645212173462 4
1761445396530 1.0059021711349487 5
1761445397795 0.9915046095848083 6
1761445398851 0.9883438348770142 7
1761445400111 0.9743271470069885 8
1761445401386 0.9574967622756958 9
1761445402557 0.9655073881149292 10
1761445403674 0.9472836852073669 11
1761445404703 0.9427034258842468 12
1761445405551 0.922956645488739 13
1761445406428 0.9223372340202332 14
1761445407365 0.8962164521217346 15
1761445408354 0.8838945627212524 16
1761445409229 0.865859866142273 17
1761445410072 0.865312933921814 18
1761445411149 0.8770052194595337 19
1761445412856 0.8434897065162659 20
1761445414122 0.8441565632820129 21
1761445414935 0.8274688720703125 22
1761445415907 0.832983136177063 23
1761445416508 0.798492431640625 24
1761445417332 0.7880784273147583 25
1761445418236 0.8095279335975647 26
1761445419276 0.7808336615562439 27
1761445419912 0.7650633454322815 28
1761445420668 0.796467125415802 29
1761445421646 0.7603409290313721 30
1761445422563 0.7667369246482849 31
1761445423796 0.7317626476287842 32
1761445425194 0.7218325734138489 33
1761445426534 0.730975329875946 34
1761445427881 0.7084110975265503 35
1761445429148 0.7258574366569519 36
1761445430360 0.6957834959030151 37
1761445432045 0.6949651837348938 38
1761445433623 0.6876174807548523 39
1761445434906 0.6791568398475647 40
1761445436306 0.651093602180481 41
1761445437536 0.6728500723838806 42
1761445438957 0.641919732093811 43
1761445440296 0.6458115577697754 44
1761445441577 0.6404118537902832 45
1761445443125 0.6229010224342346 46
1761445444463 0.6502608060836792 47
1761445445705 0.6069672703742981 48
1761445447274 0.6027253866195679 49
1761445389144 1.0855181217193604 0
