1761605367503 0.43958520889282227 0
1761605367768 0.4702434539794922 1
1761605367989 0.4869251549243927 2
1761605368203 0.49368801712989807 3
1761605368422 0.5202885270118713 4
1761605368636 0.5288548469543457 5
1761605368865 0.5504959225654602 6
1761605369094 0.562218189239502 7
1761605369316 0.5550045371055603 8
1761605369541 0.5847610235214233 9
1761605369768 0.5825067758560181 10
1761605369991 0.5924255847930908 11
1761605370211 0.6145175695419312 12
1761605370435 0.6226329803466797 13
1761605370707 0.6230838298797607 14
1761605370946 0.6271415948867798 15
1761605371161 0.6388638615608215 16
1761605371387 0.6514878273010254 17
1761605371613 0.6501352787017822 18
1761605371839 0.6713255047798157 19
1761605372062 0.6713255047798157 20
1761605372288 0.6812443733215332 21
1761605372524 0.6825969219207764 22
1761605372751 0.6992786526679993 23
1761605372976 0.7046889066696167 24
1761605373195 0.711000919342041 25
1761605373420 0.7051397562026978 26
1761605373651 0.7240757346153259 27
1761605373868 0.7394048571586609 28
1761605374083 0.724977433681488 29
1761605374300 0.7240757346153259 30
1761605374518 0.7511271238327026 31
1761605374746 0.7326419949531555 32
1761605374972 0.7484220266342163 33
1761605375202 0.7511271238327026 34
1761605375425 0.7723174095153809 35
1761605375691 0.7772768139839172 36
1761605375922 0.7682597041130066 37
1761605376144 0.7723174095153809 38
1761605376369 0.7840396761894226 39
1761605376591 0.7858430743217468 40
1761605376821 0.7759242653846741 41
1761605377050 0.7957619428634644 42
1761605377278 0.7948602437973022 43
1761605377493 0.7790802717208862 44
1761605377726 0.7777276635169983 45
1761605377955 0.8011722564697266 46
1761605378195 0.7975654006004333 47
1761605378460 0.8165013790130615 48
1761605378696 0.8133453726768494 49
1761605367503 0.43958520889282227 0
