1761605715083 0.40982866287231445 0
1761605715350 0.45085662603378296 1
1761605715598 0.4887285828590393 2
1761605715835 0.5013525485992432 3
1761605716062 0.5243462324142456 4
1761605716301 0.5351668000221252 5
1761605716536 0.5568079352378845 6
1761605716788 0.566726803779602 7
1761605717118 0.5847610235214233 8
1761605717354 0.5942290425300598 9
1761605717610 0.5870153307914734 10
1761605717853 0.6176735758781433 11
1761605718115 0.6244364380836487 12
1761605718386 0.6325518488883972 13
1761605718615 0.6393147110939026 14
1761605718846 0.6627592444419861 15
1761605719110 0.6668169498443604 16
1761605719343 0.6771866679191589 17
1761605719583 0.6997295022010803 18
1761605719804 0.6965734958648682 19
1761605720026 0.709197461605072 20
1761605720248 0.7227231860160828 21
1761605720484 0.7123534679412842 22
1761605720707 0.7204688787460327 23
1761605720927 0.7371506094932556 24
1761605721152 0.7366997003555298 25
1761605721380 0.742110013961792 26
1761605721606 0.7533814311027527 27
1761605721828 0.7592425346374512 28
1761605722062 0.7691614031791687 29
1761605722297 0.7727682590484619 30
1761605722523 0.773219108581543 31
1761605722747 0.7700631022453308 32
1761605722987 0.7944093942642212 33
1761605723211 0.7944093942642212 34
1761605723435 0.7971144914627075 35
1761605723656 0.7998196482658386 36
1761605723881 0.7826871275901794 37
1761605724099 0.8029756546020508 38
1761605724322 0.806582510471344 39
1761605724554 0.807033360004425 40
1761605724835 0.804779052734375 41
1761605725164 0.8061316609382629 42
1761605725393 0.8106402158737183 43
1761605725620 0.82236248254776 44
1761605725844 0.8286744952201843 45
1761605726092 0.8309287428855896 46
1761605726332 0.8313795924186707 47
1761605726596 0.8331830501556396 48
1761605726839 0.8462578654289246 49
1761605715083 0.40982866287231445 0
