1761605715083 1.070780873298645 0
1761605715350 1.0353968143463135 1
1761605715598 1.013532280921936 2
1761605715835 0.9900122284889221 3
1761605716062 0.9648860096931458 4
1761605716301 0.9450880885124207 5
1761605716536 0.9320957660675049 6
1761605716788 0.9026790857315063 7
1761605717118 0.8763357400894165 8
1761605717354 0.859373927116394 9
1761605717610 0.8491944074630737 10
1761605717853 0.8273867964744568 11
1761605718115 0.7998797297477722 12
1761605718386 0.7881659865379333 13
1761605718615 0.7659496068954468 14
1761605718846 0.7414646148681641 15
1761605719110 0.7263774275779724 16
1761605719343 0.7166375517845154 17
1761605719583 0.6776828765869141 18
1761605719804 0.678907036781311 19
1761605720026 0.6495444774627686 20
1761605720248 0.6377467513084412 21
1761605720484 0.6458965539932251 22
1761605720707 0.6399885416030884 23
1761605720927 0.6096855401992798 24
1761605721152 0.6057658195495605 25
1761605721380 0.579804003238678 26
1761605721606 0.5653404593467712 27
1761605721828 0.5572887063026428 28
1761605722062 0.5399991869926453 29
1761605722297 0.5334056615829468 30
1761605722523 0.5288460850715637 31
1761605722747 0.5473623871803284 32
1761605722987 0.48981335759162903 33
1761605723211 0.48307615518569946 34
1761605723435 0.49106892943382263 35
1761605723656 0.4769853353500366 36
1761605723881 0.5094931125640869 37
1761605724099 0.4579748511314392 38
1761605724322 0.45212894678115845 39
1761605724554 0.4496798515319824 40
1761605724835 0.4471954107284546 41
1761605725164 0.4519062340259552 42
1761605725393 0.4524330496788025 43
1761605725620 0.42236122488975525 44
1761605725844 0.40956389904022217 45
1761605726092 0.4066725969314575 46
1761605726332 0.40323618054389954 47
1761605726596 0.4032154083251953 48
1761605726839 0.37787723541259766 49
1761605715083 1.070780873298645 0
