1761590767256 1.0878599882125854 0
1761590767500 1.0536739826202393 1
1761590767707 1.051195740699768 2
1761590767921 1.0490636825561523 3
1761590768133 1.04944908618927 4
1761590768363 1.052172303199768 5
1761590768575 1.0513888597488403 6
1761590768792 1.0497997999191284 7
1761590769020 1.0487275123596191 8
1761590769261 1.0483561754226685 9
1761590769487 1.048046350479126 10
1761590769703 1.0485730171203613 11
1761590769918 1.0491200685501099 12
1761590770131 1.0484132766723633 13
1761590770345 1.0493130683898926 14
1761590770582 1.048033595085144 15
1761590770810 1.0469460487365723 16
1761590771022 1.0453821420669556 17
1761590771235 1.046762228012085 18
1761590771465 1.0462437868118286 19
1761590771679 1.049483060836792 20
1761590771921 1.0512498617172241 21
1761590772148 1.0457862615585327 22
1761590772365 1.043172836303711 23
1761590772587 1.044450283050537 24
1761590772850 1.0427769422531128 25
1761590773088 1.040608286857605 26
1761590773323 1.0446081161499023 27
1761590773550 1.045859932899475 28
1761590773773 1.04388427734375 29
1761590773997 1.0464913845062256 30
1761590774241 1.0414683818817139 31
1761590774491 1.0420533418655396 32
1761590774720 1.0420387983322144 33
1761590774938 1.03912353515625 34
1761590775157 1.0405864715576172 35
1761590775382 1.0405941009521484 36
1761590775640 1.038183331489563 37
1761590775857 1.037492036819458 38
1761590776091 1.0411125421524048 39
1761590776335 1.03951096534729 40
1761590776545 1.038830041885376 41
1761590776767 1.0363162755966187 42
1761590776981 1.0367944240570068 43
1761590777216 1.036478042602539 44
1761590777437 1.0375694036483765 45
1761590777647 1.0366041660308838 46
1761590777866 1.0350515842437744 47
1761590778076 1.0349162817001343 48
1761590778287 1.0336207151412964 49
1761590778494 1.0353091955184937 50
1761590778700 1.036620855331421 51
1761590778915 1.0350011587142944 52
1761590779128 1.0307035446166992 53
1761590779345 1.033695101737976 54
1761590779561 1.0296188592910767 55
1761590779775 1.0311163663864136 56
1761590779987 1.029272437095642 57
1761590780198 1.0307585000991821 58
1761590780426 1.0286298990249634 59
1761590780654 1.0300246477127075 60
1761590780868 1.0286003351211548 61
1761590781082 1.0298728942871094 62
1761590781294 1.0301613807678223 63
1761590781521 1.0278505086898804 64
1761590781738 1.0270713567733765 65
1761590781956 1.0262951850891113 66
1761590782165 1.0286189317703247 67
1761590782377 1.0283565521240234 68
1761590782591 1.0274813175201416 69
1761590782822 1.026047706604004 70
1761590783033 1.0242000818252563 71
1761590783244 1.0246456861495972 72
1761590783470 1.0274202823638916 73
1761590783681 1.023978352546692 74
1761590783907 1.0304259061813354 75
1761590784115 1.023474097251892 76
1761590784355 1.022289514541626 77
1761590784646 1.022175669670105 78
1761590784894 1.0249710083007812 79
1761590785133 1.0231281518936157 80
1761590785355 1.0214136838912964 81
1761590785565 1.0227303504943848 82
1761590785781 1.0232938528060913 83
1761590785991 1.0212756395339966 84
1761590786203 1.0218894481658936 85
1761590786426 1.0205509662628174 86
1761590786635 1.019213080406189 87
1761590786850 1.017446756362915 88
1761590787115 1.0232713222503662 89
1761590787342 1.019837498664856 90
1761590787596 1.0185935497283936 91
1761590787874 1.020117998123169 92
1761590788086 1.019257664680481 93
1761590788301 1.0161724090576172 94
1761590788514 1.0154824256896973 95
1761590788732 1.0168323516845703 96
1761590788944 1.019113302230835 97
1761590789161 1.0165095329284668 98
1761590789374 1.017091989517212 99
1761590767256 1.0878599882125854 0
