1761527588494 0.5430374145507812 0
1761527588786 0.565570056438446 1
1761527589059 0.569625973701477 2
1761527589355 0.5628661513328552 3
1761527589619 0.5682740211486816 4
1761527589983 0.5673726797103882 5
1761527590226 0.565570056438446 6
1761527590457 0.559260904788971 7
1761527590711 0.5565569996833801 8
1761527590942 0.5642181038856506 9
1761527591174 0.5651194453239441 10
1761527591391 0.5615141987800598 11
1761527591660 0.5615141987800598 12
1761527591906 0.5606129169464111 13
1761527592144 0.5709779262542725 14
1761527592382 0.5664713978767395 15
1761527592609 0.5628661513328552 16
1761527592844 0.5570076704025269 17
1761527593195 0.5673726797103882 18
1761527593593 0.5660207271575928 19
1761527593832 0.5669220089912415 20
1761527594062 0.5664713978767395 21
1761527594329 0.5673726797103882 22
1761527594554 0.5610635280609131 23
1761527594777 0.5628661513328552 24
1761527595000 0.5682740211486816 25
1761527595225 0.5732311606407166 26
1761527595450 0.5745831727981567 27
1761527595702 0.5750337839126587 28
1761527595982 0.5678233504295349 29
1761527596291 0.5691753029823303 30
1761527596603 0.5768364071846008 31
1761527596891 0.5709779262542725 32
1761527597167 0.5790897011756897 33
1761527597427 0.5763857364654541 34
1761527597688 0.569625973701477 35
1761527597922 0.5705272555351257 36
1761527598157 0.5844975113868713 37
1761527598403 0.5813429355621338 38
1761527598638 0.57413250207901 39
1761527598867 0.578639030456543 40
1761527599090 0.589454710483551 41
1761527599332 0.578639030456543 42
1761527599570 0.5863001346588135 43
1761527599798 0.5795403122901917 44
1761527600025 0.5849481821060181 45
1761527600250 0.5709779262542725 46
1761527600491 0.5903559923171997 47
1761527600751 0.5980170965194702 48
1761527600984 0.5863001346588135 49
1761527588494 0.5430374145507812 0
