1761527588494 0.8303646445274353 0
1761527588786 0.7996342778205872 1
1761527589059 0.797858476638794 2
1761527589355 0.7997352480888367 3
1761527589619 0.7972695231437683 4
1761527589983 0.7952505946159363 5
1761527590226 0.7969518303871155 6
1761527590457 0.7938944697380066 7
1761527590711 0.8012961745262146 8
1761527590942 0.7957983016967773 9
1761527591174 0.7951459884643555 10
1761527591391 0.7922167181968689 11
1761527591660 0.7951708436012268 12
1761527591906 0.7947676181793213 13
1761527592144 0.79221510887146 14
1761527592382 0.7927104830741882 15
1761527592609 0.7932796478271484 16
1761527592844 0.7937008142471313 17
1761527593195 0.7918418049812317 18
1761527593593 0.7939349412918091 19
1761527593832 0.7923113107681274 20
1761527594062 0.791653037071228 21
1761527594329 0.7925063371658325 22
1761527594554 0.7945936918258667 23
1761527594777 0.7886278629302979 24
1761527595000 0.7896960377693176 25
1761527595225 0.7884271144866943 26
1761527595450 0.7892352342605591 27
1761527595702 0.7872783541679382 28
1761527595982 0.7880289554595947 29
1761527596291 0.7903586626052856 30
1761527596603 0.7872883081436157 31
1761527596891 0.786471962928772 32
1761527597167 0.7842509150505066 33
1761527597427 0.7854927182197571 34
1761527597688 0.784041166305542 35
1761527597922 0.7821567058563232 36
1761527598157 0.7816399335861206 37
1761527598403 0.7813304662704468 38
1761527598638 0.7808313369750977 39
1761527598867 0.7810083627700806 40
1761527599090 0.7787863612174988 41
1761527599332 0.7778746485710144 42
1761527599570 0.7783913612365723 43
1761527599798 0.7811434268951416 44
1761527600025 0.7778435349464417 45
1761527600250 0.7802581787109375 46
1761527600491 0.7753795385360718 47
1761527600751 0.7742465734481812 48
1761527600984 0.775929868221283 49
1761527588494 0.8303646445274353 0
