1761518865834 0.5232086777687073 0
1761518866150 0.558810293674469 1
1761518866370 0.5678233504295349 2
1761518866591 0.5637674331665039 3
1761518866798 0.5844975113868713 4
1761518867069 0.5817936062812805 5
1761518867280 0.6007210612297058 6
1761518867486 0.6029742956161499 7
1761518867688 0.5993691086769104 8
1761518867901 0.6079314947128296 9
1761518868113 0.6191978454589844 10
1761518868324 0.6363226771354675 11
1761518868534 0.6304641962051392 12
1761518868745 0.6367733478546143 13
1761518868955 0.6421811580657959 14
1761518869164 0.6534475088119507 15
1761518869377 0.6444344520568848 16
1761518869590 0.6611086130142212 17
1761518869798 0.643983781337738 18
1761518870008 0.6588553190231323 19
1761518870218 0.6768814921379089 20
1761518870430 0.6674177646636963 21
1761518870643 0.6800360679626465 22
1761518870855 0.6750788688659668 23
1761518871062 0.6890491247177124 24
1761518871265 0.6908517479896545 25
1761518871477 0.6935556530952454 26
1761518871687 0.7061739563941956 27
1761518871900 0.718341588973999 28
1761518872107 0.7106804847717285 29
1761518872312 0.7151870131492615 30
1761518872521 0.7192429304122925 31
1761518872729 0.7210454940795898 32
1761518872932 0.7232987880706787 33
1761518873151 0.7323118448257446 34
1761518873360 0.7359170913696289 35
1761518873572 0.7386209964752197 36
1761518873780 0.7354664206504822 37
1761518873990 0.7318611741065979 38
1761518874199 0.7453808188438416 39
1761518874407 0.7431275248527527 40
1761518874619 0.7494366765022278 41
1761518874829 0.7480847239494324 42
1761518875041 0.7530419230461121 43
1761518875251 0.7525912523269653 44
1761518875461 0.7548445463180542 45
1761518875672 0.7498873472213745 46
1761518875882 0.7643082737922668 47
1761518876092 0.7679134607315063 48
1761518876301 0.7643082737922668 49
1761518865834 0.5232086777687073 0
