1761518865834 0.8737266659736633 0
1761518866150 0.8352192640304565 1
1761518866370 0.8255354166030884 2
1761518866591 0.8211868405342102 3
1761518866798 0.8136412501335144 4
1761518867069 0.8112325668334961 5
1761518867280 0.8028749823570251 6
1761518867486 0.7976710796356201 7
1761518867688 0.7945660352706909 8
1761518867901 0.7868598699569702 9
1761518868113 0.7793108820915222 10
1761518868324 0.7769250273704529 11
1761518868534 0.7709497213363647 12
1761518868745 0.7673102021217346 13
1761518868955 0.7637670040130615 14
1761518869164 0.7567394375801086 15
1761518869377 0.7504972219467163 16
1761518869590 0.7417412400245667 17
1761518869798 0.7526216506958008 18
1761518870008 0.7364438772201538 19
1761518870218 0.724791407585144 20
1761518870430 0.7258517146110535 21
1761518870643 0.721100389957428 22
1761518870855 0.7159858345985413 23
1761518871062 0.7046977281570435 24
1761518871265 0.7075527310371399 25
1761518871477 0.6946272850036621 26
1761518871687 0.6876577734947205 27
1761518871900 0.6819114089012146 28
1761518872107 0.6750369071960449 29
1761518872312 0.6749918460845947 30
1761518872521 0.6691815257072449 31
1761518872729 0.6700543761253357 32
1761518872932 0.6607149839401245 33
1761518873151 0.6551355123519897 34
1761518873360 0.6445491313934326 35
1761518873572 0.6420861482620239 36
1761518873780 0.6399295330047607 37
1761518873990 0.6423766613006592 38
1761518874199 0.6335809826850891 39
1761518874407 0.6320896148681641 40
1761518874619 0.6206772327423096 41
1761518874829 0.6271978616714478 42
1761518875041 0.6181495785713196 43
1761518875251 0.6137971878051758 44
1761518875461 0.6068092584609985 45
1761518875672 0.6076344847679138 46
1761518875882 0.596400797367096 47
1761518876092 0.5977377891540527 48
1761518876301 0.5961191058158875 49
1761518865834 0.8737266659736633 0
