1761499224474 0.45606130361557007 0
1761499225382 0.4790446162223816 1
1761499226457 0.5020279288291931 2
1761499227327 0.5277152061462402 3
1761499228169 0.530419111251831 4
1761499228999 0.5425867438316345 5
1761499229827 0.559260904788971 6
1761499230653 0.5763857364654541 7
1761499231475 0.5777377486228943 8
1761499232322 0.5826948881149292 9
1761499233169 0.6007210612297058 10
1761499234004 0.6016223430633545 11
1761499234834 0.6097341179847717 12
1761499235702 0.6191978454589844 13
1761499236517 0.6322667598724365 14
1761499237351 0.6322667598724365 15
1761499238187 0.6444344520568848 16
1761499239025 0.6561514139175415 17
1761499239906 0.6584047079086304 18
1761499240801 0.668319046497345 19
1761499241677 0.6759801506996155 20
1761499242540 0.683190643787384 21
1761499243379 0.69220370054245 22
1761499244210 0.7070752382278442 23
1761499245036 0.7219468355178833 24
1761499245862 0.7178909182548523 25
1761499246688 0.7138350605964661 26
1761499247631 0.7323118448257446 27
1761499248503 0.7453808188438416 28
1761499249376 0.7579991221427917 29
1761499250321 0.7566471099853516 30
1761499251265 0.7611536979675293 31
1761499252209 0.7638576030731201 32
1761499253225 0.7746732831001282 33
1761499254435 0.7733213305473328 34
1761499255539 0.7949526906013489 35
1761499256466 0.7940513491630554 36
1761499257439 0.7854889631271362 37
1761499258374 0.8008111715316772 38
1761499259280 0.8125281929969788 39
1761499260161 0.8174853324890137 40
1761499261035 0.8147814273834229 41
1761499261898 0.816584050655365 42
1761499262750 0.8359621167182922 43
1761499263604 0.831906259059906 44
1761499264506 0.8337088823318481 45
1761499265406 0.8314555883407593 46
1761499266290 0.8553402423858643 47
1761499267150 0.8463271856307983 48
1761499268066 0.8422712683677673 49
1761499224474 0.45606130361557007 0
