1761499224474 0.9635806679725647 0
1761499225382 0.9492175579071045 1
1761499226457 0.9387056231498718 2
1761499227327 0.9247176647186279 3
1761499228169 0.9310947060585022 4
1761499228999 0.9211903810501099 5
1761499229827 0.8968209028244019 6
1761499230653 0.8829087615013123 7
1761499231475 0.8778229355812073 8
1761499232322 0.8589290976524353 9
1761499233169 0.848628044128418 10
1761499234004 0.8401560187339783 11
1761499234834 0.8260483145713806 12
1761499235702 0.8152577877044678 13
1761499236517 0.7966402769088745 14
1761499237351 0.7883439064025879 15
1761499238187 0.7680560350418091 16
1761499239025 0.7577828168869019 17
1761499239906 0.743540346622467 18
1761499240801 0.7375661134719849 19
1761499241677 0.7310331463813782 20
1761499242540 0.7018329501152039 21
1761499243379 0.6966574192047119 22
1761499244210 0.6727754473686218 23
1761499245036 0.6560623049736023 24
1761499245862 0.6452977061271667 25
1761499246688 0.6431738138198853 26
1761499247631 0.611159086227417 27
1761499248503 0.5935283899307251 28
1761499249376 0.5790287852287292 29
1761499250321 0.5654482245445251 30
1761499251265 0.5540377497673035 31
1761499252209 0.539173424243927 32
1761499253225 0.5209105014801025 33
1761499254435 0.5057286024093628 34
1761499255539 0.4924778640270233 35
1761499256466 0.4755432903766632 36
1761499257439 0.47884541749954224 37
1761499258374 0.4685768783092499 38
1761499259280 0.450615257024765 39
1761499260161 0.4356969892978668 40
1761499261035 0.43468788266181946 41
1761499261898 0.41552281379699707 42
1761499262750 0.3882283866405487 43
1761499263604 0.407158762216568 44
1761499264506 0.3900492191314697 45
1761499265406 0.39150774478912354 46
1761499266290 0.35404056310653687 47
1761499267150 0.36233973503112793 48
1761499268066 0.35755422711372375 49
1761499224474 0.9635806679725647 0
