1761464310606 0.4488508403301239 0
1761464310962 0.49256423115730286 1
1761464311238 0.5006759762763977 2
1761464311550 0.5141955614089966 3
1761464311765 0.5168995261192322 4
1761464312006 0.5335736870765686 5
1761464312238 0.5425867438316345 6
1761464312492 0.5421360731124878 7
1761464312728 0.5475439429283142 8
1761464312945 0.559260904788971 9
1761464313169 0.558810293674469 10
1761464313451 0.5615141987800598 11
1761464313672 0.5583596229553223 12
1761464313892 0.570076584815979 13
1761464314114 0.5691753029823303 14
1761464314363 0.5912573337554932 15
1761464314588 0.5935105681419373 16
1761464314816 0.5831455588340759 17
1761464315092 0.5849481821060181 18
1761464315350 0.578639030456543 19
1761464315587 0.5984677672386169 20
1761464315827 0.5926092863082886 21
1761464316056 0.5998197197914124 22
1761464316298 0.6169445514678955 23
1761464316566 0.6119873523712158 24
1761464316807 0.6146913170814514 25
1761464317031 0.6219017505645752 26
1761464317257 0.6151419281959534 27
1761464317501 0.6210004687309265 28
1761464317726 0.6255069971084595 29
1761464317944 0.6367733478546143 30
1761464318162 0.6358720064163208 31
1761464318379 0.6421811580657959 32
1761464318604 0.6426318287849426 33
1761464318831 0.6367733478546143 34
1761464319049 0.6444344520568848 35
1761464319264 0.6516448855400085 36
1761464319488 0.6435331106185913 37
1761464319710 0.6493915915489197 38
1761464319952 0.6430824398994446 39
1761464320182 0.6642631888389587 40
1761464320401 0.6750788688659668 41
1761464320629 0.6611086130142212 42
1761464320844 0.6710230112075806 43
1761464321071 0.6588553190231323 44
1761464321304 0.6714736223220825 45
1761464321532 0.6633618474006653 46
1761464321750 0.6773321032524109 47
1761464321984 0.6755295395851135 48
1761464322195 0.6872465014457703 49
1761464310606 0.4488508403301239 0
