1761464310606 0.9827544689178467 0
1761464310962 0.944600522518158 1
1761464311238 0.9353699684143066 2
1761464311550 0.9279504418373108 3
1761464311765 0.9211977124214172 4
1761464312006 0.9186837077140808 5
1761464312238 0.9136502742767334 6
1761464312492 0.9126054644584656 7
1761464312728 0.9037802815437317 8
1761464312945 0.8998904228210449 9
1761464313169 0.8950127363204956 10
1761464313451 0.8913626670837402 11
1761464313672 0.8892015218734741 12
1761464313892 0.8867340087890625 13
1761464314114 0.8803281784057617 14
1761464314363 0.8746418952941895 15
1761464314588 0.8707165718078613 16
1761464314816 0.8701605796813965 17
1761464315092 0.8628832697868347 18
1761464315350 0.8683057427406311 19
1761464315587 0.8553051948547363 20
1761464315827 0.856333315372467 21
1761464316056 0.8538056015968323 22
1761464316298 0.8443605899810791 23
1761464316566 0.842741072177887 24
1761464316807 0.8372719287872314 25
1761464317031 0.8344901204109192 26
1761464317257 0.8299110531806946 27
1761464317501 0.8231226205825806 28
1761464317726 0.8233633041381836 29
1761464317944 0.8161309361457825 30
1761464318162 0.8176273107528687 31
1761464318379 0.8087761402130127 32
1761464318604 0.8088486790657043 33
1761464318831 0.804637610912323 34
1761464319049 0.8000181317329407 35
1761464319264 0.797761082649231 36
1761464319488 0.7951866388320923 37
1761464319710 0.7898516058921814 38
1761464319952 0.7942728996276855 39
1761464320182 0.7768909931182861 40
1761464320401 0.7763081789016724 41
1761464320629 0.7758313417434692 42
1761464320844 0.7672897577285767 43
1761464321071 0.7691710591316223 44
1761464321304 0.764060914516449 45
1761464321532 0.7613840699195862 46
1761464321750 0.757064938545227 47
1761464321984 0.7548530101776123 48
1761464322195 0.7505164742469788 49
1761464310606 0.9827544689178467 0
