1761598861343 0.9595335125923157 0
1761598861736 0.9428697824478149 1
1761598862097 0.9441395401954651 2
1761598862614 0.9363855123519897 3
1761598862964 0.9281865358352661 4
1761598863312 0.9227809906005859 5
1761598863671 0.9201093912124634 6
1761598864040 0.9144214987754822 7
1761598864422 0.908597469329834 8
1761598864808 0.9005321860313416 9
1761598865187 0.9045274257659912 10
1761598865568 0.8957908153533936 11
1761598865958 0.8813418745994568 12
1761598866337 0.893470823764801 13
1761598866706 0.8809438347816467 14
1761598867075 0.8752584457397461 15
1761598867456 0.8644849061965942 16
1761598867822 0.8576998710632324 17
1761598868196 0.859935462474823 18
1761598868555 0.8372533917427063 19
1761598868906 0.839323103427887 20
1761598869268 0.8321940898895264 21
1761598869640 0.8193509578704834 22
1761598869998 0.809308648109436 23
1761598870372 0.7977891564369202 24
1761598870740 0.7946950793266296 25
1761598871109 0.7955763936042786 26
1761598871474 0.7818012237548828 27
1761598871845 0.7565465569496155 28
1761598872214 0.7621090412139893 29
1761598872586 0.750350296497345 30
1761598872962 0.7339096665382385 31
1761598873336 0.7386333346366882 32
1761598873699 0.7121227979660034 33
1761598874072 0.7133374214172363 34
1761598874440 0.7005948424339294 35
1761598874792 0.6838506460189819 36
1761598875150 0.6782761812210083 37
1761598875531 0.662297785282135 38
1761598875882 0.6577683687210083 39
1761598876244 0.659136950969696 40
1761598876622 0.6451827883720398 41
1761598876970 0.6343741416931152 42
1761598877342 0.6237298846244812 43
1761598877714 0.6274464130401611 44
1761598878086 0.610005795955658 45
1761598878447 0.5904351472854614 46
1761598878813 0.5887020230293274 47
1761598879200 0.5781908631324768 48
1761598879597 0.5738564729690552 49
1761598861343 0.9595335125923157 0
