1761530296173 0.5358269214630127 0
1761530297148 0.5448400378227234 1
1761530298127 0.5651194453239441 2
1761530299009 0.563316822052002 3
1761530299893 0.5853988528251648 4
1761530300766 0.5930599570274353 5
1761530301624 0.6038756370544434 6
1761530302498 0.6146913170814514 7
1761530303385 0.6318161487579346 8
1761530304272 0.6300135254859924 9
1761530305225 0.643983781337738 10
1761530306104 0.6534475088119507 11
1761530306971 0.6489409804344177 12
1761530307862 0.6525461673736572 13
1761530308727 0.6674177646636963 14
1761530309587 0.6696709990501404 15
1761530310452 0.6759801506996155 16
1761530311337 0.6931049823760986 17
1761530312194 0.6818386912345886 18
1761530313072 0.6958089470863342 19
1761530313950 0.707525908946991 20
1761530314833 0.7147363424301147 21
1761530315690 0.7210454940795898 22
1761530316557 0.737719714641571 23
1761530317429 0.7350157499313354 24
1761530318311 0.7318611741065979 25
1761530319250 0.7431275248527527 26
1761530320124 0.7332131862640381 27
1761530320996 0.757548451423645 28
1761530321867 0.7444794774055481 29
1761530322736 0.757548451423645 30
1761530323687 0.7719693779945374 31
1761530324581 0.7746732831001282 32
1761530325479 0.7764759063720703 33
1761530326383 0.7823343873023987 34
1761530327293 0.7823343873023987 35
1761530328196 0.7949526906013489 36
1761530329209 0.7922487854957581 37
1761530330346 0.8017124533653259 38
1761530331293 0.8071203231811523 39
1761530332231 0.8125281929969788 40
1761530333154 0.8228932023048401 41
1761530334079 0.8183866739273071 42
1761530334990 0.8246958255767822 43
1761530335912 0.831906259059906 44
1761530336842 0.8400180339813232 45
1761530337748 0.8490310907363892 46
1761530338705 0.8337088823318481 47
1761530339633 0.8463271856307983 48
1761530340545 0.8598467707633972 49
1761530296173 0.5358269214630127 0
