1761464356722 0.47228482365608215 0
1761464357022 0.45065343379974365 1
1761464357319 0.48580440878868103 2
1761464357542 0.47453808784484863 3
1761464357760 0.48715639114379883 4
1761464357974 0.4790446162223816 5
1761464358192 0.48129788041114807 6
1761464358411 0.480396568775177 7
1761464358628 0.4907616078853607 8
1761464358852 0.474988728761673 9
1761464359068 0.4776926636695862 10
1761464359295 0.4817485213279724 11
1761464359511 0.4840018153190613 12
1761464359732 0.48580440878868103 13
1761464359944 0.49211356043815613 14
1761464360171 0.49887335300445557 15
1761464360388 0.4727354645729065 16
1761464360612 0.5092384219169617 17
1761464360835 0.5056331753730774 18
1761464361058 0.5038305521011353 19
1761464361294 0.4952681362628937 20
1761464361511 0.49211356043815613 21
1761464361726 0.4952681362628937 22
1761464361953 0.49752140045166016 23
1761464362175 0.4957188069820404 24
1761464362401 0.48490309715270996 25
1761464362675 0.49481749534606934 26
1761464362889 0.49346551299095154 27
1761464363110 0.5069851279258728 28
1761464363333 0.5029292702674866 29
1761464363560 0.5074357986450195 30
1761464363784 0.5029292702674866 31
1761464364021 0.5033798813819885 32
1761464364235 0.5105903744697571 33
1761464364455 0.5105903744697571 34
1761464364672 0.5051825046539307 35
1761464364902 0.5173501372337341 36
1761464365123 0.5078864097595215 37
1761464365346 0.5069851279258728 38
1761464365573 0.5114916563034058 39
1761464365792 0.5051825046539307 40
1761464366020 0.5155475735664368 41
1761464366241 0.5101397037506104 42
1761464366466 0.5173501372337341 43
1761464366685 0.504281222820282 44
1761464366909 0.5092384219169617 45
1761464367135 0.5146462321281433 46
1761464367360 0.5114916563034058 47
1761464367578 0.5123929977416992 48
1761464367802 0.5105903744697571 49
1761464356722 0.47228482365608215 0
