1761464356722 0.9573864936828613 0
1761464357022 0.9548086524009705 1
1761464357319 0.9486050605773926 2
1761464357542 0.9518939256668091 3
1761464357760 0.9471620917320251 4
1761464357974 0.9465118646621704 5
1761464358192 0.9478483200073242 6
1761464358411 0.9482371211051941 7
1761464358628 0.9461220502853394 8
1761464358852 0.9477739334106445 9
1761464359068 0.9467077851295471 10
1761464359295 0.9462872743606567 11
1761464359511 0.9464972019195557 12
1761464359732 0.944672167301178 13
1761464359944 0.9429721236228943 14
1761464360171 0.9421156644821167 15
1761464360388 0.9502608776092529 16
1761464360612 0.9420130252838135 17
1761464360835 0.9411301016807556 18
1761464361058 0.9418390989303589 19
1761464361294 0.941095769405365 20
1761464361511 0.9428952932357788 21
1761464361726 0.9419934153556824 22
1761464361953 0.9410692453384399 23
1761464362175 0.9403398036956787 24
1761464362401 0.942031741142273 25
1761464362675 0.9435297846794128 26
1761464362889 0.9411640763282776 27
1761464363110 0.9384982585906982 28
1761464363333 0.9396733641624451 29
1761464363560 0.9390266537666321 30
1761464363784 0.9390121698379517 31
1761464364021 0.9389843344688416 32
1761464364235 0.9391521215438843 33
1761464364455 0.939478874206543 34
1761464364672 0.9368091821670532 35
1761464364902 0.9363547563552856 36
1761464365123 0.9382147192955017 37
1761464365346 0.9378135800361633 38
1761464365573 0.9387967586517334 39
1761464365792 0.9382221698760986 40
1761464366020 0.9400103092193604 41
1761464366241 0.9364896416664124 42
1761464366466 0.9352505803108215 43
1761464366685 0.9365409016609192 44
1761464366909 0.9430752992630005 45
1761464367135 0.9344008564949036 46
1761464367360 0.9370942115783691 47
1761464367578 0.93600994348526 48
1761464367802 0.934661328792572 49
1761464356722 0.9573864936828613 0
