1761464529019 0.45470932126045227 0
1761464530117 0.4691302478313446 1
1761464531064 0.4844524562358856 2
1761464532085 0.47859397530555725 3
1761464533178 0.504281222820282 4
1761464534222 0.5078864097595215 5
1761464535222 0.5105903744697571 6
1761464536194 0.5168995261192322 7
1761464537184 0.5236592888832092 8
1761464538168 0.5259125828742981 9
1761464539219 0.5389814972877502 10
1761464540326 0.5407841205596924 11
1761464541290 0.5407841205596924 12
1761464542262 0.5475439429283142 13
1761464543244 0.5678233504295349 14
1761464544207 0.5511491894721985 15
1761464545177 0.5583596229553223 16
1761464546129 0.554754376411438 17
1761464547118 0.5781883597373962 18
1761464548080 0.5867508053779602 19
1761464549129 0.5890040397644043 20
1761464550230 0.5908066630363464 21
1761464551325 0.5998197197914124 22
1761464552420 0.6011716723442078 23
1761464553407 0.6214510798454285 24
1761464554535 0.608832836151123 25
1761464556110 0.613339364528656 26
1761464557245 0.6322667598724365 27
1761464558360 0.6304641962051392 28
1761464559408 0.6520955562591553 29
1761464560477 0.6620098948478699 30
1761464561764 0.6701216697692871 31
1761464563248 0.6660658121109009 32
1761464564402 0.6840919256210327 33
1761464565713 0.6867958307266235 34
1761464566986 0.6935556530952454 35
1761464568154 0.6935556530952454 36
1761464569191 0.7165389657020569 37
1761464570245 0.7273546457290649 38
1761464571364 0.7192429304122925 39
1761464572505 0.731410562992096 40
1761464573649 0.7566471099853516 41
1761464574681 0.7498873472213745 42
1761464575733 0.746732771396637 43
1761464576806 0.7656602263450623 44
1761464577841 0.7602523565292358 45
1761464579131 0.7710680365562439 46
1761464580193 0.7787291407585144 47
1761464581223 0.7890942096710205 48
1761464582246 0.8053176999092102 49
1761464529019 0.45470932126045227 0
