1761464529019 1.017431378364563 0
1761464530117 0.9974185228347778 1
1761464531064 0.9951759576797485 2
1761464532085 0.9947500228881836 3
1761464533178 0.9861224889755249 4
1761464534222 0.9774792194366455 5
1761464535222 0.9754084944725037 6
1761464536194 0.9656566977500916 7
1761464537184 0.9614373445510864 8
1761464538168 0.9656929969787598 9
1761464539219 0.9542548060417175 10
1761464540326 0.9451203942298889 11
1761464541290 0.9477692246437073 12
1761464542262 0.9359685778617859 13
1761464543244 0.924705982208252 14
1761464544207 0.9258754253387451 15
1761464545177 0.9240635633468628 16
1761464546129 0.9139149188995361 17
1761464547118 0.9056017994880676 18
1761464548080 0.8935667276382446 19
1761464549129 0.8905075788497925 20
1761464550230 0.8762139081954956 21
1761464551325 0.8665333986282349 22
1761464552420 0.8678107857704163 23
1761464553407 0.8473432660102844 24
1761464554535 0.8467036485671997 25
1761464556110 0.8368176817893982 26
1761464557245 0.8145573735237122 27
1761464558360 0.8087711334228516 28
1761464559408 0.7951595187187195 29
1761464560477 0.7760664820671082 30
1761464561764 0.7509647607803345 31
1761464563248 0.7485600113868713 32
1761464564402 0.7217906713485718 33
1761464565713 0.7224733233451843 34
1761464566986 0.7102319002151489 35
1761464568154 0.7001141905784607 36
1761464569191 0.6680861115455627 37
1761464570245 0.651488184928894 38
1761464571364 0.6441571712493896 39
1761464572505 0.6318694353103638 40
1761464573649 0.5908946990966797 41
1761464574681 0.5923500061035156 42
1761464575733 0.5924631953239441 43
1761464576806 0.5443568825721741 44
1761464577841 0.5470479130744934 45
1761464579131 0.5328658223152161 46
1761464580193 0.5356562733650208 47
1761464581223 0.4920543134212494 48
1761464582246 0.4675352871417999 49
1761464529019 1.017431378364563 0
