1761599627594 0.4580703377723694 0
1761599627861 0.47790801525115967 1
1761599628128 0.47880974411964417 2
1761599628360 0.5130748152732849 3
1761599628584 0.5302073955535889 4
1761599628870 0.5148782730102539 5
1761599629159 0.5369702577590942 6
1761599629393 0.5405771136283875 7
1761599629620 0.5608656406402588 8
1761599629842 0.5617673397064209 9
1761599630063 0.5626690983772278 10
1761599630286 0.5784490704536438 11
1761599630505 0.6077547073364258 12
1761599630724 0.595581591129303 13
1761599630959 0.613165020942688 14
1761599631175 0.5991884469985962 15
1761599631399 0.6339043974876404 16
1761599631620 0.6478809714317322 17
1761599631845 0.6334535479545593 18
1761599632075 0.6505861282348633 19
1761599632301 0.6487826704978943 20
1761599632527 0.6645626425743103 21
1761599632751 0.675834059715271 22
1761599632977 0.6744815111160278 23
1761599633201 0.6722272038459778 24
1761599633422 0.6857529282569885 25
1761599633648 0.7046889066696167 26
1761599633875 0.695220947265625 27
1761599634100 0.7037872076034546 28
1761599634327 0.7164111733436584 29
1761599634550 0.7069432139396667 30
1761599634777 0.7123534679412842 31
1761599635003 0.7132551670074463 32
1761599635230 0.7218214869499207 33
1761599635446 0.7348963022232056 34
1761599635673 0.7312894463539124 35
1761599635895 0.7389540076255798 36
1761599636112 0.742560863494873 37
1761599636326 0.7412083148956299 38
1761599636543 0.7434625625610352 39
1761599636772 0.755635678768158 40
1761599636997 0.7493237257003784 41
1761599637224 0.757439136505127 42
1761599637450 0.757439136505127 43
1761599637674 0.7745716571807861 44
1761599637899 0.7655545473098755 45
1761599638124 0.7768259644508362 46
1761599638349 0.7691614031791687 47
1761599638572 0.7687105536460876 48
1761599638795 0.7844905257225037 49
1761599627594 0.4580703377723694 0
