1761599627594 1.0346918106079102 0
1761599627861 1.0089384317398071 1
1761599628128 1.00315260887146 2
1761599628360 0.9918655157089233 3
1761599628584 0.9797285199165344 4
1761599628870 0.9788119196891785 5
1761599629159 0.9694160223007202 6
1761599629393 0.9543748497962952 7
1761599629620 0.9405983090400696 8
1761599629842 0.9237883687019348 9
1761599630063 0.9146074652671814 10
1761599630286 0.9042916297912598 11
1761599630505 0.8768779635429382 12
1761599630724 0.8816406726837158 13
1761599630959 0.8603246212005615 14
1761599631175 0.8547014594078064 15
1761599631399 0.8293805122375488 16
1761599631620 0.8029974102973938 17
1761599631845 0.8098557591438293 18
1761599632075 0.7875345349311829 19
1761599632301 0.7759181261062622 20
1761599632527 0.7598371505737305 21
1761599632751 0.7469438314437866 22
1761599632977 0.7388609051704407 23
1761599633201 0.7491112351417542 24
1761599633422 0.725115954875946 25
1761599633648 0.6949759721755981 26
1761599633875 0.7064885497093201 27
1761599634100 0.6781450510025024 28
1761599634327 0.6800513863563538 29
1761599634550 0.6621621251106262 30
1761599634777 0.6734219193458557 31
1761599635003 0.6488098502159119 32
1761599635230 0.6351956725120544 33
1761599635446 0.6247441172599792 34
1761599635673 0.6372203230857849 35
1761599635895 0.6229972839355469 36
1761599636112 0.6137779355049133 37
1761599636326 0.6011062860488892 38
1761599636543 0.6173951029777527 39
1761599636772 0.5856521725654602 40
1761599636997 0.58179771900177 41
1761599637224 0.5690503120422363 42
1761599637450 0.5538769960403442 43
1761599637674 0.5408152341842651 44
1761599637899 0.5592454671859741 45
1761599638124 0.5219788551330566 46
1761599638349 0.5286282896995544 47
1761599638572 0.5316352844238281 48
1761599638795 0.5182138085365295 49
1761599627594 1.0346918106079102 0
