1761611537968 0.47159603238105774 0
1761611538294 0.5031560063362122 1
1761611538580 0.48286744952201843 2
1761611538893 0.5076645612716675 3
1761611539177 0.5031560063362122 4
1761611539460 0.5189359784126282 5
1761611539738 0.5229936838150024 6
1761611540021 0.517132580280304 7
1761611540310 0.5234445333480835 8
1761611540598 0.5261496901512146 9
1761611540881 0.5261496901512146 10
1761611541169 0.515779972076416 11
1761611541451 0.5193868279457092 12
1761611541737 0.5243462324142456 13
1761611542019 0.5401262640953064 14
1761611542301 0.5347159504890442 15
1761611542586 0.5455365180969238 16
1761611542867 0.5387736558914185 17
1761611543156 0.5423805117607117 18
1761611543441 0.5477908253669739 19
1761611543725 0.5536519289016724 20
1761611544008 0.5568079352378845 21
1761611544295 0.562218189239502 22
1761611544583 0.5653741955757141 23
1761611544866 0.5586113333702087 24
1761611545153 0.5694319009780884 25
1761611545436 0.5730387568473816 26
1761611545722 0.5676285028457642 27
1761611546006 0.5784490704536438 28
1761611546291 0.5676285028457642 29
1761611546575 0.5870153307914734 30
1761611546859 0.5933273434638977 31
1761611547148 0.5892696380615234 32
1761611547438 0.597835898399353 33
1761611547712 0.5933273434638977 34
1761611548050 0.6140667200088501 35
1761611548341 0.6095581650733948 36
1761611548633 0.6127141714096069 37
1761611548922 0.6199278831481934 38
1761611549211 0.628944993019104 39
1761611549498 0.6370604038238525 40
1761611549777 0.6501352787017822 41
1761611550044 0.6546438336372375 42
1761611550328 0.6487826704978943 43
1761611550608 0.6587015390396118 44
1761611550875 0.6645626425743103 45
1761611551162 0.6713255047798157 46
1761611551443 0.6614066958427429 47
1761611551724 0.6740306615829468 48
1761611552016 0.6803426742553711 49
1761611537968 0.47159603238105774 0
