1761611537968 1.0363057851791382 0
1761611538294 0.9936034679412842 1
1761611538580 1.0000581741333008 2
1761611538893 0.9811567068099976 3
1761611539177 0.9880942106246948 4
1761611539460 0.9782748818397522 5
1761611539738 0.977449893951416 6
1761611540021 0.9769556522369385 7
1761611540310 0.9655582308769226 8
1761611540598 0.967948317527771 9
1761611540881 0.9672686457633972 10
1761611541169 0.970588207244873 11
1761611541451 0.9623057842254639 12
1761611541737 0.9659286141395569 13
1761611542019 0.957578182220459 14
1761611542301 0.9540443420410156 15
1761611542586 0.9478904008865356 16
1761611542867 0.9538552165031433 17
1761611543156 0.952399492263794 18
1761611543441 0.9500779509544373 19
1761611543725 0.9494280815124512 20
1761611544008 0.9374910593032837 21
1761611544295 0.9335188865661621 22
1761611544583 0.9328717589378357 23
1761611544866 0.9357789158821106 24
1761611545153 0.9259282946586609 25
1761611545436 0.9193718433380127 26
1761611545722 0.9113415479660034 27
1761611546006 0.90557861328125 28
1761611546291 0.9124437570571899 29
1761611546575 0.9050000905990601 30
1761611546859 0.891613781452179 31
1761611547148 0.8899417519569397 32
1761611547438 0.8849560618400574 33
1761611547712 0.8798635005950928 34
1761611548050 0.8670163154602051 35
1761611548341 0.8730573654174805 36
1761611548633 0.8530585765838623 37
1761611548922 0.8475998044013977 38
1761611549211 0.8375323414802551 39
1761611549498 0.8206446170806885 40
1761611549777 0.8061492443084717 41
1761611550044 0.8024538159370422 42
1761611550328 0.8041802048683167 43
1761611550608 0.7798644304275513 44
1761611550875 0.7781930565834045 45
1761611551162 0.7744445204734802 46
1761611551443 0.7832711338996887 47
1761611551724 0.7497921586036682 48
1761611552016 0.7564351558685303 49
1761611537968 1.0363057851791382 0
