1761606557220 0.47880974411964417 0
1761606557841 0.5040577054023743 1
1761606558449 0.5027051568031311 2
1761606559012 0.5085662603378296 3
1761606559513 0.49594229459762573 4
1761606560023 0.5085662603378296 5
1761606560562 0.49594229459762573 6
1761606561108 0.5085662603378296 7
1761606561620 0.5031560063362122 8
1761606562148 0.5085662603378296 9
1761606562686 0.5085662603378296 10
1761606563243 0.5085662603378296 11
1761606563765 0.5085662603378296 12
1761606564322 0.5085662603378296 13
1761606564840 0.5085662603378296 14
1761606565383 0.5085662603378296 15
1761606565910 0.5085662603378296 16
1761606566416 0.5085662603378296 17
1761606566966 0.5085662603378296 18
1761606567531 0.5085662603378296 19
1761606568056 0.5085662603378296 20
1761606568578 0.5085662603378296 21
1761606569094 0.5085662603378296 22
1761606569611 0.5085662603378296 23
1761606570154 0.5085662603378296 24
1761606570709 0.5085662603378296 25
1761606571251 0.5085662603378296 26
1761606571780 0.5085662603378296 27
1761606572326 0.5085662603378296 28
1761606572830 0.5085662603378296 29
1761606573365 0.5085662603378296 30
1761606573871 0.5085662603378296 31
1761606574398 0.5085662603378296 32
1761606574897 0.5085662603378296 33
1761606575421 0.5085662603378296 34
1761606575947 0.5085662603378296 35
1761606576467 0.5085662603378296 36
1761606577021 0.5085662603378296 37
1761606577556 0.5085662603378296 38
1761606578093 0.5085662603378296 39
1761606578604 0.5085662603378296 40
1761606579129 0.5085662603378296 41
1761606579653 0.5085662603378296 42
1761606580182 0.5085662603378296 43
1761606580715 0.5085662603378296 44
1761606581224 0.5085662603378296 45
1761606581757 0.5085662603378296 46
1761606582260 0.5067628622055054 47
1761606582787 0.5054102540016174 48
1761606583301 0.5085662603378296 49
1761606557220 0.47880974411964417 0
