1761606557220 1.0444021224975586 0
1761606557841 1.017295002937317 1
1761606558449 1.0205076932907104 2
1761606559012 1.0183759927749634 3
1761606559513 1.0180937051773071 4
1761606560023 1.0099488496780396 5
1761606560562 1.0134247541427612 6
1761606561108 1.0100066661834717 7
1761606561620 1.011760950088501 8
1761606562148 1.0099295377731323 9
1761606562686 1.0132840871810913 10
1761606563243 1.0085558891296387 11
1761606563765 1.0092412233352661 12
1761606564322 1.0108768939971924 13
1761606564840 1.0106499195098877 14
1761606565383 1.0131324529647827 15
1761606565910 1.0084612369537354 16
1761606566416 1.0092437267303467 17
1761606566966 1.0086089372634888 18
1761606567531 1.0107426643371582 19
1761606568056 1.0118459463119507 20
1761606568578 1.0123580694198608 21
1761606569094 1.0085172653198242 22
1761606569611 1.0069632530212402 23
1761606570154 1.009447455406189 24
1761606570709 1.00788152217865 25
1761606571251 1.00962233543396 26
1761606571780 1.0089918375015259 27
1761606572326 1.0064465999603271 28
1761606572830 1.0093237161636353 29
1761606573365 1.010689377784729 30
1761606573871 1.0074838399887085 31
1761606574398 1.009168267250061 32
1761606574897 1.0076813697814941 33
1761606575421 1.0077849626541138 34
1761606575947 1.0097101926803589 35
1761606576467 1.0072662830352783 36
1761606577021 1.0068888664245605 37
1761606577556 1.010894775390625 38
1761606578093 1.0034061670303345 39
1761606578604 1.005805253982544 40
1761606579129 1.0069544315338135 41
1761606579653 1.0045803785324097 42
1761606580182 1.007455825805664 43
1761606580715 1.0040825605392456 44
1761606581224 1.0042630434036255 45
1761606581757 1.0018669366836548 46
1761606582260 1.004386067390442 47
1761606582787 1.0048365592956543 48
1761606583301 1.0037565231323242 49
1761606557220 1.0444021224975586 0
