1761608219958 0.4887285828590393 0
1761608220372 0.5094679594039917 1
1761608220792 0.5243462324142456 2
1761608221196 0.53291255235672 3
1761608221577 0.5608656406402588 4
1761608221953 0.564021646976471 5
1761608222325 0.5847610235214233 6
1761608222701 0.5843101739883423 7
1761608223076 0.6082056164741516 8
1761608223457 0.613615870475769 9
1761608223816 0.6086564660072327 10
1761608224176 0.6393147110939026 11
1761608224565 0.6402164101600647 12
1761608224932 0.6406672596931458 13
1761608225297 0.6582506895065308 14
1761608225673 0.661857545375824 15
1761608226043 0.6690712571144104 16
1761608226417 0.6749323606491089 17
1761608226799 0.6816952228546143 18
1761608227168 0.6907123327255249 19
1761608227542 0.6970243453979492 20
1761608227913 0.71055006980896 21
1761608228273 0.7015329003334045 22
1761608228644 0.7073940634727478 23
1761608229017 0.7150586247444153 24
1761608229379 0.7285842895507812 25
1761608229744 0.7281334400177002 26
1761608230132 0.7380523085594177 27
1761608230511 0.7484220266342163 28
1761608230880 0.7605951428413391 29
1761608231251 0.740306556224823 30
1761608231619 0.7538322806358337 31
1761608231984 0.7786294221878052 32
1761608232367 0.7727682590484619 33
1761608232757 0.757439136505127 34
1761608233130 0.7867448329925537 35
1761608233494 0.7768259644508362 36
1761608233867 0.7953110933303833 37
1761608234246 0.7921550869941711 38
1761608234624 0.7957619428634644 39
1761608234993 0.8007213473320007 40
1761608235370 0.8052299618721008 41
1761608235747 0.7980162501335144 42
1761608236137 0.807033360004425 43
1761608236504 0.8025248050689697 44
1761608236868 0.8165013790130615 45
1761608237219 0.8228133320808411 46
1761608237573 0.8169522285461426 47
1761608237944 0.82236248254776 48
1761608238312 0.821911633014679 49
1761608219958 0.4887285828590393 0
