1761608219958 1.0098501443862915 0
1761608220372 0.9871631264686584 1
1761608220792 0.9730095863342285 2
1761608221196 0.964408278465271 3
1761608221577 0.9503645896911621 4
1761608221953 0.9350718259811401 5
1761608222325 0.9168854355812073 6
1761608222701 0.9048412442207336 7
1761608223076 0.8820248246192932 8
1761608223457 0.8718559741973877 9
1761608223816 0.8708675503730774 10
1761608224176 0.8450596928596497 11
1761608224565 0.8231942057609558 12
1761608224932 0.8154006004333496 13
1761608225297 0.7981405258178711 14
1761608225673 0.79417884349823 15
1761608226043 0.7727289795875549 16
1761608226417 0.7722573280334473 17
1761608226799 0.7450886964797974 18
1761608227168 0.7319303750991821 19
1761608227542 0.7304035425186157 20
1761608227913 0.6926928162574768 21
1761608228273 0.6978366374969482 22
1761608228644 0.6872650384902954 23
1761608229017 0.6716676950454712 24
1761608229379 0.64908766746521 25
1761608229744 0.6546362042427063 26
1761608230132 0.6362691521644592 27
1761608230511 0.6131313443183899 28
1761608230880 0.6014522910118103 29
1761608231251 0.611545741558075 30
1761608231619 0.5911927223205566 31
1761608231984 0.5557726621627808 32
1761608232367 0.5635883808135986 33
1761608232757 0.5759564638137817 34
1761608233130 0.5404106974601746 35
1761608233494 0.539110541343689 36
1761608233867 0.5062822699546814 37
1761608234246 0.5175100564956665 38
1761608234624 0.5028021931648254 39
1761608234993 0.49392184615135193 40
1761608235370 0.49596667289733887 41
1761608235747 0.5041543841362 42
1761608236137 0.4762302041053772 43
1761608236504 0.4778839647769928 44
1761608236868 0.45877450704574585 45
1761608237219 0.4438152611255646 46
1761608237573 0.4474860727787018 47
1761608237944 0.44598186016082764 48
1761608238312 0.4355725944042206 49
1761608219958 1.0098501443862915 0
