1761605965474 0.4138863980770111 0
1761605966064 0.3999098241329193 1
1761605966648 0.4017132520675659 2
1761605967201 0.42470693588256836 3
1761605967741 0.4206492304801941 4
1761605968282 0.4310189485549927 5
1761605968814 0.42470693588256836 6
1761605969337 0.42200180888175964 7
1761605969886 0.40126240253448486 8
1761605970399 0.41343551874160767 9
1761605970916 0.4170423746109009 10
1761605971422 0.4310189485549927 11
1761605971947 0.4310189485549927 12
1761605972471 0.4310189485549927 13
1761605973000 0.4310189485549927 14
1761605973542 0.4310189485549927 15
1761605974078 0.4310189485549927 16
1761605974619 0.4310189485549927 17
1761605975127 0.4310189485549927 18
1761605975688 0.4310189485549927 19
1761605976203 0.4310189485549927 20
1761605976756 0.4310189485549927 21
1761605977285 0.41929665207862854 22
1761605977823 0.4188458025455475 23
1761605978357 0.41929665207862854 24
1761605978878 0.4287646412849426 25
1761605979387 0.4310189485549927 26
1761605979912 0.4310189485549927 27
1761605980440 0.4310189485549927 28
1761605980969 0.4310189485549927 29
1761605981510 0.4224526584148407 30
1761605982035 0.42380523681640625 31
1761605982554 0.4310189485549927 32
1761605983080 0.4138863980770111 33
1761605983661 0.4310189485549927 34
1761605984177 0.4310189485549927 35
1761605984689 0.419747531414032 36
1761605985207 0.4310189485549927 37
1761605985723 0.42290350794792175 38
1761605986257 0.4310189485549927 39
1761605986772 0.4310189485549927 40
1761605987322 0.4310189485549927 41
1761605987849 0.4310189485549927 42
1761605988384 0.426961213350296 43
1761605988896 0.4310189485549927 44
1761605989454 0.4215509593486786 45
1761605989978 0.4310189485549927 46
1761605990519 0.4310189485549927 47
1761605991039 0.42560866475105286 48
1761605991572 0.4310189485549927 49
1761605965474 0.4138863980770111 0
