1761605965474 1.1040716171264648 0
1761605966064 1.0882197618484497 1
1761605966648 1.0923877954483032 2
1761605967201 1.0816117525100708 3
1761605967741 1.0860599279403687 4
1761605968282 1.0795259475708008 5
1761605968814 1.0844876766204834 6
1761605969337 1.0771493911743164 7
1761605969886 1.0817912817001343 8
1761605970399 1.083025574684143 9
1761605970916 1.0801242589950562 10
1761605971422 1.0801225900650024 11
1761605971947 1.0763680934906006 12
1761605972471 1.0794631242752075 13
1761605973000 1.077401041984558 14
1761605973542 1.0793174505233765 15
1761605974078 1.0798453092575073 16
1761605974619 1.077836036682129 17
1761605975127 1.0780433416366577 18
1761605975688 1.0753766298294067 19
1761605976203 1.0816230773925781 20
1761605976756 1.0781645774841309 21
1761605977285 1.0769611597061157 22
1761605977823 1.0767029523849487 23
1761605978357 1.0770196914672852 24
1761605978878 1.0773483514785767 25
1761605979387 1.0761505365371704 26
1761605979912 1.0810164213180542 27
1761605980440 1.0751513242721558 28
1761605980969 1.0734729766845703 29
1761605981510 1.0787558555603027 30
1761605982035 1.0779691934585571 31
1761605982554 1.0771466493606567 32
1761605983080 1.079744577407837 33
1761605983661 1.0788153409957886 34
1761605984177 1.0747311115264893 35
1761605984689 1.0780401229858398 36
1761605985207 1.078452229499817 37
1761605985723 1.0800577402114868 38
1761605986257 1.0794601440429688 39
1761605986772 1.0776352882385254 40
1761605987322 1.0761442184448242 41
1761605987849 1.078065037727356 42
1761605988384 1.0777109861373901 43
1761605988896 1.0802569389343262 44
1761605989454 1.0767033100128174 45
1761605989978 1.0771936178207397 46
1761605990519 1.0761998891830444 47
1761605991039 1.0765923261642456 48
1761605991572 1.0761892795562744 49
1761605965474 1.1040716171264648 0
