1761612917713 0.4815148711204529 0
1761612917955 0.49864742159843445 1
1761612918163 0.5036068558692932 2
1761612918378 0.5243462324142456 3
1761612918586 0.5360685586929321 4
1761612918805 0.5464382171630859 5
1761612919019 0.5626690983772278 6
1761612919235 0.5757439136505127 7
1761612919451 0.5807033181190491 8
1761612919664 0.5770964622497559 9
1761612919878 0.5982867479324341 10
1761612920102 0.597835898399353 11
1761612920311 0.5987375974655151 12
1761612920520 0.6104598641395569 13
1761612920729 0.6091073155403137 14
1761612920937 0.6253381371498108 15
1761612921155 0.6325518488883972 16
1761612921368 0.6348061561584473 17
1761612921580 0.6370604038238525 18
1761612921790 0.6370604038238525 19
1761612921998 0.6519386768341064 20
1761612922210 0.6492335200309753 21
1761612922432 0.644274115562439 22
1761612922643 0.6641117930412292 23
1761612922856 0.6541929841041565 24
1761612923068 0.6591523885726929 25
1761612923277 0.6812443733215332 26
1761612923489 0.6677186489105225 27
1761612923709 0.6740306615829468 28
1761612923918 0.6812443733215332 29
1761612924131 0.6893597841262817 30
1761612924353 0.6821460723876953 31
1761612924572 0.692966639995575 32
1761612924784 0.6970243453979492 33
1761612924993 0.6920649409294128 34
1761612925210 0.6965734958648682 35
1761612925436 0.7037872076034546 36
1761612925654 0.7046889066696167 37
1761612925876 0.7028855085372925 38
1761612926086 0.7123534679412842 39
1761612926309 0.7258791923522949 40
1761612926521 0.7001803517341614 41
1761612926737 0.7096483111381531 42
1761612926952 0.7141569256782532 43
1761612927211 0.7182146310806274 44
1761612927429 0.7299368977546692 45
1761612927637 0.7281334400177002 46
1761612927854 0.7308385968208313 47
1761612928066 0.7290351390838623 48
1761612928290 0.7294860482215881 49
1761612917713 0.4815148711204529 0
