1761612917713 0.999377429485321 0
1761612917955 0.9793421626091003 1
1761612918163 0.9729117155075073 2
1761612918378 0.963623046875 3
1761612918586 0.9566054940223694 4
1761612918805 0.9508014917373657 5
1761612919019 0.9424149394035339 6
1761612919235 0.931029200553894 7
1761612919451 0.9227514266967773 8
1761612919664 0.9194806218147278 9
1761612919878 0.9075812697410583 10
1761612920102 0.899025022983551 11
1761612920311 0.8955774903297424 12
1761612920520 0.8836991190910339 13
1761612920729 0.880498468875885 14
1761612920937 0.8681522607803345 15
1761612921155 0.861591100692749 16
1761612921368 0.8538575768470764 17
1761612921580 0.8451715111732483 18
1761612921790 0.8373433947563171 19
1761612921998 0.8258973360061646 20
1761612922210 0.8240340352058411 21
1761612922432 0.8164340853691101 22
1761612922643 0.8032337427139282 23
1761612922856 0.8031439781188965 24
1761612923068 0.7953214645385742 25
1761612923277 0.7817999720573425 26
1761612923489 0.7719630599021912 27
1761612923709 0.768482506275177 28
1761612923918 0.7638921141624451 29
1761612924131 0.7544312477111816 30
1761612924353 0.7477019429206848 31
1761612924572 0.7392903566360474 32
1761612924784 0.731086254119873 33
1761612924993 0.7293047308921814 34
1761612925210 0.7284852266311646 35
1761612925436 0.7162226438522339 36
1761612925654 0.713295042514801 37
1761612925876 0.7151710391044617 38
1761612926086 0.7047740817070007 39
1761612926309 0.6970803737640381 40
1761612926521 0.7038671970367432 41
1761612926737 0.6999686360359192 42
1761612926952 0.6861187815666199 43
1761612927211 0.678483784198761 44
1761612927429 0.6689144968986511 45
1761612927637 0.6701000332832336 46
1761612927854 0.670785665512085 47
1761612928066 0.6663529276847839 48
1761612928290 0.6675788760185242 49
1761612917713 0.999377429485321 0
