1761611918857 0.9934738278388977 0
1761611919415 0.9725753664970398 1
1761611919930 0.9669091701507568 2
1761611920441 0.9463770985603333 3
1761611920949 0.9382417798042297 4
1761611921463 0.9327350854873657 5
1761611922042 0.9028708934783936 6
1761611922566 0.9021571278572083 7
1761611923095 0.879145622253418 8
1761611923628 0.8731943368911743 9
1761611924141 0.84744793176651 10
1761611924656 0.8274639248847961 11
1761611925152 0.8130444288253784 12
1761611925653 0.7952538728713989 13
1761611926174 0.7627880573272705 14
1761611926709 0.7454578876495361 15
1761611927232 0.7237196564674377 16
1761611927741 0.6925025582313538 17
1761611928273 0.6978123784065247 18
1761611928784 0.661627471446991 19
1761611929301 0.6420194506645203 20
1761611929807 0.6412196159362793 21
1761611930339 0.6281090974807739 22
1761611930849 0.6051850318908691 23
1761611931400 0.5983251929283142 24
1761611931937 0.5680444836616516 25
1761611932448 0.553372859954834 26
1761611932959 0.5490532517433167 27
1761611933466 0.5434622764587402 28
1761611933963 0.5082390904426575 29
1761611934480 0.5086912512779236 30
1761611935007 0.5106641054153442 31
1761611935516 0.47867655754089355 32
1761611936033 0.4823870360851288 33
1761611936538 0.4719727635383606 34
1761611937072 0.44384780526161194 35
1761611937583 0.43146559596061707 36
1761611938095 0.41785433888435364 37
1761611938593 0.41664254665374756 38
1761611939092 0.4213036596775055 39
1761611939587 0.4254484176635742 40
1761611940105 0.4008319675922394 41
1761611940633 0.37658706307411194 42
1761611941173 0.38348791003227234 43
1761611941680 0.3621789216995239 44
1761611942188 0.36699777841567993 45
1761611942691 0.3490482568740845 46
1761611943198 0.35469380021095276 47
1761611943720 0.34050098061561584 48
1761611944237 0.31678494811058044 49
1761611918857 0.9934738278388977 0
