1761602956537 0.7583408355712891 0
1761602956945 0.7587916851043701 1
1761602957339 0.7587916851043701 2
1761602957716 0.7587916851043701 3
1761602958115 0.7583408355712891 4
1761602958510 0.7583408355712891 5
1761602958882 0.7587916851043701 6
1761602959302 0.7610459923744202 7
1761602959694 0.7610459923744202 8
1761602960050 0.7610459923744202 9
1761602960438 0.7605951428413391 10
1761602960843 0.7610459923744202 11
1761602961203 0.7660053968429565 12
1761602961591 0.7633002996444702 13
1761602961961 0.7623985409736633 14
1761602962335 0.7633002996444702 15
1761602962713 0.7628493905067444 16
1761602963074 0.7691614031791687 17
1761602963435 0.7669070959091187 18
1761602963824 0.7741208076477051 19
1761602964193 0.7772768139839172 20
1761602964570 0.7772768139839172 21
1761602964950 0.7759242653846741 22
1761602965345 0.7763751149177551 23
1761602965716 0.7768259644508362 24
1761602966087 0.7831379771232605 25
1761602966475 0.7835888266563416 26
1761602966856 0.7935076355934143 27
1761602967262 0.7917042374610901 28
1761602967623 0.8016231060028076 29
1761602967997 0.806582510471344 30
1761602968388 0.804328203201294 31
1761602968768 0.804779052734375 32
1761602969141 0.806582510471344 33
1761602969516 0.8137962222099304 34
1761602969897 0.8178539276123047 35
1761602970289 0.8201082348823547 36
1761602970725 0.8246167898178101 37
1761602971076 0.8246167898178101 38
1761602971451 0.8291253447532654 39
1761602971815 0.82236248254776 40
1761602972173 0.8277727961540222 41
1761602972544 0.8390442132949829 42
1761602972910 0.8300270438194275 43
1761602973292 0.838142454624176 44
1761602973673 0.8363390564918518 45
1761602974052 0.8458070158958435 46
1761602974430 0.8449053168296814 47
1761602974806 0.8570784330368042 48
1761602975180 0.8584310412406921 49
1761602956537 0.7583408355712891 0
