1761602956537 0.743739128112793 0
1761602956945 0.7103663682937622 1
1761602957339 0.7031214237213135 2
1761602957716 0.7012516260147095 3
1761602958115 0.6913233399391174 4
1761602958510 0.6847286820411682 5
1761602958882 0.6808102130889893 6
1761602959302 0.6769536137580872 7
1761602959694 0.6742188930511475 8
1761602960050 0.6652189493179321 9
1761602960438 0.659100353717804 10
1761602960843 0.654142439365387 11
1761602961203 0.653667151927948 12
1761602961591 0.6465369462966919 13
1761602961961 0.6404528617858887 14
1761602962335 0.633148729801178 15
1761602962713 0.6257357597351074 16
1761602963074 0.6167283058166504 17
1761602963435 0.6116408705711365 18
1761602963824 0.6003263592720032 19
1761602964193 0.5989812612533569 20
1761602964570 0.5906976461410522 21
1761602964950 0.5810410380363464 22
1761602965345 0.5738732814788818 23
1761602965716 0.5732613801956177 24
1761602966087 0.5585238933563232 25
1761602966475 0.5466910600662231 26
1761602966856 0.5414478778839111 27
1761602967262 0.5312845706939697 28
1761602967623 0.5220134854316711 29
1761602967997 0.5090429186820984 30
1761602968388 0.503669023513794 31
1761602968768 0.49528399109840393 32
1761602969141 0.4967633783817291 33
1761602969516 0.46920233964920044 34
1761602969897 0.4738224148750305 35
1761602970289 0.4619428515434265 36
1761602970725 0.44821423292160034 37
1761602971076 0.4416576623916626 38
1761602971451 0.44170233607292175 39
1761602971815 0.4453926086425781 40
1761602972173 0.42903754115104675 41
1761602972544 0.40778112411499023 42
1761602972910 0.4220968186855316 43
1761602973292 0.41465285420417786 44
1761602973673 0.4055170714855194 45
1761602974052 0.39393293857574463 46
1761602974430 0.38315117359161377 47
1761602974806 0.37217798829078674 48
1761602975180 0.3610311448574066 49
1761602956537 0.743739128112793 0
