1761595567549 0.4084761142730713 0
1761595567793 0.43868350982666016 1
1761595568015 0.4449954926967621 2
1761595568232 0.44544634222984314 3
1761595568450 0.4495040476322174 4
1761595568667 0.46393147110939026 5
1761595568888 0.459873765707016 6
1761595569108 0.4765554666519165 7
1761595569330 0.4792605936527252 8
1761595569557 0.49098286032676697 9
1761595569782 0.48917943239212036 10
1761595570010 0.5126239657402039 11
1761595570233 0.5072137117385864 12
1761595570465 0.5121731162071228 13
1761595570749 0.5180342793464661 14
1761595570979 0.5279530882835388 15
1761595571215 0.5266005396842957 16
1761595571429 0.53291255235672 17
1761595571666 0.5464382171630859 18
1761595571903 0.5365194082260132 19
1761595572128 0.5541027784347534 20
1761595572352 0.5617673397064209 21
1761595572583 0.5527502298355103 22
1761595572819 0.5608656406402588 23
1761595573038 0.5631199479103088 24
1761595573250 0.5716862082481384 25
1761595573472 0.5662758946418762 26
1761595573698 0.5721370577812195 27
1761595573924 0.5843101739883423 28
1761595574135 0.5928764939308167 29
1761595574358 0.5784490704536438 30
1761595574583 0.5933273434638977 31
1761595574820 0.5996392965316772 32
1761595575059 0.611361563205719 33
1761595575275 0.613615870475769 34
1761595575494 0.6059513092041016 35
1761595575731 0.6172227263450623 36
1761595575959 0.6140667200088501 37
1761595576255 0.6122633218765259 38
1761595576489 0.6176735758781433 39
1761595576708 0.6253381371498108 40
1761595576942 0.6253381371498108 41
1761595577163 0.6257889866828918 42
1761595577396 0.6357078552246094 43
1761595577624 0.6271415948867798 44
1761595577848 0.6321009993553162 45
1761595578060 0.6384130120277405 46
1761595578287 0.6456266641616821 47
1761595578510 0.6469792723655701 48
1761595578736 0.6496844291687012 49
1761595578956 0.6451758146286011 50
1761595579178 0.6514878273010254 51
1761595579410 0.646528422832489 52
1761595579648 0.6650135517120361 53
1761595579894 0.6636609435081482 54
1761595580143 0.6663661003112793 55
1761595580384 0.6614066958427429 56
1761595580619 0.6753832101821899 57
1761595580846 0.6708746552467346 58
1761595581082 0.678088366985321 59
1761595581306 0.6708746552467346 60
1761595581524 0.6744815111160278 61
1761595581743 0.6690712571144104 62
1761595581961 0.6722272038459778 63
1761595582178 0.6803426742553711 64
1761595582613 0.6798917651176453 65
1761595583082 0.6844003796577454 66
1761595583389 0.6816952228546143 67
1761595583707 0.6862037777900696 68
1761595583926 0.6880072355270386 69
1761595584149 0.7006312012672424 70
1761595584412 0.6902614831924438 71
1761595584634 0.7055906057357788 72
1761595584855 0.6880072355270386 73
1761595585072 0.6947700381278992 74
1761595585288 0.6988277435302734 75
1761595585504 0.7015329003334045 76
1761595585720 0.7015329003334045 77
1761595585933 0.7204688787460327 78
1761595586168 0.6961226463317871 79
1761595586408 0.7060414552688599 80
1761595586631 0.6970243453979492 81
1761595586846 0.7006312012672424 82
1761595587064 0.7128043174743652 83
1761595587279 0.7173128724098206 84
1761595587497 0.7137060165405273 85
1761595587713 0.7114517688751221 86
1761595587928 0.7064923644065857 87
1761595588142 0.711000919342041 88
1761595588355 0.711000919342041 89
1761595588577 0.7182146310806274 90
1761595588803 0.7168620228767395 91
1761595589026 0.7132551670074463 92
1761595589255 0.7173128724098206 93
1761595589472 0.7182146310806274 94
1761595589687 0.7236248850822449 95
1761595589907 0.726780891418457 96
1761595590143 0.7168620228767395 97
1761595590362 0.7168620228767395 98
1761595590589 0.7173128724098206 99
1761595567549 0.4084761142730713 0
