1761595567549 1.085813283920288 0
1761595567793 1.0686885118484497 1
1761595568015 1.0600367784500122 2
1761595568232 1.051113486289978 3
1761595568450 1.0457683801651 4
1761595568667 1.0370676517486572 5
1761595568888 1.031562328338623 6
1761595569108 1.0241708755493164 7
1761595569330 1.0195411443710327 8
1761595569557 1.0092421770095825 9
1761595569782 1.0044708251953125 10
1761595570010 0.9944151639938354 11
1761595570233 0.988948404788971 12
1761595570465 0.9894691705703735 13
1761595570749 0.9772936105728149 14
1761595570979 0.9721153378486633 15
1761595571215 0.9653781652450562 16
1761595571429 0.9599779844284058 17
1761595571666 0.9526512622833252 18
1761595571903 0.950871467590332 19
1761595572128 0.9452646374702454 20
1761595572352 0.9342529773712158 21
1761595572583 0.9286777973175049 22
1761595572819 0.9204802513122559 23
1761595573038 0.9160019755363464 24
1761595573250 0.9086745977401733 25
1761595573472 0.912437915802002 26
1761595573698 0.9059855937957764 27
1761595573924 0.8945391178131104 28
1761595574135 0.8861912488937378 29
1761595574358 0.889450192451477 30
1761595574583 0.8805973529815674 31
1761595574820 0.8703866004943848 32
1761595575059 0.8631879091262817 33
1761595575275 0.8611159324645996 34
1761595575494 0.8549613356590271 35
1761595575731 0.8516095876693726 36
1761595575959 0.8535498976707458 37
1761595576255 0.8481814861297607 38
1761595576489 0.8419308066368103 39
1761595576708 0.834626317024231 40
1761595576942 0.8300158977508545 41
1761595577163 0.826922595500946 42
1761595577396 0.8176323175430298 43
1761595577624 0.8181507587432861 44
1761595577848 0.811471700668335 45
1761595578060 0.8073549866676331 46
1761595578287 0.8071487545967102 47
1761595578510 0.8004051446914673 48
1761595578736 0.7943305373191833 49
1761595578956 0.7838571071624756 50
1761595579178 0.7814649939537048 51
1761595579410 0.7770525813102722 52
1761595579648 0.7716918587684631 53
1761595579894 0.766974151134491 54
1761595580143 0.7670005559921265 55
1761595580384 0.7632204294204712 56
1761595580619 0.7569658756256104 57
1761595580846 0.7579300403594971 58
1761595581082 0.745854914188385 59
1761595581306 0.7512123584747314 60
1761595581524 0.7470566630363464 61
1761595581743 0.751696765422821 62
1761595581961 0.7440760731697083 63
1761595582178 0.7315366864204407 64
1761595582613 0.7344527840614319 65
1761595583082 0.72540283203125 66
1761595583389 0.7234037518501282 67
1761595583707 0.724620521068573 68
1761595583926 0.7181793451309204 69
1761595584149 0.710054337978363 70
1761595584412 0.7161427140235901 71
1761595584634 0.7042010426521301 72
1761595584855 0.7065636515617371 73
1761595585072 0.7116707563400269 74
1761595585288 0.7032309770584106 75
1761595585504 0.6968891024589539 76
1761595585720 0.703778088092804 77
1761595585933 0.6832034587860107 78
1761595586168 0.7085559964179993 79
1761595586408 0.6899169087409973 80
1761595586631 0.687542736530304 81
1761595586846 0.6928737759590149 82
1761595587064 0.6790740489959717 83
1761595587279 0.6768701672554016 84
1761595587497 0.6758597493171692 85
1761595587713 0.6808019876480103 86
1761595587928 0.6758206486701965 87
1761595588142 0.671405017375946 88
1761595588355 0.6668680310249329 89
1761595588577 0.6605194211006165 90
1761595588803 0.6654341816902161 91
1761595589026 0.6714233160018921 92
1761595589255 0.661449134349823 93
1761595589472 0.6611899733543396 94
1761595589687 0.6512241363525391 95
1761595589907 0.6498008370399475 96
1761595590143 0.649480938911438 97
1761595590362 0.6597698330879211 98
1761595590589 0.6526831984519958 99
1761595567549 1.085813283920288 0
