1761598931869 0.4553651809692383 0
1761598932146 0.4652840495109558 1
1761598932369 0.4571686089038849 2
1761598932585 0.4801623225212097 3
1761598932804 0.4661857485771179 4
1761598933085 0.4815148711204529 5
1761598933317 0.475653737783432 6
1761598933527 0.48196572065353394 7
1761598933742 0.47790801525115967 8
1761598933955 0.4860234558582306 9
1761598934164 0.4702434539794922 10
1761598934374 0.47520288825035095 11
1761598934585 0.4954914450645447 12
1761598934801 0.49594229459762573 13
1761598935003 0.491433709859848 14
1761598935214 0.49594229459762573 15
1761598935431 0.491433709859848 16
1761598935642 0.4945897161960602 17
1761598935853 0.48917943239212036 18
1761598936067 0.4954914450645447 19
1761598936280 0.5063120126724243 20
1761598936491 0.49008116126060486 21
1761598936707 0.5072137117385864 22
1761598936924 0.49774572253227234 23
1761598937138 0.5036068558692932 24
1761598937352 0.4990983009338379 25
1761598937566 0.49864742159843445 26
1761598937799 0.5090171098709106 27
1761598938011 0.5063120126724243 28
1761598938217 0.5135257244110107 29
1761598938430 0.5076645612716675 30
1761598938641 0.4923354387283325 31
1761598938855 0.5027051568031311 32
1761598939070 0.5126239657402039 33
1761598939285 0.49684399366378784 34
1761598939499 0.5054102540016174 35
1761598939712 0.5135257244110107 36
1761598939918 0.5063120126724243 37
1761598940136 0.5139765739440918 38
1761598940354 0.5135257244110107 39
1761598940566 0.5013525485992432 40
1761598940778 0.5126239657402039 41
1761598940991 0.5121731162071228 42
1761598941206 0.5072137117385864 43
1761598941417 0.5135257244110107 44
1761598941630 0.5184851288795471 45
1761598941843 0.5049594044685364 46
1761598942055 0.5207393765449524 47
1761598942268 0.5090171098709106 48
1761598942494 0.5085662603378296 49
1761598931869 0.4553651809692383 0
