1761598931869 0.9934889674186707 0
1761598932146 0.9522121548652649 1
1761598932369 0.9563471674919128 2
1761598932585 0.949271559715271 3
1761598932804 0.9514129161834717 4
1761598933085 0.9503780603408813 5
1761598933317 0.9496785402297974 6
1761598933527 0.9486410617828369 7
1761598933742 0.9510700702667236 8
1761598933955 0.9489051699638367 9
1761598934164 0.947323203086853 10
1761598934374 0.945774257183075 11
1761598934585 0.943390429019928 12
1761598934801 0.9438896179199219 13
1761598935003 0.944854736328125 14
1761598935214 0.9430795907974243 15
1761598935431 0.944562554359436 16
1761598935642 0.9429171085357666 17
1761598935853 0.9440078139305115 18
1761598936067 0.9444856643676758 19
1761598936280 0.9411275386810303 20
1761598936491 0.943341076374054 21
1761598936707 0.9414069056510925 22
1761598936924 0.9413259029388428 23
1761598937138 0.9430813193321228 24
1761598937352 0.944573163986206 25
1761598937566 0.9418238401412964 26
1761598937799 0.9402664303779602 27
1761598938011 0.9392861723899841 28
1761598938217 0.9384431838989258 29
1761598938430 0.9417045712471008 30
1761598938641 0.9452072978019714 31
1761598938855 0.9409366846084595 32
1761598939070 0.9375520348548889 33
1761598939285 0.9428219795227051 34
1761598939499 0.9390813112258911 35
1761598939712 0.9388863444328308 36
1761598939918 0.9364699125289917 37
1761598940136 0.9359394907951355 38
1761598940354 0.9362881183624268 39
1761598940566 0.9376840591430664 40
1761598940778 0.9389817118644714 41
1761598940991 0.9357579946517944 42
1761598941206 0.9365963935852051 43
1761598941417 0.9361655712127686 44
1761598941630 0.9355716705322266 45
1761598941843 0.9351224303245544 46
1761598942055 0.9346351623535156 47
1761598942268 0.9346567392349243 48
1761598942494 0.9363991618156433 49
1761598931869 0.9934889674186707 0
