1761467223852 0.518269956111908 0
1761467225737 0.572706937789917 1
1761467226616 0.5719612240791321 2
1761467227394 0.5973154306411743 3
1761467228349 0.6047725677490234 4
1761467229882 0.600298285484314 5
1761467230842 0.6017897129058838 6
1761467232086 0.6062639951705933 7
1761467232792 0.6107382774353027 8
1761467233641 0.6368381977081299 9
1761467234592 0.6346010565757751 10
1761467236133 0.6428039073944092 11
1761467237335 0.6554809808731079 12
1761467238299 0.6472781300544739 13
1761467239058 0.6785980463027954 14
1761467239982 0.6674124002456665 15
1761467240846 0.6614466905593872 16
1761467242227 0.690529465675354 17
1761467243380 0.690529465675354 18
1761467244410 0.6957494616508484 19
1761467245138 0.6830723285675049 20
1761467245897 0.7046979665756226 21
1761467247021 0.709172248840332 22
1761467248396 0.726323664188385 23
1761467249582 0.7360178828239441 24
1761467250423 0.7188665270805359 25
1761467251356 0.7240865230560303 26
1761467252391 0.744966447353363 27
1761467253296 0.7434750199317932 28
1761467254534 0.7568978667259216 29
1761467255701 0.744966447353363 30
1761467256577 0.764354944229126 31
1761467257318 0.7524235844612122 32
1761467258138 0.7755406498908997 33
1761467259394 0.7829977869987488 34
1761467260224 0.77255779504776 35
1761467261695 0.7882177233695984 36
1761467262685 0.7852349281311035 37
1761467263579 0.8061148524284363 38
1761467264372 0.7979120016098022 39
1761467265312 0.8090977072715759 40
1761467266522 0.8098434209823608 41
1761467267916 0.8113348484039307 42
1761467268760 0.8158090710639954 43
1761467269803 0.8292319178581238 44
1761467271094 0.8434004187583923 45
1761467271843 0.8307233452796936 46
1761467273377 0.8329604864120483 47
1761467274404 0.8411633372306824 48
1761467275234 0.8299776315689087 49
1761467223852 0.518269956111908 0
