1761591469226 0.4765554666519165 0
1761591470406 0.4945897161960602 1
1761591471521 0.5009016990661621 2
1761591472513 0.5094679594039917 3
1761591473455 0.5085662603378296 4
1761591474349 0.5252479910850525 5
1761591475246 0.5284039378166199 6
1761591476135 0.53291255235672 7
1761591477042 0.5356176495552063 8
1761591478069 0.5599639415740967 9
1761591479092 0.5689810514450073 10
1761591480193 0.5788999199867249 11
1761591481136 0.5748422145843506 12
1761591482083 0.5888187289237976 13
1761591483024 0.5901713371276855 14
1761591483918 0.6014427542686462 15
1761591484830 0.6086564660072327 16
1761591485721 0.630748450756073 17
1761591486617 0.6280432939529419 18
1761591487548 0.6325518488883972 19
1761591488459 0.6370604038238525 20
1761591489372 0.6523895263671875 21
1761591490272 0.6591523885726929 22
1761591491181 0.6614066958427429 23
1761591492078 0.6559963822364807 24
1761591492989 0.6862037777900696 25
1761591493885 0.67763751745224 26
1761591494812 0.6902614831924438 27
1761591495739 0.6920649409294128 28
1761591496681 0.7119026184082031 29
1761591497575 0.7186654806137085 30
1761591498530 0.7159603238105774 31
1761591499760 0.7330929040908813 32
1761591501032 0.740306556224823 33
1761591502295 0.7272317409515381 34
1761591503585 0.7430117130279541 35
1761591505156 0.757889986038208 36
1761591506698 0.7592425346374512 37
1761591508923 0.7705139517784119 38
1761591510837 0.773669958114624 39
1761591512543 0.7741208076477051 40
1761591514277 0.7944093942642212 41
1761591516082 0.7926059365272522 42
1761591517709 0.7971144914627075 43
1761591518746 0.8011722564697266 44
1761591520049 0.8124436140060425 45
1761591521184 0.7998196482658386 46
1761591522381 0.8056808114051819 47
1761591523438 0.8255184888839722 48
1761591524529 0.8417493104934692 49
1761591525930 0.8431019186973572 50
1761591527292 0.8525698781013489 51
1761591528490 0.8494138717651367 52
1761591529824 0.8570784330368042 53
1761591531015 0.8570784330368042 54
1761591532026 0.8602344393730164 55
1761591533030 0.8611361384391785 56
1761591534101 0.8525698781013489 57
1761591535106 0.8647429943084717 58
1761591536099 0.8796212673187256 59
1761591537306 0.8841298222541809 60
1761591538401 0.8809738755226135 61
1761591539541 0.8760144114494324 62
1761591540638 0.8805229663848877 63
1761591541698 0.8908926844596863 64
1761591542765 0.8994589447975159 65
1761591543734 0.873309314250946 66
1761591544718 0.9035167098045349 67
1761591545676 0.9111812710762024 68
1761591546639 0.9111812710762024 69
1761591547594 0.9120829701423645 70
1761591548556 0.9075744152069092 71
1761591549681 0.8981063961982727 72
1761591550858 0.9102795124053955 73
1761591551838 0.9156898260116577 74
1761591552816 0.9161406755447388 75
1761591553793 0.9292154908180237 76
1761591555307 0.9287646412849426 77
1761591556489 0.9274120926856995 78
1761591557484 0.9147881269454956 79
1761591558474 0.9260594844818115 80
1761591559490 0.9337241053581238 81
1761591560524 0.9247069358825684 82
1761591561841 0.9161406755447388 83
1761591562843 0.9170423746109009 84
1761591563839 0.9188458323478699 85
1761591564827 0.9283137917518616 86
1761591565811 0.9310189485549927 87
1761591567246 0.9337241053581238 88
1761591568548 0.9422903656959534 89
1761591569886 0.9431920647621155 90
1761591570869 0.9310189485549927 91
1761591571854 0.9328223466873169 92
1761591573225 0.9454463720321655 93
1761591574277 0.9522091746330261 94
1761591575551 0.933273196220398 95
1761591576525 0.9170423746109009 96
1761591577873 0.9251577854156494 97
1761591579345 0.9256086349487305 98
1761591580606 0.9463480710983276 99
1761591469226 0.4765554666519165 0
