1761591469226 1.0117474794387817 0
1761591470406 1.0031986236572266 1
1761591471521 0.9924585223197937 2
1761591472513 0.9898386597633362 3
1761591473455 0.9870200157165527 4
1761591474349 0.9747427701950073 5
1761591475246 0.9686146974563599 6
1761591476135 0.9634729027748108 7
1761591477042 0.9520535469055176 8
1761591478069 0.9445748925209045 9
1761591479092 0.9372838139533997 10
1761591480193 0.9231382012367249 11
1761591481136 0.9101184010505676 12
1761591482083 0.903628945350647 13
1761591483024 0.888526201248169 14
1761591483918 0.8664655685424805 15
1761591484830 0.8623310923576355 16
1761591485721 0.835073709487915 17
1761591486617 0.8368068337440491 18
1761591487548 0.8360837697982788 19
1761591488459 0.81284499168396 20
1761591489372 0.7915107011795044 21
1761591490272 0.7770727872848511 22
1761591491181 0.7715268135070801 23
1761591492078 0.7559159398078918 24
1761591492989 0.7318534851074219 25
1761591493885 0.7303383946418762 26
1761591494812 0.7222927212715149 27
1761591495739 0.6998791098594666 28
1761591496681 0.6725357174873352 29
1761591497575 0.6537579298019409 30
1761591498530 0.6553797721862793 31
1761591499760 0.6283038258552551 32
1761591501032 0.6149570941925049 33
1761591502295 0.6289348006248474 34
1761591503585 0.5850517749786377 35
1761591505156 0.5684621334075928 36
1761591506698 0.5523591637611389 37
1761591508923 0.5512583255767822 38
1761591510837 0.5251231789588928 39
1761591512543 0.5192266702651978 40
1761591514277 0.49271005392074585 41
1761591516082 0.5024573802947998 42
1761591517709 0.476797491312027 43
1761591518746 0.46907004714012146 44
1761591520049 0.43692389130592346 45
1761591521184 0.4755006432533264 46
1761591522381 0.453555166721344 47
1761591523438 0.42746955156326294 48
1761591524529 0.38284122943878174 49
1761591525930 0.3581331968307495 50
1761591527292 0.34993448853492737 51
1761591528490 0.3663972020149231 52
1761591529824 0.33157455921173096 53
1761591531015 0.3404191732406616 54
1761591532026 0.3397502303123474 55
1761591533030 0.33155113458633423 56
1761591534101 0.35964733362197876 57
1761591535106 0.3233526349067688 58
1761591536099 0.27969852089881897 59
1761591537306 0.2745775580406189 60
1761591538401 0.2794990837574005 61
1761591539541 0.2975631058216095 62
1761591540638 0.28110751509666443 63
1761591541698 0.2695021331310272 64
1761591542765 0.24351288378238678 65
1761591543734 0.2845555245876312 66
1761591544718 0.22905027866363525 67
1761591545676 0.22097033262252808 68
1761591546639 0.2224862277507782 69
1761591547594 0.21078266203403473 70
1761591548556 0.22433224320411682 71
1761591549681 0.25524672865867615 72
1761591550858 0.21401271224021912 73
1761591551838 0.19934804737567902 74
1761591552816 0.21285021305084229 75
1761591553793 0.17793896794319153 76
1761591555307 0.16461998224258423 77
1761591556489 0.1810675710439682 78
1761591557484 0.2232961654663086 79
1761591558474 0.18193843960762024 80
1761591559490 0.16367538273334503 81
1761591560524 0.17229992151260376 82
1761591561841 0.22256815433502197 83
1761591562843 0.20279262959957123 84
1761591563839 0.21389371156692505 85
1761591564827 0.19376559555530548 86
1761591565811 0.17264750599861145 87
1761591567246 0.17814624309539795 88
1761591568548 0.142930269241333 89
1761591569886 0.1497049480676651 90
1761591570869 0.18078549206256866 91
1761591571854 0.16761256754398346 92
1761591573225 0.14663612842559814 93
1761591574277 0.1261175572872162 94
1761591575551 0.17604315280914307 95
1761591576525 0.20630216598510742 96
1761591577873 0.19122804701328278 97
1761591579345 0.190903902053833 98
1761591580606 0.13667535781860352 99
1761591469226 1.0117474794387817 0
