1761598252503 0.5171957612037659 0
1761598252734 0.5443121790885925 1
1761598253142 0.5443121790885925 2
1761598253375 0.5443121790885925 3
1761598253625 0.5443121790885925 4
1761598253845 0.5443121790885925 5
1761598254100 0.5443121790885925 6
1761598254277 0.5443121790885925 7
1761598254448 0.5443121790885925 8
1761598254622 0.5443121790885925 9
1761598254795 0.5443121790885925 10
1761598254966 0.5443121790885925 11
1761598255149 0.5443121790885925 12
1761598255318 0.5443121790885925 13
1761598255493 0.5423280596733093 14
1761598255665 0.5429894328117371 15
1761598255837 0.5436508059501648 16
1761598256008 0.5429894328117371 17
1761598256185 0.5443121790885925 18
1761598256363 0.5436508059501648 19
1761598256543 0.5449735522270203 20
1761598256722 0.5416666865348816 21
1761598256898 0.5443121790885925 22
1761598257086 0.5423280596733093 23
1761598257264 0.5390211343765259 24
1761598257448 0.5376983880996704 25
1761598257623 0.5436508059501648 26
1761598257794 0.5436508059501648 27
1761598258001 0.5410053133964539 28
1761598258177 0.5390211343765259 29
1761598258347 0.5403439402580261 30
1761598258518 0.5436508059501648 31
1761598258701 0.5416666865348816 32
1761598258874 0.5350528955459595 33
1761598259049 0.5396825671195984 34
1761598259227 0.5423280596733093 35
1761598259410 0.5443121790885925 36
1761598259581 0.5390211343765259 37
1761598259754 0.5403439402580261 38
1761598259929 0.5429894328117371 39
1761598260106 0.5403439402580261 40
1761598260292 0.5396825671195984 41
1761598260466 0.5403439402580261 42
1761598260647 0.5443121790885925 43
1761598260817 0.5396825671195984 44
1761598261018 0.5476190447807312 45
1761598261196 0.5416666865348816 46
1761598261381 0.5410053133964539 47
1761598261553 0.5436508059501648 48
1761598261790 0.5436508059501648 49
1761598252503 0.5171957612037659 0
