1761598252503 1.0031338930130005 0
1761598252734 0.9478141069412231 1
1761598253142 0.9476929306983948 2
1761598253375 0.9471586346626282 3
1761598253625 0.9496763348579407 4
1761598253845 0.9494492411613464 5
1761598254100 0.9475471377372742 6
1761598254277 0.9451948404312134 7
1761598254448 0.9456052184104919 8
1761598254622 0.9448325634002686 9
1761598254795 0.9490673542022705 10
1761598254966 0.9483309984207153 11
1761598255149 0.9431573152542114 12
1761598255318 0.9439980387687683 13
1761598255493 0.9447156190872192 14
1761598255665 0.9424785375595093 15
1761598255837 0.9473667144775391 16
1761598256008 0.9422555565834045 17
1761598256185 0.9425584673881531 18
1761598256363 0.9459380507469177 19
1761598256543 0.9450645446777344 20
1761598256722 0.9441831707954407 21
1761598256898 0.943253755569458 22
1761598257086 0.9438843131065369 23
1761598257264 0.9451572299003601 24
1761598257448 0.9436520338058472 25
1761598257623 0.9416359663009644 26
1761598257794 0.942419171333313 27
1761598258001 0.9423397779464722 28
1761598258177 0.9409018158912659 29
1761598258347 0.9427139759063721 30
1761598258518 0.9389731884002686 31
1761598258701 0.93934565782547 32
1761598258874 0.9412117004394531 33
1761598259049 0.9389423131942749 34
1761598259227 0.9428048133850098 35
1761598259410 0.9368726015090942 36
1761598259581 0.9386890530586243 37
1761598259754 0.9367430210113525 38
1761598259929 0.9395760893821716 39
1761598260106 0.9385578632354736 40
1761598260292 0.9408894181251526 41
1761598260466 0.9370935559272766 42
1761598260647 0.9362338185310364 43
1761598260817 0.9391868114471436 44
1761598261018 0.9364751577377319 45
1761598261196 0.9392208456993103 46
1761598261381 0.9363383054733276 47
1761598261553 0.9369739890098572 48
1761598261790 0.9345960021018982 49
1761598252503 1.0031338930130005 0
