1761602924630 0.7398557066917419 0
1761602925145 0.7587916851043701 1
1761602925583 0.7587916851043701 2
1761602925987 0.7587916851043701 3
1761602926424 0.7587916851043701 4
1761602926823 0.7587916851043701 5
1761602927228 0.7587916851043701 6
1761602927624 0.7587916851043701 7
1761602928042 0.7587916851043701 8
1761602928451 0.7587916851043701 9
1761602928863 0.7587916851043701 10
1761602929272 0.7587916851043701 11
1761602929680 0.7587916851043701 12
1761602930098 0.7587916851043701 13
1761602930511 0.7587916851043701 14
1761602930926 0.7587916851043701 15
1761602931337 0.7587916851043701 16
1761602931757 0.7587916851043701 17
1761602932165 0.7587916851043701 18
1761602932571 0.7587916851043701 19
1761602932981 0.7587916851043701 20
1761602933425 0.7587916851043701 21
1761602933847 0.7587916851043701 22
1761602934262 0.7587916851043701 23
1761602934678 0.7587916851043701 24
1761602935105 0.7587916851043701 25
1761602935548 0.7587916851043701 26
1761602935969 0.7587916851043701 27
1761602936395 0.7587916851043701 28
1761602936810 0.7587916851043701 29
1761602937203 0.7587916851043701 30
1761602937636 0.7587916851043701 31
1761602938049 0.7587916851043701 32
1761602938460 0.7587916851043701 33
1761602938912 0.7587916851043701 34
1761602939328 0.7587916851043701 35
1761602939743 0.7587916851043701 36
1761602940140 0.7587916851043701 37
1761602940554 0.7587916851043701 38
1761602940991 0.7587916851043701 39
1761602941399 0.7587916851043701 40
1761602941821 0.7583408355712891 41
1761602942232 0.7587916851043701 42
1761602942639 0.7583408355712891 43
1761602943057 0.757889986038208 44
1761602943468 0.7587916851043701 45
1761602943866 0.7587916851043701 46
1761602944278 0.7592425346374512 47
1761602944673 0.759693443775177 48
1761602945099 0.7583408355712891 49
1761602924630 0.7398557066917419 0
