1761602924630 0.7697504758834839 0
1761602925145 0.7229301929473877 1
1761602925583 0.7234223484992981 2
1761602925987 0.7215900421142578 3
1761602926424 0.7201731204986572 4
1761602926823 0.7214524149894714 5
1761602927228 0.7205319404602051 6
1761602927624 0.7201470136642456 7
1761602928042 0.7193632125854492 8
1761602928451 0.7175849080085754 9
1761602928863 0.7181373834609985 10
1761602929272 0.718157172203064 11
1761602929680 0.7156085968017578 12
1761602930098 0.7173293828964233 13
1761602930511 0.7137647867202759 14
1761602930926 0.7181662917137146 15
1761602931337 0.7105520963668823 16
1761602931757 0.7119685411453247 17
1761602932165 0.7143978476524353 18
1761602932571 0.7104923725128174 19
1761602932981 0.7117331624031067 20
1761602933425 0.710766613483429 21
1761602933847 0.7101299166679382 22
1761602934262 0.7143054008483887 23
1761602934678 0.7095953226089478 24
1761602935105 0.7131343483924866 25
1761602935548 0.7101656198501587 26
1761602935969 0.7105522155761719 27
1761602936395 0.7127378582954407 28
1761602936810 0.7121265530586243 29
1761602937203 0.7092739343643188 30
1761602937636 0.7092627882957458 31
1761602938049 0.7069499492645264 32
1761602938460 0.7075048089027405 33
1761602938912 0.7083324790000916 34
1761602939328 0.7087826728820801 35
1761602939743 0.709266185760498 36
1761602940140 0.7070721387863159 37
1761602940554 0.7084212899208069 38
1761602940991 0.7075795531272888 39
1761602941399 0.70572829246521 40
1761602941821 0.7047759890556335 41
1761602942232 0.7065572142601013 42
1761602942639 0.7039722204208374 43
1761602943057 0.7029368281364441 44
1761602943468 0.7046249508857727 45
1761602943866 0.7040066719055176 46
1761602944278 0.7019618153572083 47
1761602944673 0.7005310654640198 48
1761602945099 0.7015918493270874 49
1761602924630 0.7697504758834839 0
