1761467521236 0.5398955941200256 0
1761467521585 0.5764355063438416 1
1761467521948 0.5935868620872498 2
1761467522528 0.5853840708732605 3
1761467522913 0.5988068580627441 4
1761467523363 0.6032811403274536 5
1761467523839 0.6174496412277222 6
1761467524307 0.6301267743110657 7
1761467524754 0.6256524920463562 8
1761467525197 0.6308724880218506 9
1761467525600 0.6331096291542053 10
1761467526024 0.6398210525512695 11
1761467526497 0.6353467702865601 12
1761467526893 0.6539895534515381 13
1761467527293 0.6405667662620544 14
1761467527711 0.6562266945838928 15
1761467528156 0.6524981260299683 16
1761467528596 0.6398210525512695 17
1761467529043 0.6554809808731079 18
1761467529486 0.6711409687995911 19
1761467529772 0.6532438397407532 20
1761467530255 0.6703952550888062 21
1761467530736 0.6621924042701721 22
1761467531147 0.68232661485672 23
1761467531390 0.6748694777488708 24
1761467531672 0.6756151914596558 25
1761467532135 0.6838180422782898 26
1761467532636 0.6793437600135803 27
1761467533121 0.673378050327301 28
1761467533529 0.700969398021698 29
1761467533956 0.6830723285675049 30
1761467534436 0.690529465675354 31
1761467534882 0.6972408890724182 32
1761467535326 0.6927666068077087 33
1761467535769 0.7046979665756226 34
1761467536237 0.7143922448158264 35
1761467536652 0.6950037479400635 36
1761467537065 0.7024608254432678 37
1761467537470 0.726323664188385 38
1761467537879 0.7173750996589661 39
1761467538369 0.7158836722373962 40
1761467538773 0.7143922448158264 41
1761467539244 0.7121551036834717 42
1761467539626 0.7225950956344604 43
1761467540021 0.7166293859481812 44
1761467540499 0.7173750996589661 45
1761467540954 0.7225950956344604 46
1761467541387 0.7188665270805359 47
1761467541777 0.7300521731376648 48
1761467542237 0.7360178828239441 49
1761467521236 0.5398955941200256 0
