1761467521236 0.9538793563842773 0
1761467521585 0.917992889881134 1
1761467521948 0.9042437076568604 2
1761467522528 0.8937475681304932 3
1761467522913 0.8754951357841492 4
1761467523363 0.8677579164505005 5
1761467523839 0.8615300059318542 6
1761467524307 0.8496729135513306 7
1761467524754 0.8486871719360352 8
1761467525197 0.8362481594085693 9
1761467525600 0.8242602348327637 10
1761467526024 0.8177350759506226 11
1761467526497 0.8179308772087097 12
1761467526893 0.8076463341712952 13
1761467527293 0.8023585081100464 14
1761467527711 0.7960813045501709 15
1761467528156 0.7924287915229797 16
1761467528596 0.7900463342666626 17
1761467529043 0.7838367819786072 18
1761467529486 0.7715310454368591 19
1761467529772 0.7858486175537109 20
1761467530255 0.7701792120933533 21
1761467530736 0.7646967768669128 22
1761467531147 0.7547922730445862 23
1761467531390 0.7531507611274719 24
1761467531672 0.7492321729660034 25
1761467532135 0.7441021800041199 26
1761467532636 0.7450393438339233 27
1761467533121 0.7455251812934875 28
1761467533529 0.7299633026123047 29
1761467533956 0.7292606830596924 30
1761467534436 0.7196205258369446 31
1761467534882 0.7192748188972473 32
1761467535326 0.7232756614685059 33
1761467535769 0.7112354636192322 34
1761467536237 0.7050737738609314 35
1761467536652 0.7198137044906616 36
1761467537065 0.7091678380966187 37
1761467537470 0.7003949284553528 38
1761467537879 0.6915255188941956 39
1761467538369 0.6846516132354736 40
1761467538773 0.6887614727020264 41
1761467539244 0.6941318511962891 42
1761467539626 0.6760522127151489 43
1761467540021 0.6825244426727295 44
1761467540499 0.6832399964332581 45
1761467540954 0.6670960783958435 46
1761467541387 0.668942928314209 47
1761467541777 0.6651358604431152 48
1761467542237 0.6576989889144897 49
1761467521236 0.9538793563842773 0
