1761602218040 0.47069433331489563 0
1761602218955 0.4797114431858063 1
1761602219954 0.475653737783432 2
1761602220881 0.4833182990550995 3
1761602221796 0.4833182990550995 4
1761602222705 0.48467087745666504 5
1761602223569 0.5 6
1761602224565 0.4972948729991913 7
1761602225496 0.5121731162071228 8
1761602226390 0.5121731162071228 9
1761602227259 0.5229936838150024 10
1761602228119 0.5342651009559631 11
1761602228973 0.5428313612937927 12
1761602229838 0.5604147911071777 13
1761602230734 0.5550045371055603 14
1761602231632 0.5775473117828369 15
1761602232539 0.595581591129303 16
1761602233394 0.6100090146064758 17
1761602234244 0.6068530082702637 18
1761602235106 0.6239855885505676 19
1761602235975 0.6397655606269836 20
1761602236854 0.6321009993553162 21
1761602237695 0.6577998399734497 22
1761602238566 0.6785392165184021 23
1761602239461 0.6627592444419861 24
1761602240332 0.6519386768341064 25
1761602241198 0.6807935237884521 26
1761602242079 0.6988277435302734 27
1761602242998 0.692966639995575 28
1761602243876 0.709197461605072 29
1761602244766 0.7200180292129517 30
1761602245793 0.7123534679412842 31
1761602246748 0.7254283428192139 32
1761602247667 0.7475202679634094 33
1761602248616 0.744364321231842 34
1761602249561 0.7533814311027527 35
1761602250515 0.7610459923744202 36
1761602251441 0.7705139517784119 37
1761602252394 0.7673580050468445 38
1761602253387 0.7817853689193726 39
1761602254307 0.7880973815917969 40
1761602255202 0.7876465320587158 41
1761602256227 0.8025248050689697 42
1761602257157 0.8106402158737183 43
1761602258038 0.8097385168075562 44
1761602258952 0.8169522285461426 45
1761602259865 0.8115419149398804 46
1761602260832 0.8232641816139221 47
1761602261758 0.8119927644729614 48
1761602262729 0.8385933041572571 49
1761602218040 0.47069433331489563 0
