1761602218040 1.022501826286316 0
1761602218955 1.0136597156524658 1
1761602219954 1.0100862979888916 2
1761602220881 1.0066238641738892 3
1761602221796 1.0061566829681396 4
1761602222705 0.9984378814697266 5
1761602223569 0.9940158128738403 6
1761602224565 0.9893256425857544 7
1761602225496 0.977854311466217 8
1761602226390 0.9798479676246643 9
1761602227259 0.9659733176231384 10
1761602228119 0.9630705714225769 11
1761602228973 0.9480062127113342 12
1761602229838 0.9425736665725708 13
1761602230734 0.9280425906181335 14
1761602231632 0.9172198176383972 15
1761602232539 0.9029581546783447 16
1761602233394 0.8826413750648499 17
1761602234244 0.8714005351066589 18
1761602235106 0.8502059578895569 19
1761602235975 0.8283961415290833 20
1761602236854 0.8177769780158997 21
1761602237695 0.7994247078895569 22
1761602238566 0.7713441848754883 23
1761602239461 0.7712436318397522 24
1761602240332 0.7796888947486877 25
1761602241198 0.7440553903579712 26
1761602242079 0.7187695503234863 27
1761602242998 0.7150832414627075 28
1761602243876 0.7011262774467468 29
1761602244766 0.6714348793029785 30
1761602245793 0.6610012650489807 31
1761602246748 0.6491646766662598 32
1761602247667 0.6238609552383423 33
1761602248616 0.6253859996795654 34
1761602249561 0.5788843631744385 35
1761602250515 0.570017397403717 36
1761602251441 0.5589585900306702 37
1761602252394 0.5493519902229309 38
1761602253387 0.5249239206314087 39
1761602254307 0.5109376907348633 40
1761602255202 0.48916980624198914 41
1761602256227 0.4729505181312561 42
1761602257157 0.46593374013900757 43
1761602258038 0.45484960079193115 44
1761602258952 0.4570094347000122 45
1761602259865 0.4317522943019867 46
1761602260832 0.42409414052963257 47
1761602261758 0.4422357976436615 48
1761602262729 0.3795621991157532 49
1761602218040 1.022501826286316 0
