1761516351522 0.4511041045188904 0
1761516351951 0.460567831993103 1
1761516352264 0.47589004039764404 2
1761516352590 0.4957188069820404 3
1761516352916 0.4993240237236023 4
1761516353257 0.5290671586990356 5
1761516353595 0.5223073363304138 6
1761516353936 0.5344749689102173 7
1761516354275 0.5484452247619629 8
1761516354608 0.5624154806137085 9
1761516354950 0.5718792080879211 10
1761516355291 0.5795403122901917 11
1761516355629 0.5822442770004272 12
1761516355970 0.5881027579307556 13
1761516356313 0.6074808239936829 14
1761516356649 0.6106353998184204 15
1761516356989 0.5998197197914124 16
1761516357326 0.629112184047699 17
1761516357666 0.6191978454589844 18
1761516358010 0.6200991272926331 19
1761516358350 0.6412798762321472 20
1761516358695 0.6520955562591553 21
1761516359037 0.6349707245826721 22
1761516359374 0.6651644706726074 23
1761516359697 0.6714736223220825 24
1761516360038 0.6534475088119507 25
1761516360375 0.6642631888389587 26
1761516360715 0.6741775870323181 27
1761516361059 0.6858945488929749 28
1761516361402 0.6913023591041565 29
1761516361742 0.6890491247177124 30
1761516362082 0.6971608996391296 31
1761516362426 0.7007660865783691 32
1761516362767 0.6894997954368591 33
1761516363104 0.7084271907806396 34
1761516363444 0.7084271907806396 35
1761516363818 0.7251014113426208 36
1761516364160 0.7084271907806396 37
1761516364504 0.7232987880706787 38
1761516364844 0.7287065982818604 39
1761516365189 0.7260026931762695 40
1761516365513 0.718341588973999 41
1761516365861 0.7251014113426208 42
1761516366196 0.73366379737854 43
1761516366555 0.7327625155448914 44
1761516366882 0.7458314299583435 45
1761516367222 0.738170325756073 46
1761516367573 0.7589004039764404 47
1761516367912 0.7408742904663086 48
1761516368251 0.7629562616348267 49
1761516351522 0.4511041045188904 0
