1761516351522 1.0573137998580933 0
1761516351951 1.027116298675537 1
1761516352264 1.0098376274108887 2
1761516352590 0.9898236393928528 3
1761516352916 0.9839790463447571 4
1761516353257 0.9602725505828857 5
1761516353595 0.9528141617774963 6
1761516353936 0.9278514385223389 7
1761516354275 0.9245808720588684 8
1761516354608 0.9076109528541565 9
1761516354950 0.8942489624023438 10
1761516355291 0.8844102621078491 11
1761516355629 0.8833678364753723 12
1761516355970 0.8683762550354004 13
1761516356313 0.8353962302207947 14
1761516356649 0.836357593536377 15
1761516356989 0.8378265500068665 16
1761516357326 0.8073327541351318 17
1761516357666 0.8199065923690796 18
1761516358010 0.8123143911361694 19
1761516358350 0.7844688892364502 20
1761516358695 0.7756362557411194 21
1761516359037 0.7728618383407593 22
1761516359374 0.7470418214797974 23
1761516359697 0.7369835376739502 24
1761516360038 0.7620984315872192 25
1761516360375 0.7506955862045288 26
1761516360715 0.7211930155754089 27
1761516361059 0.7104918360710144 28
1761516361402 0.6969708204269409 29
1761516361742 0.6829531192779541 30
1761516362082 0.6918863654136658 31
1761516362426 0.6740522980690002 32
1761516362767 0.6883328557014465 33
1761516363104 0.6674443483352661 34
1761516363444 0.673126757144928 35
1761516363818 0.6316750049591064 36
1761516364160 0.6616474986076355 37
1761516364504 0.6423709392547607 38
1761516364844 0.6255976557731628 39
1761516365189 0.6323473453521729 40
1761516365513 0.6288813948631287 41
1761516365861 0.6354742050170898 42
1761516366196 0.5966236591339111 43
1761516366555 0.6013213992118835 44
1761516366882 0.6000313758850098 45
1761516367222 0.6042208075523376 46
1761516367573 0.5759757161140442 47
1761516367912 0.5910345911979675 48
1761516368251 0.5636764168739319 49
1761516351522 1.0573137998580933 0
