1761587718607 0.4215509593486786 0
1761587718857 0.4179441034793854 1
1761587719085 0.4242560863494873 2
1761587719303 0.42380523681640625 3
1761587719548 0.41749322414398193 4
1761587719771 0.42110008001327515 5
1761587719999 0.42741209268569946 6
1761587720310 0.4319206476211548 7
1761587720539 0.42741209268569946 8
1761587720765 0.41929665207862854 9
1761587721037 0.4242560863494873 10
1761587721292 0.42110008001327515 11
1761587721559 0.43417492508888245 12
1761587721804 0.4251577854156494 13
1761587722035 0.4260595142841339 14
1761587722261 0.43146979808807373 15
1761587722509 0.42651036381721497 16
1761587722737 0.42921552062034607 17
1761587722994 0.42470693588256836 18
1761587723267 0.42380523681640625 19
1761587723501 0.43597835302352905 20
1761587723762 0.4287646412849426 21
1761587724031 0.4251577854156494 22
1761587724290 0.42200180888175964 23
1761587724556 0.4278629422187805 24
1761587724802 0.4251577854156494 25
1761587725036 0.42560866475105286 26
1761587725257 0.4278629422187805 27
1761587725502 0.426961213350296 28
1761587725735 0.4328223764896393 29
1761587725965 0.43417492508888245 30
1761587726202 0.4346257746219635 31
1761587726424 0.4301172196865082 32
1761587726649 0.43237149715423584 33
1761587726895 0.43507665395736694 34
1761587727156 0.43958520889282227 35
1761587727461 0.44048693776130676 36
1761587727716 0.43237149715423584 37
1761587727945 0.44364291429519653 38
1761587728172 0.44364291429519653 39
1761587728399 0.4319206476211548 40
1761587728625 0.4418394863605499 41
1761587728852 0.44634807109832764 42
1761587729080 0.4458971917629242 43
1761587729311 0.44454464316368103 44
1761587729538 0.451307475566864 45
1761587729797 0.44138863682746887 46
1761587730075 0.4553651809692383 47
1761587730365 0.4495040476322174 48
1761587730704 0.44995492696762085 49
1761587731043 0.4589720368385315 50
1761587731357 0.4553651809692383 51
1761587731633 0.45761948823928833 52
1761587731851 0.45446348190307617 53
1761587732114 0.45852118730545044 54
1761587732379 0.45852118730545044 55
1761587732611 0.4486023485660553 56
1761587732858 0.459873765707016 57
1761587733102 0.4661857485771179 58
1761587733349 0.4634806215763092 59
1761587733583 0.4693417549133301 60
1761587733816 0.468890905380249 61
1761587734058 0.45671775937080383 62
1761587734292 0.459873765707016 63
1761587734542 0.4634806215763092 64
1761587734776 0.47249773144721985 65
1761587735014 0.46753832697868347 66
1761587735251 0.4684400260448456 67
1761587735497 0.4634806215763092 68
1761587735727 0.46393147110939026 69
1761587736011 0.4670874774456024 70
1761587736271 0.475653737783432 71
1761587736503 0.47159603238105774 72
1761587736732 0.46122634410858154 73
1761587736960 0.47790801525115967 74
1761587737204 0.4625788927078247 75
1761587737451 0.47610458731651306 76
1761587737709 0.47069433331489563 77
1761587737967 0.4797114431858063 78
1761587738245 0.46753832697868347 79
1761587738477 0.4810640215873718 80
1761587738722 0.4765554666519165 81
1761587738959 0.4801623225212097 82
1761587739192 0.4797114431858063 83
1761587739424 0.47700631618499756 84
1761587739662 0.4711451828479767 85
1761587739895 0.4792605936527252 86
1761587740123 0.47520288825035095 87
1761587740347 0.475653737783432 88
1761587740581 0.4797114431858063 89
1761587740813 0.4851217269897461 90
1761587741054 0.4824165999889374 91
1761587741336 0.47880974411964417 92
1761587741627 0.491433709859848 93
1761587741879 0.47790801525115967 94
1761587742114 0.4896303117275238 95
1761587742355 0.49504056572914124 96
1761587742595 0.4851217269897461 97
1761587742849 0.4869251549243927 98
1761587743130 0.49008116126060486 99
1761587718607 0.4215509593486786 0
