1761587718607 1.0827516317367554 0
1761587718857 1.0747942924499512 1
1761587719085 1.0742119550704956 2
1761587719303 1.0705721378326416 3
1761587719548 1.0681277513504028 4
1761587719771 1.068726658821106 5
1761587719999 1.066802978515625 6
1761587720310 1.065153956413269 7
1761587720539 1.063746690750122 8
1761587720765 1.0635427236557007 9
1761587721037 1.0620280504226685 10
1761587721292 1.064868450164795 11
1761587721559 1.0640629529953003 12
1761587721804 1.0622023344039917 13
1761587722035 1.0613701343536377 14
1761587722261 1.0596884489059448 15
1761587722509 1.0628716945648193 16
1761587722737 1.0655421018600464 17
1761587722994 1.059905767440796 18
1761587723267 1.0591789484024048 19
1761587723501 1.0587213039398193 20
1761587723762 1.0575259923934937 21
1761587724031 1.0581425428390503 22
1761587724290 1.0561143159866333 23
1761587724556 1.0554958581924438 24
1761587724802 1.054897665977478 25
1761587725036 1.0577484369277954 26
1761587725257 1.054977536201477 27
1761587725502 1.0538142919540405 28
1761587725735 1.0491398572921753 29
1761587725965 1.050530195236206 30
1761587726202 1.0512281656265259 31
1761587726424 1.052154779434204 32
1761587726649 1.049027919769287 33
1761587726895 1.0474313497543335 34
1761587727156 1.0455576181411743 35
1761587727461 1.0457642078399658 36
1761587727716 1.0451301336288452 37
1761587727945 1.0429341793060303 38
1761587728172 1.0434882640838623 39
1761587728399 1.0410178899765015 40
1761587728625 1.0399302244186401 41
1761587728852 1.037183403968811 42
1761587729080 1.0369911193847656 43
1761587729311 1.0401798486709595 44
1761587729538 1.037039041519165 45
1761587729797 1.0394933223724365 46
1761587730075 1.034536361694336 47
1761587730365 1.0362414121627808 48
1761587730704 1.0310840606689453 49
1761587731043 1.0310498476028442 50
1761587731357 1.0310336351394653 51
1761587731633 1.0298972129821777 52
1761587731851 1.0308451652526855 53
1761587732114 1.0293490886688232 54
1761587732379 1.0315231084823608 55
1761587732611 1.029458999633789 56
1761587732858 1.024953007698059 57
1761587733102 1.0241611003875732 58
1761587733349 1.0240908861160278 59
1761587733583 1.0214393138885498 60
1761587733816 1.0216467380523682 61
1761587734058 1.0216588973999023 62
1761587734292 1.0209381580352783 63
1761587734542 1.0207371711730957 64
1761587734776 1.0236231088638306 65
1761587735014 1.0169596672058105 66
1761587735251 1.017514944076538 67
1761587735497 1.020167350769043 68
1761587735727 1.015943169593811 69
1761587736011 1.018911361694336 70
1761587736271 1.0145643949508667 71
1761587736503 1.0152925252914429 72
1761587736732 1.0153285264968872 73
1761587736960 1.013570785522461 74
1761587737204 1.0108250379562378 75
1761587737451 1.0143705606460571 76
1761587737709 1.0139801502227783 77
1761587737967 1.0084903240203857 78
1761587738245 1.0101759433746338 79
1761587738477 1.0097250938415527 80
1761587738722 1.0066279172897339 81
1761587738959 1.0052376985549927 82
1761587739192 1.0066730976104736 83
1761587739424 1.0055841207504272 84
1761587739662 1.0101468563079834 85
1761587739895 1.0056871175765991 86
1761587740123 1.0041245222091675 87
1761587740347 1.0049662590026855 88
1761587740581 1.0038349628448486 89
1761587740813 1.0022257566452026 90
1761587741054 1.000148057937622 91
1761587741336 1.002704381942749 92
1761587741627 1.0022870302200317 93
1761587741879 1.001021385192871 94
1761587742114 0.999118983745575 95
1761587742355 0.9991468191146851 96
1761587742595 0.9976402521133423 97
1761587742849 0.9961284399032593 98
1761587743130 0.9957513213157654 99
1761587718607 1.0827516317367554 0
