1761610107906 0.4346257746219635 0
1761610108274 0.47249773144721985 1
1761610108600 0.4702434539794922 2
1761610108939 0.4495040476322174 3
1761610109314 0.4535617530345917 4
1761610109646 0.4765554666519165 5
1761610110019 0.46032461524009705 6
1761610110389 0.4747520387172699 7
1761610110725 0.4747520387172699 8
1761610111053 0.475653737783432 9
1761610111392 0.47880974411964417 10
1761610111721 0.46573489904403687 11
1761610112056 0.4661857485771179 12
1761610112392 0.4711451828479767 13
1761610112757 0.47700631618499756 14
1761610113092 0.4797114431858063 15
1761610113425 0.4774571657180786 16
1761610113760 0.4765554666519165 17
1761610114095 0.4824165999889374 18
1761610114428 0.47700631618499756 19
1761610114763 0.48376914858818054 20
1761610115107 0.4824165999889374 21
1761610115484 0.4851217269897461 22
1761610115833 0.5 23
1761610116214 0.4869251549243927 24
1761610116547 0.4945897161960602 25
1761610116954 0.5 26
1761610117282 0.500450849533081 27
1761610117614 0.5027051568031311 28
1761610117950 0.5049594044685364 29
1761610118288 0.5027051568031311 30
1761610118628 0.5099188685417175 31
1761610118964 0.5144274234771729 32
1761610119300 0.5085662603378296 33
1761610119644 0.5266005396842957 34
1761610119979 0.5202885270118713 35
1761610120314 0.5320107936859131 36
1761610120647 0.5216411352157593 37
1761610120993 0.5252479910850525 38
1761610121332 0.5288548469543457 39
1761610121667 0.5275022387504578 40
1761610122018 0.5220919847488403 41
1761610122355 0.53291255235672 42
1761610122689 0.5450856685638428 43
1761610123020 0.5369702577590942 44
1761610123374 0.5410279631614685 45
1761610123706 0.5513976812362671 46
1761610124038 0.5459873676300049 47
1761610124379 0.5441839694976807 48
1761610124750 0.5378719568252563 49
1761610107906 0.4346257746219635 0
