1761467597814 0.5488441586494446 0
1761467598148 0.5488441586494446 1
1761467598644 0.5488441586494446 2
1761467599151 0.5488441586494446 3
1761467599588 0.5510812997817993 4
1761467600021 0.5488441586494446 5
1761467600445 0.5495898723602295 6
1761467600740 0.5503355860710144 7
1761467601128 0.5577926635742188 8
1761467601433 0.5503355860710144 9
1761467601840 0.5480984449386597 10
1761467602263 0.5563012957572937 11
1761467602649 0.5466070175170898 12
1761467603071 0.5548098683357239 13
1761467603487 0.5495898723602295 14
1761467603897 0.5563012957572937 15
1761467604314 0.554064154624939 16
1761467604732 0.5592840909957886 17
1761467605140 0.5458613038063049 18
1761467605586 0.5458613038063049 19
1761467606029 0.5518270134925842 20
1761467606456 0.5525727272033691 21
1761467606905 0.5518270134925842 22
1761467607352 0.5563012957572937 23
1761467607782 0.5503355860710144 24
1761467608224 0.5413870215415955 25
1761467608642 0.5488441586494446 26
1761467609072 0.5577926635742188 27
1761467609521 0.5585383772850037 28
1761467609995 0.5577926635742188 29
1761467610432 0.5577926635742188 30
1761467610846 0.5592840909957886 31
1761467611285 0.5667412281036377 32
1761467611729 0.5563012957572937 33
1761467612139 0.5719612240791321 34
1761467612552 0.554064154624939 35
1761467612964 0.5585383772850037 36
1761467613385 0.5659955143928528 37
1761467613860 0.5600298047065735 38
1761467614359 0.5667412281036377 39
1761467614831 0.5697240829467773 40
1761467615239 0.5689783692359924 41
1761467615623 0.5667412281036377 42
1761467616108 0.5853840708732605 43
1761467616517 0.5674869418144226 44
1761467616964 0.5719612240791321 45
1761467617365 0.5704697966575623 46
1761467617697 0.572706937789917 47
1761467618076 0.5816555023193359 48
1761467618455 0.5697240829467773 49
1761467597814 0.5488441586494446 0
