1761467597814 0.9505466818809509 0
1761467598148 0.9387365579605103 1
1761467598644 0.935935914516449 2
1761467599151 0.9356080293655396 3
1761467599588 0.935722827911377 4
1761467600021 0.9319620728492737 5
1761467600445 0.9305630922317505 6
1761467600740 0.9291921854019165 7
1761467601128 0.933741569519043 8
1761467601433 0.9254197478294373 9
1761467601840 0.9265748262405396 10
1761467602263 0.9245960712432861 11
1761467602649 0.9253823757171631 12
1761467603071 0.9246307015419006 13
1761467603487 0.9221878051757812 14
1761467603897 0.9216016530990601 15
1761467604314 0.9238194823265076 16
1761467604732 0.9241536259651184 17
1761467605140 0.9230723977088928 18
1761467605586 0.9207803010940552 19
1761467606029 0.9176875352859497 20
1761467606456 0.9179238080978394 21
1761467606905 0.9156615138053894 22
1761467607352 0.9167483448982239 23
1761467607782 0.9155027866363525 24
1761467608224 0.9193685054779053 25
1761467608642 0.9130311608314514 26
1761467609072 0.9119364023208618 27
1761467609521 0.9134937524795532 28
1761467609995 0.9107246398925781 29
1761467610432 0.9096745252609253 30
1761467610846 0.9082250595092773 31
1761467611285 0.9089956283569336 32
1761467611729 0.9127764105796814 33
1761467612139 0.9054725170135498 34
1761467612552 0.9098867177963257 35
1761467612964 0.908980131149292 36
1761467613385 0.903717577457428 37
1761467613860 0.905242383480072 38
1761467614359 0.9033451676368713 39
1761467614831 0.9010483026504517 40
1761467615239 0.9034619331359863 41
1761467615623 0.901835560798645 42
1761467616108 0.9001452326774597 43
1761467616517 0.9059297442436218 44
1761467616964 0.8985609412193298 45
1761467617365 0.8977893590927124 46
1761467617697 0.899607241153717 47
1761467618076 0.8987617492675781 48
1761467618455 0.8992385864257812 49
1761467597814 0.9505466818809509 0
