1761518428933 0.460567831993103 0
1761518429245 0.5371789336204529 1
1761518429471 0.539432168006897 2
1761518429701 0.5416854619979858 3
1761518429920 0.5263632535934448 4
1761518430178 0.5425867438316345 5
1761518430393 0.5425867438316345 6
1761518430605 0.5403335094451904 7
1761518430815 0.5416854619979858 8
1761518431026 0.5398828387260437 9
1761518431239 0.5416854619979858 10
1761518431451 0.5416854619979858 11
1761518431660 0.5421360731124878 12
1761518431870 0.5407841205596924 13
1761518432081 0.5358269214630127 14
1761518432289 0.5371789336204529 15
1761518432498 0.5421360731124878 16
1761518432699 0.5407841205596924 17
1761518432909 0.5416854619979858 18
1761518433122 0.5344749689102173 19
1761518433321 0.5430374145507812 20
1761518433531 0.5340243577957153 21
1761518433739 0.5475439429283142 22
1761518433951 0.5385308861732483 23
1761518434160 0.5407841205596924 24
1761518434372 0.5376295447349548 25
1761518434581 0.5416854619979858 26
1761518434791 0.5371789336204529 27
1761518435016 0.539432168006897 28
1761518435233 0.5452906489372253 29
1761518435446 0.5497971773147583 30
1761518435656 0.5407841205596924 31
1761518435867 0.5344749689102173 32
1761518436075 0.5448400378227234 33
1761518436282 0.5385308861732483 34
1761518436491 0.5488958954811096 35
1761518436700 0.5380802154541016 36
1761518436910 0.5331230163574219 37
1761518437119 0.5376295447349548 38
1761518437347 0.5475439429283142 39
1761518437562 0.5534024238586426 40
1761518437778 0.5470932722091675 41
1761518437984 0.5475439429283142 42
1761518438204 0.5475439429283142 43
1761518438416 0.5479946136474609 44
1761518438635 0.534925639629364 45
1761518438850 0.5358269214630127 46
1761518439060 0.5461919903755188 47
1761518439287 0.5457413196563721 48
1761518439505 0.539432168006897 49
1761518428933 0.460567831993103 0
