1761464630233 0.42045965790748596 0
1761464631277 0.4389364719390869 1
1761464632315 0.46327173709869385 2
1761464633269 0.43668317794799805 3
1761464634292 0.45921584963798523 4
1761464635466 0.49256423115730286 5
1761464636433 0.511040985584259 6
1761464637441 0.5209553837776184 7
1761464638472 0.5178008079528809 8
1761464639576 0.5227580070495605 9
1761464640733 0.5322217345237732 10
1761464641793 0.5416854619979858 11
1761464642808 0.5506985187530518 12
1761464643776 0.5497971773147583 13
1761464644765 0.5579089522361755 14
1761464645815 0.5664713978767395 15
1761464647169 0.5624154806137085 16
1761464648135 0.5732311606407166 17
1761464649106 0.5876520872116089 18
1761464650080 0.5935105681419373 19
1761464651082 0.5971158146858215 20
1761464652229 0.6119873523712158 21
1761464653251 0.6155925989151001 22
1761464654242 0.6101847887039185 23
1761464655331 0.6340693831443787 24
1761464656323 0.6543487906455994 25
1761464657444 0.6588553190231323 26
1761464658534 0.6633618474006653 27
1761464659534 0.6809373497962952 28
1761464660526 0.687697172164917 29
1761464661513 0.6863452196121216 30
1761464662618 0.7106804847717285 31
1761464663743 0.7174403071403503 32
1761464664713 0.7287065982818604 33
1761464665688 0.7516899704933167 34
1761464666694 0.7404236197471619 35
1761464667643 0.7449301481246948 36
1761464668726 0.7602523565292358 37
1761464669718 0.7561964988708496 38
1761464670691 0.7724199891090393 39
1761464671642 0.7845876812934875 40
1761464672578 0.7850382924079895 41
1761464673526 0.7922487854957581 42
1761464674495 0.812077522277832 43
1761464675581 0.8111761808395386 44
1761464676685 0.8219918608665466 45
1761464677639 0.8188372850418091 46
1761464678631 0.8179360032081604 47
1761464679598 0.8350608348846436 48
1761464680599 0.8391166925430298 49
1761464630233 0.42045965790748596 0
