1761464630233 1.0165413618087769 0
1761464631277 1.0050950050354004 1
1761464632315 1.001515507698059 2
1761464633269 0.999437689781189 3
1761464634292 0.9951083660125732 4
1761464635466 0.9826904535293579 5
1761464636433 0.9761582612991333 6
1761464637441 0.9692391753196716 7
1761464638472 0.9690508246421814 8
1761464639576 0.9608943462371826 9
1761464640733 0.9515084624290466 10
1761464641793 0.9452008008956909 11
1761464642808 0.9409306049346924 12
1761464643776 0.9286172986030579 13
1761464644765 0.9272169470787048 14
1761464645815 0.9112094044685364 15
1761464647169 0.9085138440132141 16
1761464648135 0.8984430432319641 17
1761464649106 0.8836396932601929 18
1761464650080 0.878234326839447 19
1761464651082 0.8608002066612244 20
1761464652229 0.8464931845664978 21
1761464653251 0.8367686867713928 22
1761464654242 0.8306410312652588 23
1761464655331 0.8034311532974243 24
1761464656323 0.7892070412635803 25
1761464657444 0.7711814045906067 26
1761464658534 0.7596631050109863 27
1761464659534 0.7313328385353088 28
1761464660526 0.7047024369239807 29
1761464661513 0.712340772151947 30
1761464662618 0.6929720044136047 31
1761464663743 0.6618481874465942 32
1761464664713 0.6412996649742126 33
1761464665688 0.6087189316749573 34
1761464666694 0.6228113174438477 35
1761464667643 0.6048667430877686 36
1761464668726 0.5677579641342163 37
1761464669718 0.5566366314888 38
1761464670691 0.5352668762207031 39
1761464671642 0.517609179019928 40
1761464672578 0.5147280693054199 41
1761464673526 0.49147114157676697 42
1761464674495 0.4797978401184082 43
1761464675581 0.4577872157096863 44
1761464676685 0.4398327171802521 45
1761464677639 0.4317571818828583 46
1761464678631 0.4275437593460083 47
1761464679598 0.39616820216178894 48
1761464680599 0.3830855190753937 49
1761464630233 1.0165413618087769 0
