1761445262714 0.4055880904197693 0
1761445264698 0.4132492244243622 1
1761445266448 0.4474988877773285 2
1761445267992 0.460567831993103 3
1761445269717 0.46462368965148926 4
1761445271406 0.4907616078853607 5
1761445273008 0.49752140045166016 6
1761445274666 0.519603431224823 7
1761445276404 0.5178008079528809 8
1761445278158 0.5457413196563721 9
1761445280715 0.5529517531394958 10
1761445282420 0.565570056438446 11
1761445284175 0.5899053812026978 12
1761445285873 0.5944119095802307 13
1761445287481 0.6164939403533936 14
1761445289147 0.6187471747398376 15
1761445290801 0.6273096203804016 16
1761445292763 0.6579540371894836 17
1761445294086 0.6511942148208618 18
1761445295618 0.6822893023490906 19
1761445297429 0.6804866790771484 20
1761445299357 0.6881478428840637 21
1761445301187 0.7093285322189331 22
1761445303120 0.7111311554908752 23
1761445305063 0.7232987880706787 24
1761445306955 0.7395222783088684 25
1761445308753 0.7417755722999573 26
1761445310481 0.7431275248527527 27
1761445312229 0.7706173658370972 28
1761445313978 0.7688148021697998 29
1761445315854 0.7868409156799316 30
1761445317698 0.7845876812934875 31
1761445319402 0.7895448207855225 32
1761445321111 0.7999098896980286 33
1761445322849 0.8017124533653259 34
1761445324574 0.8003605008125305 35
1761445326369 0.8152320981025696 36
1761445328136 0.816584050655365 37
1761445329791 0.8219918608665466 38
1761445331620 0.8341595530509949 39
1761445333466 0.8422712683677673 40
1761445335424 0.8400180339813232 41
1761445337253 0.8382154107093811 42
1761445339066 0.851284384727478 43
1761445340814 0.8494817614555359 44
1761445342597 0.8548895716667175 45
1761445345130 0.8391166925430298 46
1761445347763 0.8584948182106018 47
1761445349511 0.8616493940353394 48
1761445351315 0.8724650740623474 49
1761445262714 0.4055880904197693 0
