1761445262714 1.0827052593231201 0
1761445264698 1.070376992225647 1
1761445266448 1.0505287647247314 2
1761445267992 1.0308828353881836 3
1761445269717 1.0111544132232666 4
1761445271406 1.0026355981826782 5
1761445273008 0.9836082458496094 6
1761445274666 0.9654471278190613 7
1761445276404 0.9518104195594788 8
1761445278158 0.9286952018737793 9
1761445280715 0.9099923372268677 10
1761445282420 0.8909871578216553 11
1761445284175 0.8727467656135559 12
1761445285873 0.8461354374885559 13
1761445287481 0.8194268345832825 14
1761445289147 0.8164675235748291 15
1761445290801 0.78841632604599 16
1761445292763 0.7681940197944641 17
1761445294086 0.7459570169448853 18
1761445295618 0.7109681963920593 19
1761445297429 0.7064334750175476 20
1761445299357 0.6875975728034973 21
1761445301187 0.6575572490692139 22
1761445303120 0.6453598141670227 23
1761445305063 0.6246856451034546 24
1761445306955 0.5866093039512634 25
1761445308753 0.5801774263381958 26
1761445310481 0.572119951248169 27
1761445312229 0.5413852334022522 28
1761445313978 0.541851818561554 29
1761445315854 0.5033410787582397 30
1761445317698 0.49854567646980286 31
1761445319402 0.49373915791511536 32
1761445321111 0.4666097164154053 33
1761445322849 0.46840786933898926 34
1761445324574 0.4638807773590088 35
1761445326369 0.4324396550655365 36
1761445328136 0.43533557653427124 37
1761445329791 0.42300301790237427 38
1761445331620 0.391875296831131 39
1761445333466 0.38596609234809875 40
1761445335424 0.36994925141334534 41
1761445337253 0.36663728952407837 42
1761445339066 0.37276387214660645 43
1761445340814 0.35165414214134216 44
1761445342597 0.33780229091644287 45
1761445345130 0.39824333786964417 46
1761445347763 0.3456825911998749 47
1761445349511 0.31900882720947266 48
1761445351315 0.3047018349170685 49
1761445262714 1.0827052593231201 0
