1761462564865 0.33663812279701233 0
1761462565480 0.35196033120155334 1
1761462566050 0.3465524911880493 2
1761462566596 0.34069401025772095 3
1761462567198 0.3348354995250702 4
1761462567783 0.3352861702442169 5
1761462568334 0.3402433395385742 6
1761462568937 0.3402433395385742 7
1761462569548 0.3388913869857788 8
1761462570127 0.33844074606895447 9
1761462570688 0.3411446511745453 10
1761462571262 0.3262730836868286 11
1761462571845 0.3388913869857788 12
1761462572583 0.3276250660419464 13
1761462573298 0.36367732286453247 14
1761462573850 0.371338427066803 15
1761462574414 0.3726904094219208 16
1761462575029 0.37088778614997864 17
1761462575578 0.3844074010848999 18
1761462576150 0.3857593536376953 19
1761462576718 0.3803515136241913 20
1761462577304 0.3780982494354248 21
1761462577834 0.3857593536376953 22
1761462578399 0.390716552734375 23
1761462578963 0.3808021545410156 24
1761462579556 0.3970256745815277 25
1761462580128 0.3780982494354248 26
1761462580730 0.3956737220287323 27
1761462581295 0.37990084290504456 28
1761462581845 0.4033348262310028 29
1761462582397 0.38981524109840393 30
1761462582960 0.39657503366470337 31
1761462583536 0.39612439274787903 32
1761462584115 0.39747634530067444 33
1761462584672 0.3983776569366455 34
1761462585231 0.39657503366470337 35
1761462585736 0.410545289516449 36
1761462586298 0.4082920253276825 37
1761462586864 0.3956737220287323 38
1761462587427 0.3983776569366455 39
1761462587979 0.4096439778804779 40
1761462588505 0.40153223276138306 41
1761462589039 0.42045965790748596 42
1761462589559 0.41415050625801086 43
1761462590094 0.4132492244243622 44
1761462590627 0.41279855370521545 45
1761462591177 0.4209103286266327 46
1761462591715 0.4209103286266327 47
1761462592258 0.4168544411659241 48
1761462592808 0.4222622811794281 49
1761462564865 0.33663812279701233 0
