1761462564865 1.1184228658676147 0
1761462565480 1.1071232557296753 1
1761462566050 1.1090046167373657 2
1761462566596 1.1082602739334106 3
1761462567198 1.1019059419631958 4
1761462567783 1.1018526554107666 5
1761462568334 1.1027816534042358 6
1761462568937 1.1048489809036255 7
1761462569548 1.1019800901412964 8
1761462570127 1.101273536682129 9
1761462570688 1.1012071371078491 10
1761462571262 1.1041858196258545 11
1761462571845 1.0979567766189575 12
1761462572583 1.0992752313613892 13
1761462573298 1.0935338735580444 14
1761462573850 1.0944205522537231 15
1761462574414 1.0910545587539673 16
1761462575029 1.0948786735534668 17
1761462575578 1.0955688953399658 18
1761462576150 1.0923558473587036 19
1761462576718 1.0913945436477661 20
1761462577304 1.092816710472107 21
1761462577834 1.0901319980621338 22
1761462578399 1.090364933013916 23
1761462578963 1.0888538360595703 24
1761462579556 1.0881081819534302 25
1761462580128 1.0871132612228394 26
1761462580730 1.0885292291641235 27
1761462581295 1.091957926750183 28
1761462581845 1.089331865310669 29
1761462582397 1.0875211954116821 30
1761462582960 1.0862202644348145 31
1761462583536 1.0889477729797363 32
1761462584115 1.0849286317825317 33
1761462584672 1.0845423936843872 34
1761462585231 1.0838017463684082 35
1761462585736 1.0821563005447388 36
1761462586298 1.078710913658142 37
1761462586864 1.081534504890442 38
1761462587427 1.0809422731399536 39
1761462587979 1.0762336254119873 40
1761462588505 1.076991081237793 41
1761462589039 1.0742846727371216 42
1761462589559 1.0747379064559937 43
1761462590094 1.0754444599151611 44
1761462590627 1.0709859132766724 45
1761462591177 1.0718623399734497 46
1761462591715 1.0711127519607544 47
1761462592258 1.0689517259597778 48
1761462592808 1.0661753416061401 49
1761462564865 1.1184228658676147 0
