1761502725275 0.7871472835540771 0
1761502726319 0.751144528388977 1
1761502727437 0.7394039034843445 2
1761502728610 0.7278599143028259 3
1761502729811 0.7187446355819702 4
1761502730970 0.7143372893333435 5
1761502732049 0.7055885791778564 6
1761502733200 0.6906445622444153 7
1761502734349 0.6811255812644958 8
1761502735404 0.6808568835258484 9
1761502736581 0.6699996590614319 10
1761502737671 0.6539619565010071 11
1761502738806 0.643673300743103 12
1761502740105 0.6419300436973572 13
1761502740702 0.6373149156570435 14
1761502741299 0.6269481778144836 15
1761502742308 0.6210441589355469 16
1761502743283 0.6078847646713257 17
1761502744413 0.6134806871414185 18
1761502745567 0.6036347150802612 19
1761502746657 0.6017627120018005 20
1761502747227 0.593194305896759 21
1761502748409 0.5731854438781738 22
1761502749488 0.5754861235618591 23
1761502750640 0.5742914080619812 24
1761502751728 0.5505419373512268 25
1761502752914 0.5458440780639648 26
1761502753956 0.5312048196792603 27
1761502754559 0.5392650961875916 28
1761502755653 0.5306318402290344 29
1761502756939 0.5225719809532166 30
1761502758070 0.4999377727508545 31
1761502759214 0.5047432780265808 32
1761502760299 0.488185852766037 33
1761502761397 0.4981652498245239 34
1761502762586 0.4693334400653839 35
1761502763779 0.4624533951282501 36
1761502764939 0.46102672815322876 37
1761502766097 0.46338197588920593 38
1761502767279 0.45829591155052185 39
1761502768563 0.4354637861251831 40
1761502769806 0.4165518879890442 41
1761502771014 0.4180220365524292 42
1761502772278 0.4745802879333496 43
1761502773510 0.41995811462402344 44
1761502774280 0.39678335189819336 45
1761502774870 0.40188437700271606 46
1761502775434 0.3998876214027405 47
1761502776433 0.39251509308815 48
1761502777459 0.39955610036849976 49
1761502725275 0.7871472835540771 0
