1761445744703 1.100265383720398 0
1761445745721 1.0777099132537842 1
1761445746433 1.074458360671997 2
1761445747026 1.0736141204833984 3
1761445748056 1.0698808431625366 4
1761445748756 1.0682357549667358 5
1761445749764 1.0667903423309326 6
1761445750437 1.066788673400879 7
1761445751052 1.0654581785202026 8
1761445752135 1.0663211345672607 9
1761445753032 1.0646042823791504 10
1761445753832 1.06064772605896 11
1761445754846 1.0611621141433716 12
1761445755859 1.059448003768921 13
1761445756797 1.0590622425079346 14
1761445757599 1.0590112209320068 15
1761445758549 1.060623288154602 16
1761445759444 1.0592248439788818 17
1761445760468 1.0572993755340576 18
1761445761429 1.0565526485443115 19
1761445762322 1.058009147644043 20
1761445763213 1.057866096496582 21
1761445764148 1.0549848079681396 22
1761445764969 1.056402325630188 23
1761445766035 1.0569846630096436 24
1761445766917 1.0550888776779175 25
1761445767892 1.0591249465942383 26
1761445768720 1.0548646450042725 27
1761445769621 1.0553406476974487 28
1761445770652 1.0563822984695435 29
1761445771678 1.0524978637695312 30
1761445772712 1.0534940958023071 31
1761445773591 1.0523663759231567 32
1761445774324 1.0516520738601685 33
1761445775030 1.052843689918518 34
1761445775801 1.05189049243927 35
1761445776836 1.0498182773590088 36
1761445777686 1.0496405363082886 37
1761445778504 1.0531948804855347 38
1761445779363 1.0495942831039429 39
1761445780077 1.0477346181869507 40
1761445780853 1.0479612350463867 41
1761445781805 1.0475085973739624 42
1761445782716 1.0511289834976196 43
1761445783662 1.0481611490249634 44
1761445784579 1.0467286109924316 45
1761445785565 1.0460196733474731 46
1761445786563 1.0482746362686157 47
1761445787559 1.0481334924697876 48
1761445788563 1.0495408773422241 49
1761445744703 1.100265383720398 0
