1761604564585 0.4048692584037781 0
1761604564850 0.4652840495109558 1
1761604565106 0.49323713779449463 2
1761604565333 0.515329122543335 3
1761604565570 0.5500450730323792 4
1761604565808 0.564472496509552 5
1761604566047 0.5856627821922302 6
1761604566340 0.6059513092041016 7
1761604566574 0.6280432939529419 8
1761604566804 0.6420198082923889 9
1761604567056 0.6361587047576904 10
1761604567294 0.6541929841041565 11
1761604567517 0.6812443733215332 12
1761604567746 0.6771866679191589 13
1761604567976 0.6862037777900696 14
1761604568207 0.7119026184082031 15
1761604568441 0.6961226463317871 16
1761604568692 0.726330041885376 17
1761604568931 0.7168620228767395 18
1761604569169 0.7308385968208313 19
1761604569403 0.7339946031570435 20
1761604569654 0.7628493905067444 21
1761604569893 0.7497745752334595 22
1761604570153 0.7700631022453308 23
1761604570418 0.7628493905067444 24
1761604570776 0.7741208076477051 25
1761604571080 0.7849413752555847 26
1761604571313 0.7917042374610901 27
1761604571551 0.7835888266563416 28
1761604571780 0.8079350590705872 29
1761604572026 0.7858430743217468 30
1761604572296 0.7993687987327576 31
1761604572544 0.807033360004425 32
1761604572766 0.8079350590705872 33
1761604572977 0.8187556266784668 34
1761604573205 0.8192064762115479 35
1761604573426 0.8214607834815979 36
1761604573648 0.8295761942863464 37
1761604573883 0.8345355987548828 38
1761604574110 0.8309287428855896 39
1761604574332 0.8431019186973572 40
1761604574553 0.8440036177635193 41
1761604574774 0.8056808114051819 42
1761604574994 0.8408476114273071 43
1761604575218 0.8449053168296814 44
1761604575439 0.8561767339706421 45
1761604575658 0.8507664799690247 46
1761604575879 0.8588818907737732 47
1761604576105 0.8656447529792786 48
1761604576326 0.8476104736328125 49
1761604564585 0.4048692584037781 0
