1761604564585 1.0667797327041626 0
1761604564850 1.0251084566116333 1
1761604565106 0.9908828139305115 2
1761604565333 0.9621463418006897 3
1761604565570 0.93767249584198 4
1761604565808 0.9046184420585632 5
1761604566047 0.8859519362449646 6
1761604566340 0.8490704894065857 7
1761604566574 0.8243950605392456 8
1761604566804 0.7931010723114014 9
1761604567056 0.789184033870697 10
1761604567294 0.7552416324615479 11
1761604567517 0.7141163945198059 12
1761604567746 0.7124823331832886 13
1761604567976 0.6988680362701416 14
1761604568207 0.6608935594558716 15
1761604568441 0.68987637758255 16
1761604568692 0.6267139315605164 17
1761604568931 0.6220930814743042 18
1761604569169 0.6068594455718994 19
1761604569403 0.590391218662262 20
1761604569654 0.5718276500701904 21
1761604569893 0.5762465596199036 22
1761604570153 0.5575899481773376 23
1761604570418 0.5444892644882202 24
1761604570776 0.534920334815979 25
1761604571080 0.5156027674674988 26
1761604571313 0.5020071864128113 27
1761604571551 0.5043378472328186 28
1761604571780 0.47797852754592896 29
1761604572026 0.49714240431785583 30
1761604572296 0.48218807578086853 31
1761604572544 0.46174752712249756 32
1761604572766 0.44606277346611023 33
1761604572977 0.4505629539489746 34
1761604573205 0.42554205656051636 35
1761604573426 0.4247989356517792 36
1761604573648 0.4118732511997223 37
1761604573883 0.40900084376335144 38
1761604574110 0.41649794578552246 39
1761604574332 0.38653334975242615 40
1761604574553 0.3825649321079254 41
1761604574774 0.45289862155914307 42
1761604574994 0.3868963122367859 43
1761604575218 0.3788437843322754 44
1761604575439 0.37095072865486145 45
1761604575658 0.37205666303634644 46
1761604575879 0.3477625250816345 47
1761604576105 0.3402303159236908 48
1761604576326 0.34998804330825806 49
1761604564585 1.0667797327041626 0
