1761603923965 0.5996392965316772 0
1761603924252 0.6104598641395569 1
1761603924537 0.6185752749443054 2
1761603924775 0.6167718768119812 3
1761603924999 0.6244364380836487 4
1761603925235 0.6298466920852661 5
1761603925466 0.6397655606269836 6
1761603925687 0.6375112533569336 7
1761603925907 0.6555455327033997 8
1761603926126 0.6501352787017822 9
1761603926345 0.6537421345710754 10
1761603926565 0.6668169498443604 11
1761603926785 0.6762849688529968 12
1761603927006 0.6907123327255249 13
1761603927225 0.6825969219207764 14
1761603927446 0.7069432139396667 15
1761603927663 0.6970243453979492 16
1761603927886 0.7150586247444153 17
1761603928109 0.7222723364830017 18
1761603928329 0.7348963022232056 19
1761603928551 0.7412083148956299 20
1761603928781 0.7380523085594177 21
1761603929027 0.742110013961792 22
1761603929264 0.7687105536460876 23
1761603929492 0.7714157104492188 24
1761603929726 0.7605951428413391 25
1761603929952 0.7844905257225037 26
1761603930179 0.8011722564697266 27
1761603930401 0.7939585447311401 28
1761603930623 0.7962127923965454 29
1761603930849 0.8034265041351318 30
1761603931075 0.8151487708091736 31
1761603931294 0.8083859086036682 32
1761603931520 0.8106402158737183 33
1761603931745 0.8250676393508911 34
1761603932027 0.8327322006225586 35
1761603932288 0.8250676393508911 36
1761603932538 0.8444544672966003 37
1761603932765 0.839945912361145 38
1761603932986 0.8561767339706421 39
1761603933214 0.8412984609603882 40
1761603933439 0.8611361384391785 41
1761603933661 0.855725884437561 42
1761603933887 0.8656447529792786 43
1761603934113 0.871055006980896 44
1761603934336 0.8724075555801392 45
1761603934557 0.869251549243927 46
1761603934774 0.8678990006446838 47
1761603934995 0.8782687187194824 48
1761603935219 0.8809738755226135 49
1761603923965 0.5996392965316772 0
