1761603923965 0.9270840883255005 0
1761603924252 0.9005749225616455 1
1761603924537 0.8865980505943298 2
1761603924775 0.8698968887329102 3
1761603924999 0.852249264717102 4
1761603925235 0.8445693254470825 5
1761603925466 0.8335800766944885 6
1761603925687 0.8100973963737488 7
1761603925907 0.7930671572685242 8
1761603926126 0.7883253693580627 9
1761603926345 0.7755711674690247 10
1761603926565 0.7524111866950989 11
1761603926785 0.7373901009559631 12
1761603927006 0.7088916301727295 13
1761603927225 0.7077377438545227 14
1761603927446 0.6785116195678711 15
1761603927663 0.6857636570930481 16
1761603927886 0.6527368426322937 17
1761603928109 0.638435959815979 18
1761603928329 0.6149362921714783 19
1761603928551 0.6024159789085388 20
1761603928781 0.5906425714492798 21
1761603929027 0.5800192356109619 22
1761603929264 0.5434066653251648 23
1761603929492 0.5355336666107178 24
1761603929726 0.5621920824050903 25
1761603929952 0.5128820538520813 26
1761603930179 0.4818938672542572 27
1761603930401 0.4886118471622467 28
1761603930623 0.4694005846977234 29
1761603930849 0.45978742837905884 30
1761603931075 0.4504965841770172 31
1761603931294 0.45708566904067993 32
1761603931520 0.4374690353870392 33
1761603931745 0.43256962299346924 34
1761603932027 0.4069474935531616 35
1761603932288 0.41963139176368713 36
1761603932538 0.37860968708992004 37
1761603932765 0.39364999532699585 38
1761603932986 0.3631206154823303 39
1761603933214 0.36955663561820984 40
1761603933439 0.3426322638988495 41
1761603933661 0.34771567583084106 42
1761603933887 0.3360145390033722 43
1761603934113 0.3170695900917053 44
1761603934336 0.3242568373680115 45
1761603934557 0.3262919783592224 46
1761603934774 0.31661468744277954 47
1761603934995 0.3103049397468567 48
1761603935219 0.30159643292427063 49
1761603923965 0.9270840883255005 0
