1761595603114 0.36203786730766296 0
1761595603356 0.404418408870697 1
1761595603595 0.3963029682636261 2
1761595603808 0.39224526286125183 3
1761595604022 0.3999098241329193 4
1761595604236 0.40712353587150574 5
1761595604452 0.4048692584037781 6
1761595604736 0.40532010793685913 7
1761595604953 0.4017132520675659 8
1761595605188 0.419747531414032 9
1761595605399 0.41073039174079895 10
1761595605610 0.41343551874160767 11
1761595605822 0.41253381967544556 12
1761595606029 0.4048692584037781 13
1761595606263 0.40802523493766785 14
1761595606480 0.4066726863384247 15
1761595606693 0.41118124127388 16
1761595606908 0.4165915250778198 17
1761595607121 0.4138863980770111 18
1761595607333 0.41118124127388 19
1761595607542 0.41343551874160767 20
1761595607756 0.4093778133392334 21
1761595607996 0.40712353587150574 22
1761595608228 0.40802523493766785 23
1761595608442 0.4035166800022125 24
1761595608658 0.40802523493766785 25
1761595608877 0.40802523493766785 26
1761595609091 0.41163209080696106 27
1761595609307 0.4152389466762543 28
1761595609518 0.4224526584148407 29
1761595609728 0.4147880971431732 30
1761595609944 0.4224526584148407 31
1761595610187 0.4233543872833252 32
1761595610411 0.4093778133392334 33
1761595610669 0.41253381967544556 34
1761595610893 0.42290350794792175 35
1761595611107 0.4251577854156494 36
1761595611334 0.4120829701423645 37
1761595611566 0.42200180888175964 38
1761595611775 0.4179441034793854 39
1761595612022 0.42470693588256836 40
1761595612238 0.4215509593486786 41
1761595612463 0.41749322414398193 42
1761595612799 0.4215509593486786 43
1761595613052 0.4310189485549927 44
1761595613272 0.42019838094711304 45
1761595613501 0.42921552062034607 46
1761595613712 0.41929665207862854 47
1761595613943 0.43056806921958923 48
1761595614152 0.42741209268569946 49
1761595614374 0.4337240755558014 50
1761595614621 0.4310189485549927 51
1761595614843 0.4364292025566101 52
1761595615078 0.41929665207862854 53
1761595615326 0.4346257746219635 54
1761595615559 0.4346257746219635 55
1761595615777 0.4391343593597412 56
1761595615992 0.4409377872943878 57
1761595616232 0.43417492508888245 58
1761595616470 0.43417492508888245 59
1761595616701 0.42380523681640625 60
1761595616915 0.43688008189201355 61
1761595617132 0.44048693776130676 62
1761595617347 0.43868350982666016 63
1761595617573 0.4373309314250946 64
1761595617804 0.435527503490448 65
1761595618019 0.4382326304912567 66
1761595618231 0.4260595142841339 67
1761595618445 0.44048693776130676 68
1761595618658 0.44634807109832764 69
1761595618882 0.44454464316368103 70
1761595619098 0.44138863682746887 71
1761595619310 0.43958520889282227 72
1761595619527 0.44815149903297424 73
1761595619751 0.43778178095817566 74
1761595619966 0.44815149903297424 75
1761595620191 0.43778178095817566 76
1761595620409 0.44995492696762085 77
1761595620625 0.44229036569595337 78
1761595620841 0.4571686089038849 79
1761595621062 0.42651036381721497 80
1761595621270 0.4449954926967621 81
1761595621490 0.44048693776130676 82
1761595621710 0.4531109035015106 83
1761595621935 0.45175835490226746 84
1761595622162 0.45671775937080383 85
1761595622374 0.45085662603378296 86
1761595622593 0.4440937638282776 87
1761595622807 0.4580703377723694 88
1761595623029 0.4427412152290344 89
1761595623248 0.44634807109832764 90
1761595623470 0.4486023485660553 91
1761595623683 0.4477006196975708 92
1761595623898 0.4495040476322174 93
1761595624118 0.45761948823928833 94
1761595624333 0.4625788927078247 95
1761595624546 0.4562669098377228 96
1761595624758 0.43778178095817566 97
1761595624965 0.4589720368385315 98
1761595625231 0.4625788927078247 99
1761595603114 0.36203786730766296 0
