1761595603114 1.0954474210739136 0
1761595603356 1.0857925415039062 1
1761595603595 1.086418628692627 2
1761595603808 1.0867513418197632 3
1761595604022 1.0812270641326904 4
1761595604236 1.0828766822814941 5
1761595604452 1.0814688205718994 6
1761595604736 1.083317756652832 7
1761595604953 1.0811970233917236 8
1761595605188 1.0821542739868164 9
1761595605399 1.0815845727920532 10
1761595605610 1.0793579816818237 11
1761595605822 1.0794621706008911 12
1761595606029 1.0802091360092163 13
1761595606263 1.0829553604125977 14
1761595606480 1.08065664768219 15
1761595606693 1.0792348384857178 16
1761595606908 1.0778443813323975 17
1761595607121 1.077992558479309 18
1761595607333 1.0751597881317139 19
1761595607542 1.0758538246154785 20
1761595607756 1.0760016441345215 21
1761595607996 1.074473261833191 22
1761595608228 1.075256109237671 23
1761595608442 1.0753448009490967 24
1761595608658 1.0721917152404785 25
1761595608877 1.0737460851669312 26
1761595609091 1.0721949338912964 27
1761595609307 1.0712603330612183 28
1761595609518 1.0702377557754517 29
1761595609728 1.0720069408416748 30
1761595609944 1.0694035291671753 31
1761595610187 1.0696357488632202 32
1761595610411 1.069882869720459 33
1761595610669 1.0684306621551514 34
1761595610893 1.068207859992981 35
1761595611107 1.0672649145126343 36
1761595611334 1.0690609216690063 37
1761595611566 1.0630600452423096 38
1761595611775 1.0625349283218384 39
1761595612022 1.0623608827590942 40
1761595612238 1.0640417337417603 41
1761595612463 1.061822772026062 42
1761595612799 1.061134934425354 43
1761595613052 1.0623472929000854 44
1761595613272 1.061936378479004 45
1761595613501 1.0596864223480225 46
1761595613712 1.0611298084259033 47
1761595613943 1.0621963739395142 48
1761595614152 1.0603965520858765 49
1761595614374 1.0569275617599487 50
1761595614621 1.0557392835617065 51
1761595614843 1.0584439039230347 52
1761595615078 1.055127501487732 53
1761595615326 1.0549325942993164 54
1761595615559 1.0536656379699707 55
1761595615777 1.0530483722686768 56
1761595615992 1.055974006652832 57
1761595616232 1.056228756904602 58
1761595616470 1.0531868934631348 59
1761595616701 1.0567375421524048 60
1761595616915 1.0530915260314941 61
1761595617132 1.0509109497070312 62
1761595617347 1.050419807434082 63
1761595617573 1.0514934062957764 64
1761595617804 1.0510395765304565 65
1761595618019 1.053614854812622 66
1761595618231 1.0542149543762207 67
1761595618445 1.0495887994766235 68
1761595618658 1.04818594455719 69
1761595618882 1.0535131692886353 70
1761595619098 1.0485152006149292 71
1761595619310 1.0497403144836426 72
1761595619527 1.0461028814315796 73
1761595619751 1.0485330820083618 74
1761595619966 1.0452243089675903 75
1761595620191 1.0470277070999146 76
1761595620409 1.0435870885849 77
1761595620625 1.0463274717330933 78
1761595620841 1.0470584630966187 79
1761595621062 1.0478602647781372 80
1761595621270 1.0456794500350952 81
1761595621490 1.042547583580017 82
1761595621710 1.0406075716018677 83
1761595621935 1.0415751934051514 84
1761595622162 1.0425286293029785 85
1761595622374 1.041660189628601 86
1761595622593 1.0445990562438965 87
1761595622807 1.0407971143722534 88
1761595623029 1.0413870811462402 89
1761595623248 1.0426840782165527 90
1761595623470 1.042665958404541 91
1761595623683 1.0405893325805664 92
1761595623898 1.0404385328292847 93
1761595624118 1.0382227897644043 94
1761595624333 1.0408079624176025 95
1761595624546 1.037839412689209 96
1761595624758 1.0412341356277466 97
1761595624965 1.0383580923080444 98
1761595625231 1.0361034870147705 99
1761595603114 1.0954474210739136 0
