1761524774606 0.48850834369659424 0
1761524775092 0.5223073363304138 1
1761524775502 0.5272645354270935 2
1761524776069 0.5344749689102173 3
1761524776755 0.5344749689102173 4
1761524777161 0.5371789336204529 5
1761524777635 0.5484452247619629 6
1761524778091 0.554754376411438 7
1761524778619 0.5493465662002563 8
1761524779122 0.5538530945777893 9
1761524779925 0.565570056438446 10
1761524780380 0.570076584815979 11
1761524780950 0.57413250207901 12
1761524781606 0.5881027579307556 13
1761524782548 0.5840468406677246 14
1761524783286 0.5849481821060181 15
1761524784294 0.608832836151123 16
1761524785244 0.5998197197914124 17
1761524785768 0.6029742956161499 18
1761524786238 0.6142406463623047 19
1761524786770 0.6264082789421082 20
1761524787309 0.6228030920028687 21
1761524787788 0.624605655670166 22
1761524788169 0.629112184047699 23
1761524788589 0.6399279236793518 24
1761524789189 0.6372239589691162 25
1761524789671 0.6412798762321472 26
1761524790064 0.6457864046096802 27
1761524790676 0.6665164232254028 28
1761524791321 0.6525461673736572 29
1761524791832 0.6656151413917542 30
1761524792370 0.6615592837333679 31
1761524792945 0.6656151413917542 32
1761524793510 0.6705723404884338 33
1761524794018 0.6732762455940247 34
1761524794676 0.6741775870323181 35
1761524795188 0.6768814921379089 36
1761524795748 0.6890491247177124 37
1761524796270 0.6777827739715576 38
1761524796604 0.6913023591041565 39
1761524797092 0.7043713331222534 40
1761524797852 0.6904010772705078 41
1761524798207 0.6980621814727783 42
1761524798723 0.7084271907806396 43
1761524799178 0.6971608996391296 44
1761524799542 0.69220370054245 45
1761524799903 0.7034700512886047 46
1761524800679 0.6899504065513611 47
1761524801387 0.7070752382278442 48
1761524801919 0.7079765796661377 49
1761524774606 0.48850834369659424 0
