1761524774606 1.0397788286209106 0
1761524775092 1.0075479745864868 1
1761524775502 0.9924414157867432 2
1761524776069 0.9784915447235107 3
1761524776755 0.9675053954124451 4
1761524777161 0.9601761698722839 5
1761524777635 0.9519928693771362 6
1761524778091 0.9405521154403687 7
1761524778619 0.9331206679344177 8
1761524779122 0.9240125417709351 9
1761524779925 0.9171810150146484 10
1761524780380 0.9146026372909546 11
1761524780950 0.9022921919822693 12
1761524781606 0.8980101943016052 13
1761524782548 0.8864010572433472 14
1761524783286 0.8785145282745361 15
1761524784294 0.8677371144294739 16
1761524785244 0.864817202091217 17
1761524785768 0.8542846441268921 18
1761524786238 0.848333477973938 19
1761524786770 0.8411851525306702 20
1761524787309 0.8294442296028137 21
1761524787788 0.8278056979179382 22
1761524788169 0.8227778077125549 23
1761524788589 0.8124352693557739 24
1761524789189 0.8095930218696594 25
1761524789671 0.8052935004234314 26
1761524790064 0.7944355607032776 27
1761524790676 0.7840709686279297 28
1761524791321 0.7782286405563354 29
1761524791832 0.7714300155639648 30
1761524792370 0.7652272582054138 31
1761524792945 0.7640262246131897 32
1761524793510 0.7533064484596252 33
1761524794018 0.7495690584182739 34
1761524794676 0.7503046989440918 35
1761524795188 0.7400259375572205 36
1761524795748 0.7338813543319702 37
1761524796270 0.7323963642120361 38
1761524796604 0.7263858318328857 39
1761524797092 0.7159646153450012 40
1761524797852 0.7167544960975647 41
1761524798207 0.7106011509895325 42
1761524798723 0.7014049887657166 43
1761524799178 0.7076870203018188 44
1761524799542 0.6999979019165039 45
1761524799903 0.6969947218894958 46
1761524800679 0.6954403519630432 47
1761524801387 0.685075581073761 48
1761524801919 0.6857587099075317 49
1761524774606 1.0397788286209106 0
