1761522150019 0.5006759762763977 0
1761522150667 0.5642181038856506 1
1761522151228 0.5619648694992065 2
1761522151859 0.5885534286499023 3
1761522152421 0.604776918888092 4
1761522152942 0.6106353998184204 5
1761522153386 0.6119873523712158 6
1761522153958 0.6205497980117798 7
1761522154489 0.6237043738365173 8
1761522154970 0.6327174305915833 9
1761522155567 0.6399279236793518 10
1761522156311 0.6354213356971741 11
1761522156936 0.6516448855400085 12
1761522157382 0.643983781337738 13
1761522157897 0.6557007431983948 14
1761522158630 0.659305989742279 15
1761522159151 0.6620098948478699 16
1761522159869 0.668319046497345 17
1761522160667 0.6602072715759277 18
1761522161284 0.6719242930412292 19
1761522161910 0.6858945488929749 20
1761522162667 0.6786841154098511 21
1761522163434 0.69220370054245 22
1761522164197 0.6908517479896545 23
1761522164789 0.703019380569458 24
1761522165283 0.6971608996391296 25
1761522165618 0.7021180987358093 26
1761522165971 0.703019380569458 27
1761522166617 0.7061739563941956 28
1761522167123 0.7043713331222534 29
1761522167683 0.7115817666053772 30
1761522168262 0.7178909182548523 31
1761522168995 0.7129337787628174 32
1761522169762 0.7007660865783691 33
1761522170361 0.7201442122459412 34
1761522170996 0.7210454940795898 35
1761522171626 0.7260026931762695 36
1761522172281 0.73366379737854 37
1761522172825 0.7278053164482117 38
1761522173471 0.7332131862640381 39
1761522174258 0.7354664206504822 40
1761522174699 0.7449301481246948 41
1761522175215 0.738170325756073 42
1761522175796 0.742226243019104 43
1761522176396 0.7359170913696289 44
1761522177008 0.7543938755989075 45
1761522177481 0.7453808188438416 46
1761522178173 0.7525912523269653 47
1761522178784 0.7435781955718994 48
1761522179371 0.7498873472213745 49
1761522150019 0.5006759762763977 0
