1761522150019 0.9269083142280579 0
1761522150667 0.8467738628387451 1
1761522151228 0.8413676619529724 2
1761522151859 0.8331742882728577 3
1761522152421 0.8236947655677795 4
1761522152942 0.8153815865516663 5
1761522153386 0.810143768787384 6
1761522153958 0.8060497045516968 7
1761522154489 0.79791259765625 8
1761522154970 0.7911065220832825 9
1761522155567 0.7851196527481079 10
1761522156311 0.7801030278205872 11
1761522156936 0.7723956108093262 12
1761522157382 0.7725754380226135 13
1761522157897 0.7624498605728149 14
1761522158630 0.7571007609367371 15
1761522159151 0.7520384788513184 16
1761522159869 0.7469834089279175 17
1761522160667 0.7454078793525696 18
1761522161284 0.7416579127311707 19
1761522161910 0.7319806218147278 20
1761522162667 0.729216992855072 21
1761522163434 0.7191447019577026 22
1761522164197 0.7166054248809814 23
1761522164789 0.702762246131897 24
1761522165283 0.7021949291229248 25
1761522165618 0.695716381072998 26
1761522165971 0.6957507729530334 27
1761522166617 0.6855872869491577 28
1761522167123 0.6798080205917358 29
1761522167683 0.6758521199226379 30
1761522168262 0.666695237159729 31
1761522168995 0.6712517142295837 32
1761522169762 0.6766036748886108 33
1761522170361 0.6570426821708679 34
1761522170996 0.6584722995758057 35
1761522171626 0.6468219757080078 36
1761522172281 0.6436046957969666 37
1761522172825 0.6443910598754883 38
1761522173471 0.633191704750061 39
1761522174258 0.6389577984809875 40
1761522174699 0.6273260116577148 41
1761522175215 0.6287830471992493 42
1761522175796 0.6256581544876099 43
1761522176396 0.6219301819801331 44
1761522177008 0.6085993647575378 45
1761522177481 0.6141936182975769 46
1761522178173 0.6050208210945129 47
1761522178784 0.6135863661766052 48
1761522179371 0.601990818977356 49
1761522150019 0.9269083142280579 0
