1761596759822 0.5428313612937927 0
1761596760460 0.5428313612937927 1
1761596760948 0.5428313612937927 2
1761596761572 0.5428313612937927 3
1761596762101 0.5428313612937927 4
1761596762627 0.5428313612937927 5
1761596763137 0.5428313612937927 6
1761596763568 0.5428313612937927 7
1761596764101 0.5428313612937927 8
1761596764534 0.5428313612937927 9
1761596765012 0.5428313612937927 10
1761596765447 0.5428313612937927 11
1761596765918 0.5423805117607117 12
1761596766356 0.5428313612937927 13
1761596766815 0.5423805117607117 14
1761596767303 0.5441839694976807 15
1761596767837 0.547339916229248 16
1761596768359 0.5446348190307617 17
1761596768778 0.5459873676300049 18
1761596769245 0.5428313612937927 19
1761596769709 0.5464382171630859 20
1761596770175 0.5437331199645996 21
1761596770640 0.5428313612937927 22
1761596771115 0.5441839694976807 23
1761596771576 0.5446348190307617 24
1761596772040 0.547339916229248 25
1761596772475 0.5450856685638428 26
1761596772932 0.5437331199645996 27
1761596773373 0.5387736558914185 28
1761596773811 0.5513976812362671 29
1761596774284 0.5419296622276306 30
1761596774740 0.5455365180969238 31
1761596775212 0.5464382171630859 32
1761596775665 0.5477908253669739 33
1761596776118 0.5504959225654602 34
1761596776563 0.5446348190307617 35
1761596777028 0.547339916229248 36
1761596777495 0.5450856685638428 37
1761596777959 0.5432822108268738 38
1761596778441 0.5383228063583374 39
1761596779017 0.5504959225654602 40
1761596779446 0.5518485307693481 41
1761596779896 0.548692524433136 42
1761596780349 0.5459873676300049 43
1761596780810 0.5482416749000549 44
1761596781278 0.5410279631614685 45
1761596781733 0.547339916229248 46
1761596782189 0.5419296622276306 47
1761596782645 0.5450856685638428 48
1761596783092 0.5441839694976807 49
1761596759822 0.5428313612937927 0
