1761596759822 0.9981641173362732 0
1761596760460 0.9910418391227722 1
1761596760948 0.9942982196807861 2
1761596761572 0.9938525557518005 3
1761596762101 0.9921751618385315 4
1761596762627 0.9908413290977478 5
1761596763137 0.9920754432678223 6
1761596763568 0.9895486235618591 7
1761596764101 0.9859867691993713 8
1761596764534 0.9855793118476868 9
1761596765012 0.9850094318389893 10
1761596765447 0.9795258641242981 11
1761596765918 0.9803815484046936 12
1761596766356 0.9803158640861511 13
1761596766815 0.9789446592330933 14
1761596767303 0.9792372584342957 15
1761596767837 0.9823810458183289 16
1761596768359 0.9781975150108337 17
1761596768778 0.9774919748306274 18
1761596769245 0.9756587147712708 19
1761596769709 0.9801696538925171 20
1761596770175 0.9735857844352722 21
1761596770640 0.9758316278457642 22
1761596771115 0.9739496111869812 23
1761596771576 0.9719273447990417 24
1761596772040 0.9738038778305054 25
1761596772475 0.975220799446106 26
1761596772932 0.9729346036911011 27
1761596773373 0.9713037014007568 28
1761596773811 0.974615752696991 29
1761596774284 0.9720750451087952 30
1761596774740 0.9691405296325684 31
1761596775212 0.9718965291976929 32
1761596775665 0.9676797389984131 33
1761596776118 0.9692654609680176 34
1761596776563 0.9674285650253296 35
1761596777028 0.9682597517967224 36
1761596777495 0.9682303667068481 37
1761596777959 0.9641008973121643 38
1761596778441 0.9649057388305664 39
1761596779017 0.9633820056915283 40
1761596779446 0.9635840654373169 41
1761596779896 0.9616438150405884 42
1761596780349 0.966879665851593 43
1761596780810 0.9629287123680115 44
1761596781278 0.9641396403312683 45
1761596781733 0.9597142934799194 46
1761596782189 0.9614790678024292 47
1761596782645 0.9613237380981445 48
1761596783092 0.9630839228630066 49
1761596759822 0.9981641173362732 0
