1761612958367 0.9959928393363953 0
1761612958611 0.9594078063964844 1
1761612958841 0.9388769865036011 2
1761612959065 0.9298881888389587 3
1761612959289 0.9119917154312134 4
1761612959514 0.8863116502761841 5
1761612959741 0.8608452081680298 6
1761612959967 0.8502296209335327 7
1761612960190 0.8179910182952881 8
1761612960416 0.8072605133056641 9
1761612960639 0.7917396426200867 10
1761612960895 0.7758393287658691 11
1761612961135 0.7537028789520264 12
1761612961356 0.737299382686615 13
1761612961574 0.7125756144523621 14
1761612961802 0.7024385929107666 15
1761612962023 0.6797513961791992 16
1761612962244 0.67557692527771 17
1761612962469 0.6638086438179016 18
1761612962694 0.6481092572212219 19
1761612962917 0.6259427666664124 20
1761612963144 0.6342791318893433 21
1761612963367 0.6143301129341125 22
1761612963591 0.5910324454307556 23
1761612963817 0.5746209025382996 24
1761612964037 0.5838307738304138 25
1761612964262 0.5616247057914734 26
1761612964484 0.5649116635322571 27
1761612964708 0.5558396577835083 28
1761612964949 0.5460582375526428 29
1761612965173 0.5299018025398254 30
1761612965417 0.5037509202957153 31
1761612965636 0.4904855191707611 32
1761612965858 0.5027469396591187 33
1761612966069 0.4910721778869629 34
1761612966289 0.4714859127998352 35
1761612966527 0.4677516520023346 36
1761612966752 0.45156317949295044 37
1761612966977 0.4962097108364105 38
1761612967200 0.4506951868534088 39
1761612967424 0.44174516201019287 40
1761612967642 0.42749711871147156 41
1761612967868 0.42143943905830383 42
1761612968093 0.4317167401313782 43
1761612968317 0.42170605063438416 44
1761612968532 0.41811472177505493 45
1761612968754 0.4083733558654785 46
1761612968983 0.3918916583061218 47
1761612969204 0.386056512594223 48
1761612969426 0.3755088150501251 49
1761612958367 0.9959928393363953 0
