1761529565582 0.5457413196563721 0
1761529566951 0.5597115755081177 1
1761529567788 0.5790897011756897 2
1761529568310 0.5944119095802307 3
1761529568783 0.6070302128791809 4
1761529569432 0.6065795421600342 5
1761529570070 0.6146913170814514 6
1761529570598 0.6367733478546143 7
1761529571121 0.6250563263893127 8
1761529571537 0.6552501320838928 9
1761529571956 0.6417304873466492 10
1761529572445 0.6579540371894836 11
1761529572930 0.6624605655670166 12
1761529573353 0.6813880205154419 13
1761529573784 0.6881478428840637 14
1761529574220 0.7012167572975159 15
1761529574768 0.7066246271133423 16
1761529575510 0.7169896364212036 17
1761529575980 0.7223974466323853 18
1761529576504 0.7323118448257446 19
1761529576999 0.7341144680976868 20
1761529577403 0.7305092215538025 21
1761529577922 0.742676854133606 22
1761529578379 0.7498873472213745 23
1761529578774 0.7570977807044983 24
1761529579164 0.7661108374595642 25
1761529579563 0.7719693779945374 26
1761529579969 0.7598016858100891 27
1761529580422 0.7602523565292358 28
1761529580816 0.777377188205719 29
1761529581212 0.7832356691360474 30
1761529581624 0.7746732831001282 31
1761529582102 0.7954033613204956 32
1761529582583 0.7796304821968079 33
1761529582982 0.7990085482597351 34
1761529583373 0.7949526906013489 35
1761529583901 0.8039657473564148 36
1761529584413 0.7895448207855225 37
1761529584823 0.8075709939002991 38
1761529585246 0.8170347213745117 39
1761529585704 0.8260477781295776 40
1761529586198 0.8107255697250366 41
1761529586754 0.8201892971992493 42
1761529587160 0.8246958255767822 43
1761529587581 0.8292023539543152 44
1761529588004 0.8237944841384888 45
1761529588519 0.8251464366912842 46
1761529588969 0.8373141288757324 47
1761529589404 0.8427219390869141 48
1761529589846 0.8485804200172424 49
1761529565582 0.5457413196563721 0
