1761529565582 0.8295413255691528 0
1761529566951 0.8039799332618713 1
1761529567788 0.7999706864356995 2
1761529568310 0.7842089533805847 3
1761529568783 0.7748508453369141 4
1761529569432 0.7765098214149475 5
1761529570070 0.7603599429130554 6
1761529570598 0.7501803636550903 7
1761529571121 0.748988687992096 8
1761529571537 0.7363935708999634 9
1761529571956 0.7295732498168945 10
1761529572445 0.7144566774368286 11
1761529572930 0.7074369788169861 12
1761529573353 0.6868036389350891 13
1761529573784 0.6850668787956238 14
1761529574220 0.6661567687988281 15
1761529574768 0.6549291014671326 16
1761529575510 0.6355836987495422 17
1761529575980 0.6334667801856995 18
1761529576504 0.6158772706985474 19
1761529576999 0.6044584512710571 20
1761529577403 0.6117717623710632 21
1761529577922 0.5985003709793091 22
1761529578379 0.5820508599281311 23
1761529578774 0.568475067615509 24
1761529579164 0.5594222545623779 25
1761529579563 0.5453384518623352 26
1761529579969 0.5613047480583191 27
1761529580422 0.5487391948699951 28
1761529580816 0.5266275405883789 29
1761529581212 0.5207222700119019 30
1761529581624 0.5329052209854126 31
1761529582102 0.4975598454475403 32
1761529582583 0.5029914379119873 33
1761529582982 0.4873225688934326 34
1761529583373 0.48421019315719604 35
1761529583901 0.47940313816070557 36
1761529584413 0.5070784687995911 37
1761529584823 0.46072956919670105 38
1761529585246 0.44777750968933105 39
1761529585704 0.4399815499782562 40
1761529586198 0.44613635540008545 41
1761529586754 0.44533780217170715 42
1761529587160 0.42993757128715515 43
1761529587581 0.4161023497581482 44
1761529588004 0.4298202693462372 45
1761529588519 0.42150893807411194 46
1761529588969 0.408439040184021 47
1761529589404 0.3864094018936157 48
1761529589846 0.38458409905433655 49
1761529565582 0.8295413255691528 0
