1761532370544 0.5353763103485107 0
1761532371516 0.5610635280609131 1
1761532372438 0.5556557178497314 2
1761532373377 0.5732311606407166 3
1761532374264 0.5795403122901917 4
1761532375184 0.5944119095802307 5
1761532376121 0.593961238861084 6
1761532377013 0.6056782603263855 7
1761532377932 0.6142406463623047 8
1761532378874 0.613339364528656 9
1761532379745 0.6394772529602051 10
1761532380747 0.6381253004074097 11
1761532381705 0.6403785347938538 12
1761532382653 0.6480396389961243 13
1761532383707 0.6633618474006653 14
1761532384628 0.6624605655670166 15
1761532385531 0.6795853972434998 16
1761532386448 0.6642631888389587 17
1761532387341 0.6890491247177124 18
1761532388239 0.6867958307266235 19
1761532389151 0.6958089470863342 20
1761532390062 0.698512852191925 21
1761532390967 0.7057232856750488 22
1761532391923 0.7115817666053772 23
1761532392844 0.7129337787628174 24
1761532393762 0.7395222783088684 25
1761532394767 0.742676854133606 26
1761532395745 0.7363677620887756 27
1761532396694 0.7350157499313354 28
1761532397681 0.7521405816078186 29
1761532398712 0.7570977807044983 30
1761532399733 0.7561964988708496 31
1761532400737 0.78143310546875 32
1761532401824 0.7701667547225952 33
1761532402857 0.7755745649337769 34
1761532403914 0.7683641314506531 35
1761532405064 0.7872915863990784 36
1761532406179 0.7890942096710205 37
1761532407276 0.7796304821968079 38
1761532408326 0.8021631240844727 39
1761532409516 0.8107255697250366 40
1761532410653 0.8228932023048401 41
1761532411757 0.7958539724349976 42
1761532412840 0.8066696524620056 43
1761532413978 0.8188372850418091 44
1761532415112 0.8287516832351685 45
1761532416267 0.8377647399902344 46
1761532417209 0.8436232805252075 47
1761532418180 0.8409193158149719 48
1761532419130 0.8458765149116516 49
1761532420070 0.860297441482544 50
1761532421036 0.8580441474914551 51
1761532422089 0.8553402423858643 52
1761532423128 0.8521856665611267 53
1761532424180 0.8742676973342896 54
1761532425197 0.8593961000442505 55
1761532426239 0.8679585456848145 56
1761532427315 0.8765209317207336 57
1761532428406 0.8693104982376099 58
1761532429664 0.871113121509552 59
1761532431025 0.8837314248085022 60
1761532432387 0.8832807540893555 61
1761532433662 0.8805768489837646 62
1761532435392 0.8639026880264282 63
1761532437599 0.8936457633972168 64
1761532439094 0.8995043039321899 65
1761532440486 0.890941858291626 66
1761532441712 0.8954483866691589 67
1761532443029 0.9022082090377808 68
1761532444365 0.9013068675994873 69
1761532445545 0.9013068675994873 70
1761532446701 0.8922938108444214 71
1761532447807 0.9049121141433716 72
1761532449023 0.9143758416175842 73
1761532450185 0.910319983959198 74
1761532451299 0.9161784648895264 75
1761532452431 0.9238395690917969 76
1761532453537 0.921135663986206 77
1761532455120 0.9031094908714294 78
1761532456880 0.9175304174423218 79
1761532458167 0.9296980500221252 80
1761532459326 0.9432176947593689 81
1761532460394 0.9396124482154846 82
1761532461510 0.9193330407142639 83
1761532462600 0.917079746723175 84
1761532463668 0.9112212657928467 85
1761532464756 0.9396124482154846 86
1761532465888 0.9229382872581482 87
1761532466987 0.9387111067771912 88
1761532468175 0.9369085431098938 89
1761532469358 0.9292473793029785 90
1761532470466 0.9441189765930176 91
1761532471547 0.949977457523346 92
1761532472628 0.9517800807952881 93
1761532473695 0.9594411849975586 94
1761532474735 0.9486255049705505 95
1761532475799 0.9391617774963379 96
1761532476889 0.9387111067771912 97
1761532477997 0.9441189765930176 98
1761532479074 0.9463722109794617 99
1761532370544 0.5353763103485107 0
