1761532370544 0.8739806413650513 0
1761532371516 0.8472083210945129 1
1761532372438 0.8438231945037842 2
1761532373377 0.8318824172019958 3
1761532374264 0.8246636390686035 4
1761532375184 0.8169653415679932 5
1761532376121 0.8101615309715271 6
1761532377013 0.8009074330329895 7
1761532377932 0.7936199903488159 8
1761532378874 0.7902136445045471 9
1761532379745 0.7762951254844666 10
1761532380747 0.7655341625213623 11
1761532381705 0.7566367983818054 12
1761532382653 0.7588216066360474 13
1761532383707 0.7331486940383911 14
1761532384628 0.7276861071586609 15
1761532385531 0.719296395778656 16
1761532386448 0.7099211812019348 17
1761532387341 0.6843461990356445 18
1761532388239 0.6958210468292236 19
1761532389151 0.671367883682251 20
1761532390062 0.6620298624038696 21
1761532390967 0.6565401554107666 22
1761532391923 0.6308459043502808 23
1761532392844 0.6316213607788086 24
1761532393762 0.6018032431602478 25
1761532394767 0.5962300300598145 26
1761532395745 0.5988170504570007 27
1761532396694 0.6003431081771851 28
1761532397681 0.5579031109809875 29
1761532398712 0.5652875900268555 30
1761532399733 0.5497204661369324 31
1761532400737 0.5248281359672546 32
1761532401824 0.5274185538291931 33
1761532402857 0.509562075138092 34
1761532403914 0.4978320002555847 35
1761532405064 0.49897751212120056 36
1761532406179 0.48404383659362793 37
1761532407276 0.4818175733089447 38
1761532408326 0.45601868629455566 39
1761532409516 0.4435996115207672 40
1761532410653 0.411100834608078 41
1761532411757 0.44567546248435974 42
1761532412840 0.4363018274307251 43
1761532413978 0.40640872716903687 44
1761532415112 0.3932226896286011 45
1761532416267 0.3685396611690521 46
1761532417209 0.37835195660591125 47
1761532418180 0.37538957595825195 48
1761532419130 0.35197338461875916 49
1761532420070 0.3344581723213196 50
1761532421036 0.3365272283554077 51
1761532422089 0.3460286557674408 52
1761532423128 0.3359696567058563 53
1761532424180 0.2961176633834839 54
1761532425197 0.3137368857860565 55
1761532426239 0.3032059371471405 56
1761532427315 0.2715511620044708 57
1761532428406 0.29587963223457336 58
1761532429664 0.3007948100566864 59
1761532431025 0.2689732313156128 60
1761532432387 0.26308977603912354 61
1761532433662 0.2675538659095764 62
1761532435392 0.2891092002391815 63
1761532437599 0.2532183825969696 64
1761532439094 0.24279268085956573 65
1761532440486 0.2520117163658142 66
1761532441712 0.24522556364536285 67
1761532443029 0.2229110300540924 68
1761532444365 0.23657093942165375 69
1761532445545 0.22688879072666168 70
1761532446701 0.24771864712238312 71
1761532447807 0.22360023856163025 72
1761532449023 0.2026871293783188 73
1761532450185 0.2107987105846405 74
1761532451299 0.20336847007274628 75
1761532452431 0.17590752243995667 76
1761532453537 0.18754732608795166 77
1761532455120 0.23690398037433624 78
1761532456880 0.2073531597852707 79
1761532458167 0.17702239751815796 80
1761532459326 0.15088848769664764 81
1761532460394 0.1525958925485611 82
1761532461510 0.19405505061149597 83
1761532462600 0.19961777329444885 84
1761532463668 0.2045668065547943 85
1761532464756 0.1535075157880783 86
1761532465888 0.18742641806602478 87
1761532466987 0.16669251024723053 88
1761532468175 0.15018026530742645 89
1761532469358 0.17095361649990082 90
1761532470466 0.14966252446174622 91
1761532471547 0.14018578827381134 92
1761532472628 0.1098337396979332 93
1761532473695 0.10011845082044601 94
1761532474735 0.13107511401176453 95
1761532475799 0.15790878236293793 96
1761532476889 0.15038736164569855 97
1761532477997 0.13389720022678375 98
1761532479074 0.13247743248939514 99
1761532370544 0.8739806413650513 0
