1761519914806 0.41505181789398193 0
1761519915065 0.43533122539520264 1
1761519915281 0.4411897361278534 2
1761519915509 0.4515547454357147 3
1761519915806 0.480396568775177 4
1761519916017 0.4867057204246521 5
1761519916228 0.49211356043815613 6
1761519916440 0.49616944789886475 7
1761519916651 0.5024785995483398 8
1761519916860 0.5268138647079468 9
1761519917075 0.5380802154541016 10
1761519917285 0.550247848033905 11
1761519917499 0.5529517531394958 12
1761519917710 0.5687246322631836 13
1761519917920 0.5777377486228943 14
1761519918132 0.5714285969734192 15
1761519918337 0.5840468406677246 16
1761519918550 0.5808922648429871 17
1761519918763 0.609283447265625 18
1761519918977 0.6038756370544434 19
1761519919190 0.6016223430633545 20
1761519919400 0.6020730137825012 21
1761519919611 0.613339364528656 22
1761519919826 0.6173952221870422 23
1761519920040 0.6340693831443787 24
1761519920253 0.628661572933197 25
1761519920466 0.6354213356971741 26
1761519920670 0.6372239589691162 27
1761519920875 0.6336187720298767 28
1761519921086 0.6385759115219116 29
1761519921297 0.6349707245826721 30
1761519921513 0.6538981795310974 31
1761519921725 0.6453357338905334 32
1761519921937 0.6475890278816223 33
1761519922155 0.6557007431983948 34
1761519922371 0.6561514139175415 35
1761519922590 0.6584047079086304 36
1761519922797 0.6642631888389587 37
1761519923014 0.6710230112075806 38
1761519923230 0.667868435382843 39
1761519923438 0.6665164232254028 40
1761519923654 0.6728255748748779 41
1761519923866 0.6674177646636963 42
1761519924091 0.672374963760376 43
1761519924301 0.6768814921379089 44
1761519924510 0.6710230112075806 45
1761519924723 0.6809373497962952 46
1761519924935 0.6813880205154419 47
1761519925144 0.6913023591041565 48
1761519925354 0.6854438781738281 49
1761519914806 0.41505181789398193 0
