1761519914806 1.0762256383895874 0
1761519915065 1.0577987432479858 1
1761519915281 1.0483900308609009 2
1761519915509 1.0405062437057495 3
1761519915806 1.0297201871871948 4
1761519916017 1.020592212677002 5
1761519916228 1.0126217603683472 6
1761519916440 0.998509407043457 7
1761519916651 0.9877612590789795 8
1761519916860 0.9715662598609924 9
1761519917075 0.9622666835784912 10
1761519917285 0.9448238015174866 11
1761519917499 0.9434115290641785 12
1761519917710 0.9265062808990479 13
1761519917920 0.913316011428833 14
1761519918132 0.907939076423645 15
1761519918337 0.8919649124145508 16
1761519918550 0.8903743624687195 17
1761519918763 0.8670406937599182 18
1761519918977 0.8653245568275452 19
1761519919190 0.8578773140907288 20
1761519919400 0.8485090136528015 21
1761519919611 0.8382219076156616 22
1761519919826 0.8310628533363342 23
1761519920040 0.8213192224502563 24
1761519920253 0.8180805444717407 25
1761519920466 0.8078048229217529 26
1761519920670 0.7991154789924622 27
1761519920875 0.7978314161300659 28
1761519921086 0.7883903384208679 29
1761519921297 0.7840847969055176 30
1761519921513 0.7717928886413574 31
1761519921725 0.7734222412109375 32
1761519921937 0.7746011018753052 33
1761519922155 0.7614036798477173 34
1761519922371 0.7576107978820801 35
1761519922590 0.7535118460655212 36
1761519922797 0.7473645210266113 37
1761519923014 0.7324174046516418 38
1761519923230 0.7378910779953003 39
1761519923438 0.7345574498176575 40
1761519923654 0.7246586084365845 41
1761519923866 0.7299654483795166 42
1761519924091 0.715994656085968 43
1761519924301 0.7122145295143127 44
1761519924510 0.7205323576927185 45
1761519924723 0.7080027461051941 46
1761519924935 0.702369749546051 47
1761519925144 0.6980381608009338 48
1761519925354 0.690409243106842 49
1761519914806 1.0762256383895874 0
