1761500656784 0.5340243577957153 0
1761500657183 0.5750337839126587 1
1761500657565 0.5957638621330261 2
1761500657996 0.6115367412567139 3
1761500658432 0.6250563263893127 4
1761500658795 0.6336187720298767 5
1761500659180 0.6444344520568848 6
1761500659541 0.6421811580657959 7
1761500659922 0.6647138595581055 8
1761500660292 0.6795853972434998 9
1761500660672 0.6755295395851135 10
1761500661039 0.6777827739715576 11
1761500661403 0.687697172164917 12
1761500661777 0.6899504065513611 13
1761500662143 0.6971608996391296 14
1761500662518 0.7156376838684082 15
1761500662902 0.6953582763671875 16
1761500663280 0.7147363424301147 17
1761500663639 0.7219468355178833 18
1761500664015 0.731410562992096 19
1761500664378 0.7282559871673584 20
1761500664753 0.7278053164482117 21
1761500665132 0.738170325756073 22
1761500665493 0.7521405816078186 23
1761500665860 0.7534925937652588 24
1761500666227 0.7584497332572937 25
1761500666607 0.7516899704933167 26
1761500667027 0.7634069323539734 27
1761500667408 0.7719693779945374 28
1761500667794 0.7647588849067688 29
1761500668188 0.777377188205719 30
1761500668574 0.7764759063720703 31
1761500668957 0.7706173658370972 32
1761500669345 0.777377188205719 33
1761500669733 0.7845876812934875 34
1761500670112 0.7733213305473328 35
1761500670483 0.7895448207855225 36
1761500670867 0.7917981147766113 37
1761500671247 0.8098242282867432 38
1761500671628 0.8116268515586853 39
1761500672011 0.808021605014801 40
1761500672398 0.8125281929969788 41
1761500672774 0.8156827688217163 42
1761500673136 0.8066696524620056 43
1761500673507 0.8174853324890137 44
1761500673885 0.8161333799362183 45
1761500674270 0.8314555883407593 46
1761500674672 0.8224425315856934 47
1761500675050 0.8341595530509949 48
1761500675441 0.8251464366912842 49
1761500656784 0.5340243577957153 0
