1761500656784 0.8009247779846191 0
1761500657183 0.7627556324005127 1
1761500657565 0.7481264472007751 2
1761500657996 0.7399115562438965 3
1761500658432 0.7231966257095337 4
1761500658795 0.7157577276229858 5
1761500659180 0.7000217437744141 6
1761500659541 0.7040091156959534 7
1761500659922 0.6849191188812256 8
1761500660292 0.6777409911155701 9
1761500660672 0.6639309525489807 10
1761500661039 0.6701275706291199 11
1761500661403 0.6519159078598022 12
1761500661777 0.6498445868492126 13
1761500662143 0.6347779631614685 14
1761500662518 0.6259004473686218 15
1761500662902 0.6435555219650269 16
1761500663280 0.6175293326377869 17
1761500663639 0.6037416458129883 18
1761500664015 0.5999035239219666 19
1761500664378 0.5872898101806641 20
1761500664753 0.5841032266616821 21
1761500665132 0.5811712145805359 22
1761500665493 0.56843101978302 23
1761500665860 0.5573385953903198 24
1761500666227 0.5470947623252869 25
1761500666607 0.5603797435760498 26
1761500667027 0.5377846956253052 27
1761500667408 0.5283679962158203 28
1761500667794 0.5234905481338501 29
1761500668188 0.5121873617172241 30
1761500668574 0.5089594721794128 31
1761500668957 0.5139070153236389 32
1761500669345 0.5055131912231445 33
1761500669733 0.48839738965034485 34
1761500670112 0.4928528666496277 35
1761500670483 0.4744037389755249 36
1761500670867 0.47120726108551025 37
1761500671247 0.4528050124645233 38
1761500671628 0.44440728425979614 39
1761500672011 0.4463162422180176 40
1761500672398 0.4405740797519684 41
1761500672774 0.4542216956615448 42
1761500673136 0.4434967041015625 43
1761500673507 0.4375165104866028 44
1761500673885 0.4276866912841797 45
1761500674270 0.41363757848739624 46
1761500674672 0.4149816334247589 47
1761500675050 0.39319857954978943 48
1761500675441 0.40577131509780884 49
1761500656784 0.8009247779846191 0
