1761467558756 0.5190156698226929 0
1761467559041 0.54511559009552 1
1761467559364 0.5607755184173584 2
1761467560058 0.5861297249794006 3
1761467560559 0.5958240032196045 4
1761467561033 0.6040268540382385 5
1761467561467 0.5973154306411743 6
1761467561883 0.6122297048568726 7
1761467562379 0.6167039275169373 8
1761467562829 0.6152125000953674 9
1761467563252 0.6144667863845825 10
1761467563645 0.6219239234924316 11
1761467564054 0.6211782097816467 12
1761467564469 0.6241610646247864 13
1761467564895 0.6383296251296997 14
1761467565314 0.6278896331787109 15
1761467565696 0.6383296251296997 16
1761467566114 0.6472781300544739 17
1761467566563 0.6405667662620544 18
1761467567052 0.6681581139564514 19
1761467567474 0.6666666865348816 20
1761467567950 0.6748694777488708 21
1761467568422 0.6748694777488708 22
1761467568899 0.6778523325920105 23
1761467569422 0.6793437600135803 24
1761467569942 0.6800894737243652 25
1761467570426 0.690529465675354 26
1761467570822 0.6875466108322144 27
1761467571274 0.6853094696998596 28
1761467571665 0.6972408890724182 29
1761467572093 0.6972408890724182 30
1761467572520 0.7024608254432678 31
1761467572940 0.699478030204773 32
1761467573384 0.7024608254432678 33
1761467573876 0.709172248840332 34
1761467574366 0.7054436802864075 35
1761467574844 0.7248322367668152 36
1761467575289 0.7158836722373962 37
1761467575738 0.7196122407913208 38
1761467576181 0.7196122407913208 39
1761467576657 0.718120813369751 40
1761467577107 0.7136465311050415 41
1761467577515 0.718120813369751 42
1761467577874 0.7240865230560303 43
1761467578238 0.7248322367668152 44
1761467578655 0.7330350279808044 45
1761467579087 0.7285608053207397 46
1761467579548 0.7293064594268799 47
1761467579983 0.7360178828239441 48
1761467580354 0.7360178828239441 49
1761467558756 0.5190156698226929 0
