1761467558756 0.9719250202178955 0
1761467559041 0.9335314631462097 1
1761467559364 0.9189265370368958 2
1761467560058 0.908592164516449 3
1761467560559 0.8980807662010193 4
1761467561033 0.8888382911682129 5
1761467561467 0.8816311359405518 6
1761467561883 0.8715977072715759 7
1761467562379 0.8637085556983948 8
1761467562829 0.8577477335929871 9
1761467563252 0.8494203090667725 10
1761467563645 0.8420472741127014 11
1761467564054 0.8401386141777039 12
1761467564469 0.8309352397918701 13
1761467564895 0.819436252117157 14
1761467565314 0.8190857768058777 15
1761467565696 0.8127026557922363 16
1761467566114 0.8068423271179199 17
1761467566563 0.8029213547706604 18
1761467567052 0.790667712688446 19
1761467567474 0.7856555581092834 20
1761467567950 0.7809672355651855 21
1761467568422 0.774121880531311 22
1761467568899 0.7669150829315186 23
1761467569422 0.7618738412857056 24
1761467569942 0.7598156929016113 25
1761467570426 0.7483797669410706 26
1761467570822 0.7499629855155945 27
1761467571274 0.7459936141967773 28
1761467571665 0.7338800430297852 29
1761467572093 0.729296863079071 30
1761467572520 0.7287107706069946 31
1761467572940 0.7245622873306274 32
1761467573384 0.7150797843933105 33
1761467573876 0.7120037078857422 34
1761467574366 0.7055461406707764 35
1761467574844 0.702573299407959 36
1761467575289 0.6959539651870728 37
1761467575738 0.6955584287643433 38
1761467576181 0.6894491314888 39
1761467576657 0.6903672218322754 40
1761467577107 0.6882111430168152 41
1761467577515 0.6809608936309814 42
1761467577874 0.673893392086029 43
1761467578238 0.6704058051109314 44
1761467578655 0.6657398343086243 45
1761467579087 0.665134072303772 46
1761467579548 0.6585736870765686 47
1761467579983 0.6490151882171631 48
1761467580354 0.6503596305847168 49
1761467558756 0.9719250202178955 0
