1761605302665 0.4188458025455475 0
1761605302924 0.44048693776130676 1
1761605303161 0.4409377872943878 2
1761605303400 0.4558160603046417 3
1761605303617 0.4535617530345917 4
1761605303832 0.45446348190307617 5
1761605304054 0.466636598110199 6
1761605304281 0.4693417549133301 7
1761605304512 0.468890905380249 8
1761605304733 0.4783588945865631 9
1761605304951 0.491433709859848 10
1761605305173 0.4923354387283325 11
1761605305391 0.4887285828590393 12
1761605305615 0.484220027923584 13
1761605305864 0.48647430539131165 14
1761605306078 0.5036068558692932 15
1761605306294 0.5072137117385864 16
1761605306518 0.49774572253227234 17
1761605306737 0.5058611631393433 18
1761605307044 0.5162308216094971 19
1761605307266 0.5117222666740417 20
1761605307494 0.5234445333480835 21
1761605307710 0.5247971415519714 22
1761605307932 0.5392245054244995 23
1761605308170 0.5247971415519714 24
1761605308402 0.5279530882835388 25
1761605308624 0.5293056964874268 26
1761605308866 0.5396753549575806 27
1761605309093 0.5320107936859131 28
1761605309350 0.5320107936859131 29
1761605309575 0.5396753549575806 30
1761605309799 0.548692524433136 31
1761605310016 0.5459873676300049 32
1761605310241 0.5450856685638428 33
1761605310466 0.5509467720985413 34
1761605310693 0.5559062361717224 35
1761605310924 0.5559062361717224 36
1761605311143 0.5572587847709656 37
1761605311366 0.5617673397064209 38
1761605311589 0.5712353587150574 39
1761605311812 0.5784490704536438 40
1761605312026 0.562218189239502 41
1761605312244 0.5901713371276855 42
1761605312468 0.5847610235214233 43
1761605312692 0.5892696380615234 44
1761605312929 0.5915238857269287 45
1761605313166 0.5847610235214233 46
1761605313391 0.5910730361938477 47
1761605313616 0.6073038578033447 48
1761605313835 0.5951307415962219 49
1761605302665 0.4188458025455475 0
