1761605302665 1.0879673957824707 0
1761605302924 1.0603680610656738 1
1761605303161 1.0487697124481201 2
1761605303400 1.0469276905059814 3
1761605303617 1.0427368879318237 4
1761605303832 1.0392487049102783 5
1761605304054 1.0438878536224365 6
1761605304281 1.03316068649292 7
1761605304512 1.0270785093307495 8
1761605304733 1.0255587100982666 9
1761605304951 1.0150483846664429 10
1761605305173 1.0154510736465454 11
1761605305391 1.0144362449645996 12
1761605305615 1.0102663040161133 13
1761605305864 1.0007036924362183 14
1761605306078 1.0012357234954834 15
1761605306294 0.9966585040092468 16
1761605306518 0.9946213364601135 17
1761605306737 0.9856547117233276 18
1761605307044 0.9875501394271851 19
1761605307266 0.9913129806518555 20
1761605307494 0.979679524898529 21
1761605307710 0.976080596446991 22
1761605307932 0.9668042659759521 23
1761605308170 0.9676077961921692 24
1761605308402 0.9650924205780029 25
1761605308624 0.9618000388145447 26
1761605308866 0.9496868848800659 27
1761605309093 0.9535629749298096 28
1761605309350 0.9481292366981506 29
1761605309575 0.9460204839706421 30
1761605309799 0.9373608827590942 31
1761605310016 0.94084632396698 32
1761605310241 0.9330422878265381 33
1761605310466 0.9347798824310303 34
1761605310693 0.9234177470207214 35
1761605310924 0.9200232028961182 36
1761605311143 0.9162122011184692 37
1761605311366 0.9126111268997192 38
1761605311589 0.9030387997627258 39
1761605311812 0.9015229940414429 40
1761605312026 0.9076007008552551 41
1761605312244 0.8895493149757385 42
1761605312468 0.8840562701225281 43
1761605312692 0.8870012760162354 44
1761605312929 0.875603973865509 45
1761605313166 0.8782919645309448 46
1761605313391 0.8714048862457275 47
1761605313616 0.8673309087753296 48
1761605313835 0.8600234985351562 49
1761605302665 1.0879673957824707 0
