1761532499292 0.5362775921821594 0
1761532499801 0.5389814972877502 1
1761532500270 0.554754376411438 2
1761532500727 0.554754376411438 3
1761532501142 0.554754376411438 4
1761532501591 0.554754376411438 5
1761532502005 0.5430374145507812 6
1761532502441 0.554754376411438 7
1761532502861 0.554754376411438 8
1761532503293 0.554754376411438 9
1761532503735 0.554754376411438 10
1761532504167 0.554754376411438 11
1761532504598 0.5511491894721985 12
1761532505093 0.554754376411438 13
1761532505510 0.554754376411438 14
1761532505938 0.554754376411438 15
1761532506375 0.5570076704025269 16
1761532506804 0.5552050471305847 17
1761532507252 0.5497971773147583 18
1761532507715 0.5534024238586426 19
1761532508147 0.550247848033905 20
1761532508579 0.550247848033905 21
1761532508997 0.5597115755081177 22
1761532509430 0.5597115755081177 23
1761532509848 0.554754376411438 24
1761532510309 0.5606129169464111 25
1761532510799 0.5525011420249939 26
1761532511233 0.5552050471305847 27
1761532511680 0.5515998005867004 28
1761532512108 0.5583596229553223 29
1761532512566 0.5615141987800598 30
1761532513052 0.5628661513328552 31
1761532513490 0.5673726797103882 32
1761532514398 0.5646687746047974 33
1761532514920 0.5718792080879211 34
1761532515594 0.5687246322631836 35
1761532516231 0.5651194453239441 36
1761532516767 0.5664713978767395 37
1761532517315 0.5646687746047974 38
1761532517783 0.5583596229553223 39
1761532518313 0.5687246322631836 40
1761532518866 0.5628661513328552 41
1761532519376 0.5673726797103882 42
1761532519839 0.5642181038856506 43
1761532520358 0.5660207271575928 44
1761532520888 0.5669220089912415 45
1761532521437 0.569625973701477 46
1761532521918 0.5727805495262146 47
1761532522390 0.563316822052002 48
1761532522831 0.5714285969734192 49
1761532523252 0.5723298788070679 50
1761532523731 0.5651194453239441 51
1761532524196 0.5727805495262146 52
1761532524685 0.570076584815979 53
1761532525155 0.5673726797103882 54
1761532525634 0.57413250207901 55
1761532526087 0.5682740211486816 56
1761532526542 0.5817936062812805 57
1761532527018 0.5727805495262146 58
1761532527446 0.5759351253509521 59
1761532527937 0.5682740211486816 60
1761532528391 0.5772870779037476 61
1761532528832 0.5772870779037476 62
1761532529247 0.5781883597373962 63
1761532529692 0.5790897011756897 64
1761532530109 0.5732311606407166 65
1761532530541 0.5835962295532227 66
1761532530979 0.5872014164924622 67
1761532531407 0.5813429355621338 68
1761532531834 0.5853988528251648 69
1761532532226 0.5863001346588135 70
1761532532646 0.5885534286499023 71
1761532533084 0.5926092863082886 72
1761532533508 0.5971158146858215 73
1761532533964 0.5840468406677246 74
1761532534391 0.5926092863082886 75
1761532534806 0.5971158146858215 76
1761532535233 0.5948625802993774 77
1761532535655 0.5971158146858215 78
1761532536086 0.6106353998184204 79
1761532536522 0.6038756370544434 80
1761532536947 0.6070302128791809 81
1761532537369 0.6155925989151001 82
1761532537826 0.6128886938095093 83
1761532538264 0.6228030920028687 84
1761532538702 0.613339364528656 85
1761532539133 0.6196485161781311 86
1761532539553 0.6106353998184204 87
1761532539988 0.6191978454589844 88
1761532540412 0.6191978454589844 89
1761532540822 0.6300135254859924 90
1761532541255 0.6237043738365173 91
1761532541687 0.6376746296882629 92
1761532542104 0.63316810131073 93
1761532542536 0.643983781337738 94
1761532542967 0.6435331106185913 95
1761532543388 0.6322667598724365 96
1761532543815 0.6444344520568848 97
1761532544268 0.6462370157241821 98
1761532544726 0.6376746296882629 99
1761532499292 0.5362775921821594 0
