1761596826209 0.9927558302879333 0
1761596826458 0.9593903422355652 1
1761596826688 0.9519083499908447 2
1761596826922 0.9471026062965393 3
1761596827186 0.9419821500778198 4
1761596827421 0.9393898248672485 5
1761596827683 0.9360339641571045 6
1761596827925 0.9310758709907532 7
1761596828166 0.9248791933059692 8
1761596828430 0.9232881665229797 9
1761596828664 0.9164626002311707 10
1761596828895 0.9118272662162781 11
1761596829130 0.9066359400749207 12
1761596829375 0.9010939002037048 13
1761596829615 0.8975082635879517 14
1761596829845 0.8944095969200134 15
1761596830087 0.889510452747345 16
1761596830329 0.8842724561691284 17
1761596830570 0.8763241171836853 18
1761596830804 0.8749583959579468 19
1761596831033 0.8694114685058594 20
1761596831264 0.8598037958145142 21
1761596831509 0.8559078574180603 22
1761596831745 0.8510774374008179 23
1761596831981 0.8491747975349426 24
1761596832214 0.8508474826812744 25
1761596832444 0.8436456918716431 26
1761596832681 0.8337672352790833 27
1761596832919 0.8359951972961426 28
1761596833180 0.8301214575767517 29
1761596833430 0.8236955404281616 30
1761596833674 0.818137526512146 31
1761596833913 0.8141649961471558 32
1761596834141 0.8110389113426208 33
1761596834376 0.8085862994194031 34
1761596834611 0.805665910243988 35
1761596834844 0.8045384883880615 36
1761596835097 0.7967721819877625 37
1761596835335 0.7917013168334961 38
1761596835568 0.787605881690979 39
1761596835801 0.7854831218719482 40
1761596836047 0.7853806018829346 41
1761596836285 0.7795355916023254 42
1761596836520 0.7777281999588013 43
1761596836753 0.7668927907943726 44
1761596836992 0.7763041257858276 45
1761596837221 0.7669517397880554 46
1761596837456 0.7610660195350647 47
1761596837688 0.7568135261535645 48
1761596837922 0.758504331111908 49
1761596826209 0.9927558302879333 0
