1761604522531 0.40802523493766785 0
1761604522779 0.426961213350296 1
1761604522984 0.4540126323699951 2
1761604523321 0.4661857485771179 3
1761604523572 0.48061317205429077 4
1761604523797 0.49098286032676697 5
1761604524026 0.49774572253227234 6
1761604524263 0.5243462324142456 7
1761604524558 0.531109094619751 8
1761604524846 0.5302073955535889 9
1761604525116 0.5563570857048035 10
1761604525347 0.5568079352378845 11
1761604525570 0.5707845091819763 12
1761604525779 0.5649233460426331 13
1761604525990 0.5825067758560181 14
1761604526212 0.5964832901954651 15
1761604526452 0.5951307415962219 16
1761604526679 0.6032461524009705 17
1761604526906 0.6091073155403137 18
1761604527124 0.6248872876167297 19
1761604527339 0.6190261244773865 20
1761604527552 0.6397655606269836 21
1761604527766 0.6339043974876404 22
1761604527981 0.6429215669631958 23
1761604528194 0.6451758146286011 24
1761604528410 0.6541929841041565 25
1761604528624 0.6582506895065308 26
1761604528838 0.6587015390396118 27
1761604529048 0.6519386768341064 28
1761604529258 0.6573489904403687 29
1761604529466 0.6731289625167847 30
1761604529672 0.6771866679191589 31
1761604529876 0.6731289625167847 32
1761604530085 0.6731289625167847 33
1761604530298 0.6803426742553711 34
1761604530513 0.6830477714538574 35
1761604530723 0.6771866679191589 36
1761604530936 0.6893597841262817 37
1761604531151 0.6875563859939575 38
1761604531366 0.7006312012672424 39
1761604531581 0.6974751949310303 40
1761604531825 0.6943191885948181 41
1761604532042 0.6925157904624939 42
1761604532252 0.7033363580703735 43
1761604532462 0.7037872076034546 44
1761604532678 0.7024345993995667 45
1761604532893 0.7150586247444153 46
1761604533103 0.7236248850822449 47
1761604533318 0.6965734958648682 48
1761604533548 0.7177637219429016 49
1761604522531 0.40802523493766785 0
