1761604522531 1.0829745531082153 0
1761604522779 1.0616670846939087 1
1761604522984 1.0405304431915283 2
1761604523321 1.026723861694336 3
1761604523572 1.0112953186035156 4
1761604523797 0.9972217679023743 5
1761604524026 0.9813428521156311 6
1761604524263 0.9646247029304504 7
1761604524558 0.9492139220237732 8
1761604524846 0.937724232673645 9
1761604525116 0.9267534017562866 10
1761604525347 0.9130331873893738 11
1761604525570 0.905651867389679 12
1761604525779 0.8909485340118408 13
1761604525990 0.8836140036582947 14
1761604526212 0.8683186173439026 15
1761604526452 0.8612802624702454 16
1761604526679 0.8484744429588318 17
1761604526906 0.8389573097229004 18
1761604527124 0.8282774090766907 19
1761604527339 0.8209823966026306 20
1761604527552 0.8115928173065186 21
1761604527766 0.7993110418319702 22
1761604527981 0.7991805672645569 23
1761604528194 0.7869882583618164 24
1761604528410 0.7778051495552063 25
1761604528624 0.7681887149810791 26
1761604528838 0.7639558911323547 27
1761604529048 0.752166748046875 28
1761604529258 0.7439507246017456 29
1761604529466 0.7355150580406189 30
1761604529672 0.730837881565094 31
1761604529876 0.7271480560302734 32
1761604530085 0.7143979072570801 33
1761604530298 0.712954044342041 34
1761604530513 0.7072696089744568 35
1761604530723 0.6993049383163452 36
1761604530936 0.6902732253074646 37
1761604531151 0.6873688101768494 38
1761604531366 0.678892195224762 39
1761604531581 0.6725280284881592 40
1761604531825 0.6700164079666138 41
1761604532042 0.6723681688308716 42
1761604532252 0.6583619117736816 43
1761604532462 0.6568785905838013 44
1761604532678 0.6509577631950378 45
1761604532893 0.6432053446769714 46
1761604533103 0.6431475281715393 47
1761604533318 0.6664375066757202 48
1761604533548 0.6332458257675171 49
1761604522531 1.0829745531082153 0
