1761605346209 0.40532010793685913 0
1761605346461 0.43597835302352905 1
1761605346698 0.4310189485549927 2
1761605346929 0.44364291429519653 3
1761605347167 0.44905319809913635 4
1761605347408 0.4431920647621155 5
1761605347641 0.4458971917629242 6
1761605347876 0.43958520889282227 7
1761605348113 0.43597835302352905 8
1761605348338 0.4440937638282776 9
1761605348557 0.4418394863605499 10
1761605348765 0.4495040476322174 11
1761605348973 0.44995492696762085 12
1761605349190 0.4440937638282776 13
1761605349409 0.4504057765007019 14
1761605349633 0.44724977016448975 15
1761605349879 0.4540126323699951 16
1761605350126 0.4522092044353485 17
1761605350357 0.4504057765007019 18
1761605350671 0.45852118730545044 19
1761605350884 0.43688008189201355 20
1761605351103 0.45175835490226746 21
1761605351336 0.4458971917629242 22
1761605351573 0.4522092044353485 23
1761605351791 0.4571686089038849 24
1761605352020 0.4458971917629242 25
1761605352310 0.44905319809913635 26
1761605352537 0.45085662603378296 27
1761605352808 0.4486023485660553 28
1761605353027 0.4504057765007019 29
1761605353250 0.4580703377723694 30
1761605353485 0.4549143314361572 31
1761605353730 0.4540126323699951 32
1761605353961 0.4522092044353485 33
1761605354247 0.4549143314361572 34
1761605354550 0.45446348190307617 35
1761605354799 0.4549143314361572 36
1761605355022 0.4467989206314087 37
1761605355229 0.4477006196975708 38
1761605355445 0.4562669098377228 39
1761605355669 0.4477006196975708 40
1761605355909 0.4571686089038849 41
1761605356131 0.45446348190307617 42
1761605356344 0.45942291617393494 43
1761605356546 0.46032461524009705 44
1761605356752 0.4558160603046417 45
1761605356969 0.44815149903297424 46
1761605357182 0.4540126323699951 47
1761605357393 0.4661857485771179 48
1761605357606 0.4562669098377228 49
1761605346209 0.40532010793685913 0
