1761605346209 1.0891880989074707 0
1761605346461 1.067112922668457 1
1761605346698 1.063889980316162 2
1761605346929 1.060585856437683 3
1761605347167 1.0631098747253418 4
1761605347408 1.0611655712127686 5
1761605347641 1.062050223350525 6
1761605347876 1.062923550605774 7
1761605348113 1.0628050565719604 8
1761605348338 1.0608869791030884 9
1761605348557 1.059017539024353 10
1761605348765 1.0606361627578735 11
1761605348973 1.0566517114639282 12
1761605349190 1.0569074153900146 13
1761605349409 1.056886911392212 14
1761605349633 1.0587838888168335 15
1761605349879 1.05402410030365 16
1761605350126 1.0546900033950806 17
1761605350357 1.0578749179840088 18
1761605350671 1.0538406372070312 19
1761605350884 1.05430006980896 20
1761605351103 1.0539190769195557 21
1761605351336 1.0557713508605957 22
1761605351573 1.0516263246536255 23
1761605351791 1.049824833869934 24
1761605352020 1.0527327060699463 25
1761605352310 1.048607587814331 26
1761605352537 1.047932744026184 27
1761605352808 1.0511869192123413 28
1761605353027 1.0491514205932617 29
1761605353250 1.0466021299362183 30
1761605353485 1.045352816581726 31
1761605353730 1.0452302694320679 32
1761605353961 1.0437047481536865 33
1761605354247 1.0451334714889526 34
1761605354550 1.0442720651626587 35
1761605354799 1.0416356325149536 36
1761605355022 1.0410981178283691 37
1761605355229 1.0428434610366821 38
1761605355445 1.0388473272323608 39
1761605355669 1.0385955572128296 40
1761605355909 1.039284348487854 41
1761605356131 1.0371589660644531 42
1761605356344 1.039179801940918 43
1761605356546 1.0354647636413574 44
1761605356752 1.0346322059631348 45
1761605356969 1.0383760929107666 46
1761605357182 1.0360873937606812 47
1761605357393 1.031878113746643 48
1761605357606 1.0324021577835083 49
1761605346209 1.0891880989074707 0
