1761523183389 0.5119423270225525 0
1761523183769 0.543488085269928 1
1761523184098 0.5335736870765686 2
1761523184473 0.5421360731124878 3
1761523185023 0.539432168006897 4
1761523185416 0.5421360731124878 5
1761523185806 0.5443893671035767 6
1761523186179 0.5286164879798889 7
1761523186551 0.5479946136474609 8
1761523186946 0.5322217345237732 9
1761523187346 0.5416854619979858 10
1761523187738 0.5475439429283142 11
1761523188154 0.543488085269928 12
1761523188717 0.539432168006897 13
1761523189180 0.5430374145507812 14
1761523189824 0.5362775921821594 15
1761523190188 0.5371789336204529 16
1761523190670 0.5475439429283142 17
1761523191356 0.5416854619979858 18
1761523192111 0.5443893671035767 19
1761523192792 0.5506985187530518 20
1761523193415 0.5439386963844299 21
1761523194312 0.5565569996833801 22
1761523194917 0.5421360731124878 23
1761523195613 0.5452906489372253 24
1761523196355 0.5439386963844299 25
1761523196978 0.5470932722091675 26
1761523197732 0.5529517531394958 27
1761523198551 0.5583596229553223 28
1761523199308 0.5597115755081177 29
1761523200113 0.558810293674469 30
1761523200912 0.554303765296936 31
1761523201782 0.565570056438446 32
1761523202488 0.5466426610946655 33
1761523203288 0.5583596229553223 34
1761523204193 0.5579089522361755 35
1761523204866 0.5597115755081177 36
1761523205512 0.563316822052002 37
1761523206217 0.5606129169464111 38
1761523206862 0.5610635280609131 39
1761523207555 0.5416854619979858 40
1761523208336 0.5750337839126587 41
1761523209167 0.5601622462272644 42
1761523209974 0.5777377486228943 43
1761523210736 0.5723298788070679 44
1761523211476 0.5727805495262146 45
1761523212357 0.5777377486228943 46
1761523213104 0.5736818313598633 47
1761523213837 0.5853988528251648 48
1761523214514 0.570076584815979 49
1761523183389 0.5119423270225525 0
