1761523183389 0.9995396733283997 0
1761523183769 0.8990586400032043 1
1761523184098 0.8999475240707397 2
1761523184473 0.8975751399993896 3
1761523185023 0.8937491178512573 4
1761523185416 0.8940304517745972 5
1761523185806 0.8931061029434204 6
1761523186179 0.8944811820983887 7
1761523186551 0.8920122981071472 8
1761523186946 0.8920937180519104 9
1761523187346 0.8929948806762695 10
1761523187738 0.8929774761199951 11
1761523188154 0.8926700353622437 12
1761523188717 0.8944668769836426 13
1761523189180 0.8923950791358948 14
1761523189824 0.8890710473060608 15
1761523190188 0.8907475471496582 16
1761523190670 0.8892199397087097 17
1761523191356 0.8900430798530579 18
1761523192111 0.8881575465202332 19
1761523192792 0.8869706392288208 20
1761523193415 0.8891645669937134 21
1761523194312 0.8859509825706482 22
1761523194917 0.89029860496521 23
1761523195613 0.888235330581665 24
1761523196355 0.8915936350822449 25
1761523196978 0.8857139945030212 26
1761523197732 0.8862138986587524 27
1761523198551 0.8858473300933838 28
1761523199308 0.8855867385864258 29
1761523200113 0.8839412927627563 30
1761523200912 0.8844457864761353 31
1761523201782 0.8842109441757202 32
1761523202488 0.8869673609733582 33
1761523203288 0.8804720044136047 34
1761523204193 0.8793773055076599 35
1761523204866 0.8807478547096252 36
1761523205512 0.8790500164031982 37
1761523206217 0.8817041516304016 38
1761523206862 0.8753737211227417 39
1761523207555 0.8874013423919678 40
1761523208336 0.8750432729721069 41
1761523209167 0.8764525055885315 42
1761523209974 0.8737094402313232 43
1761523210736 0.8751847743988037 44
1761523211476 0.8759438395500183 45
1761523212357 0.8729560971260071 46
1761523213104 0.8757263422012329 47
1761523213837 0.8703142404556274 48
1761523214514 0.8731033802032471 49
1761523183389 0.9995396733283997 0
