1761520265493 0.867354691028595 0
1761520266459 0.8399018049240112 1
1761520267256 0.8322106599807739 2
1761520268119 0.8210248351097107 3
1761520269307 0.8122319579124451 4
1761520270239 0.8017396330833435 5
1761520271336 0.7913718819618225 6
1761520272075 0.7847928404808044 7
1761520272745 0.7818335890769958 8
1761520273474 0.7630525827407837 9
1761520274223 0.750577449798584 10
1761520274937 0.740225076675415 11
1761520275463 0.7352768182754517 12
1761520276092 0.7176589965820312 13
1761520276750 0.7079094648361206 14
1761520277318 0.6970716714859009 15
1761520277943 0.6773104667663574 16
1761520278540 0.6618634462356567 17
1761520279137 0.6611823439598083 18
1761520279720 0.6394158005714417 19
1761520280280 0.6480395197868347 20
1761520280922 0.6217498779296875 21
1761520281770 0.6163800954818726 22
1761520282693 0.6105380058288574 23
1761520283541 0.6000005006790161 24
1761520284397 0.5838117003440857 25
1761520285113 0.5783392190933228 26
1761520286198 0.595382571220398 27
1761520287595 0.5594043135643005 28
1761520288528 0.5420272350311279 29
1761520289450 0.5357826352119446 30
1761520290749 0.5597293376922607 31
1761520292017 0.5295367240905762 32
1761520293331 0.5107607245445251 33
1761520294543 0.5132057070732117 34
1761520295733 0.49360063672065735 35
1761520296670 0.4903174340724945 36
1761520297775 0.48975518345832825 37
1761520299060 0.4964018762111664 38
1761520300275 0.4729502201080322 39
1761520301435 0.46554067730903625 40
1761520302557 0.4501587450504303 41
1761520303727 0.4476090669631958 42
1761520304558 0.4485670030117035 43
1761520305721 0.4412599802017212 44
1761520306808 0.43654534220695496 45
1761520308000 0.42053791880607605 46
1761520309154 0.4205833971500397 47
1761520309981 0.40471118688583374 48
1761520310972 0.4284855127334595 49
1761520265493 0.867354691028595 0
