1761466908935 0.5309470295906067 0
1761466909249 0.6040268540382385 1
1761466909649 0.6055182814598083 2
1761466910006 0.6114839911460876 3
1761466910452 0.6174496412277222 4
1761466910864 0.6249067783355713 5
1761466911274 0.6346010565757751 6
1761466911514 0.6241610646247864 7
1761466911787 0.6390753388404846 8
1761466912117 0.6428039073944092 9
1761466912478 0.6517524123191833 10
1761466912845 0.6539895534515381 11
1761466913083 0.6524981260299683 12
1761466913458 0.6577181220054626 13
1761466913862 0.654735267162323 14
1761466914282 0.6562266945838928 15
1761466914697 0.6554809808731079 16
1761466915129 0.6636838316917419 17
1761466915633 0.6621924042701721 18
1761466916117 0.6703952550888062 19
1761466916569 0.6689038276672363 20
1761466916979 0.673378050327301 21
1761466917465 0.6644295454025269 22
1761466918000 0.6703952550888062 23
1761466918553 0.6763609051704407 24
1761466919022 0.68232661485672 25
1761466919425 0.6718866229057312 26
1761466919834 0.6875466108322144 27
1761466920202 0.6763609051704407 28
1761466920562 0.6920208930969238 29
1761466921006 0.673378050327301 30
1761466921444 0.6853094696998596 31
1761466921843 0.6972408890724182 32
1761466922196 0.6935123205184937 33
1761466922622 0.6950037479400635 34
1761466923025 0.6964951753616333 35
1761466923437 0.7054436802864075 36
1761466923876 0.6964951753616333 37
1761466924357 0.700969398021698 38
1761466924795 0.7046979665756226 39
1761466925256 0.7151379585266113 40
1761466925732 0.7166293859481812 41
1761466926139 0.7129008173942566 42
1761466926574 0.7099179625511169 43
1761466927023 0.7129008173942566 44
1761466927261 0.7218493819236755 45
1761466927645 0.7114093899726868 46
1761466928116 0.7293064594268799 47
1761466928528 0.7166293859481812 48
1761466928937 0.7233408093452454 49
1761466908935 0.5309470295906067 0
