1761466908935 0.99086594581604 0
1761466909249 0.9013050198554993 1
1761466909649 0.8880316019058228 2
1761466910006 0.8763644099235535 3
1761466910452 0.866022527217865 4
1761466910864 0.855885922908783 5
1761466911274 0.8506401777267456 6
1761466911514 0.8413531184196472 7
1761466911787 0.8350659012794495 8
1761466912117 0.8288854360580444 9
1761466912478 0.8144810795783997 10
1761466912845 0.8119750618934631 11
1761466913083 0.803058922290802 12
1761466913458 0.7940725088119507 13
1761466913862 0.7929124236106873 14
1761466914282 0.7825362682342529 15
1761466914697 0.7796460390090942 16
1761466915129 0.7714871764183044 17
1761466915633 0.7666504383087158 18
1761466916117 0.7604244351387024 19
1761466916569 0.7560681700706482 20
1761466916979 0.7465256452560425 21
1761466917465 0.7409106492996216 22
1761466918000 0.7510162591934204 23
1761466918553 0.735694408416748 24
1761466919022 0.7375150918960571 25
1761466919425 0.7308764457702637 26
1761466919834 0.7145700454711914 27
1761466920202 0.7205290198326111 28
1761466920562 0.707526683807373 29
1761466921006 0.7112637162208557 30
1761466921444 0.7089586853981018 31
1761466921843 0.7025709748268127 32
1761466922196 0.6921208500862122 33
1761466922622 0.6847748160362244 34
1761466923025 0.683272659778595 35
1761466923437 0.6845604181289673 36
1761466923876 0.6824714541435242 37
1761466924357 0.6812664270401001 38
1761466924795 0.6700137853622437 39
1761466925256 0.6646634340286255 40
1761466925732 0.6647304892539978 41
1761466926139 0.6656913161277771 42
1761466926574 0.6607255935668945 43
1761466927023 0.6559743285179138 44
1761466927261 0.6514711976051331 45
1761466927645 0.6568762063980103 46
1761466928116 0.6444965600967407 47
1761466928528 0.6463280320167542 48
1761466928937 0.6421470642089844 49
1761466908935 0.99086594581604 0
