1761591784234 0.468890905380249 0
1761591784493 0.4972948729991913 1
1761591784745 0.49774572253227234 2
1761591785024 0.49368801712989807 3
1761591785317 0.48917943239212036 4
1761591785592 0.49594229459762573 5
1761591785818 0.4990983009338379 6
1761591786063 0.4869251549243927 7
1761591786318 0.4905320107936859 8
1761591786558 0.4945897161960602 9
1761591786812 0.49188458919525146 10
1761591787096 0.4981965720653534 11
1761591787378 0.4927862882614136 12
1761591787640 0.4954914450645447 13
1761591787878 0.4963931441307068 14
1761591788116 0.4981965720653534 15
1761591788352 0.4954914450645447 16
1761591788606 0.49954915046691895 17
1761591788861 0.4981965720653534 18
1761591789112 0.4981965720653534 19
1761591789390 0.4981965720653534 20
1761591789638 0.49954915046691895 21
1761591789892 0.5013525485992432 22
1761591790176 0.49323713779449463 23
1761591790417 0.49098286032676697 24
1761591790660 0.49864742159843445 25
1761591790912 0.5085662603378296 26
1761591791142 0.4941388666629791 27
1761591791390 0.49594229459762573 28
1761591791639 0.500450849533081 29
1761591791924 0.5027051568031311 30
1761591792175 0.4954914450645447 31
1761591792412 0.49098286032676697 32
1761591792644 0.5036068558692932 33
1761591792897 0.5049594044685364 34
1761591793152 0.5054102540016174 35
1761591793415 0.5031560063362122 36
1761591793661 0.5085662603378296 37
1761591793899 0.5067628622055054 38
1761591794136 0.5130748152732849 39
1761591794378 0.5054102540016174 40
1761591794624 0.5081154108047485 41
1761591794866 0.5198376774787903 42
1761591795101 0.5234445333480835 43
1761591795343 0.5162308216094971 44
1761591795590 0.5031560063362122 45
1761591795825 0.5126239657402039 46
1761591796086 0.5162308216094971 47
1761591796338 0.5211902856826782 48
1761591796583 0.5207393765449524 49
1761591796840 0.5211902856826782 50
1761591797097 0.5180342793464661 51
1761591797351 0.5220919847488403 52
1761591797604 0.5288548469543457 53
1761591797857 0.5216411352157593 54
1761591798105 0.531109094619751 55
1761591798343 0.531559944152832 56
1761591798599 0.5302073955535889 57
1761591798847 0.5302073955535889 58
1761591799102 0.5306582450866699 59
1761591799374 0.5193868279457092 60
1761591799620 0.5243462324142456 61
1761591799869 0.5202885270118713 62
1761591800120 0.5207393765449524 63
1761591800376 0.5275022387504578 64
1761591800615 0.5216411352157593 65
1761591800853 0.5324617028236389 66
1761591801093 0.5207393765449524 67
1761591801330 0.5324617028236389 68
1761591801594 0.5266005396842957 69
1761591801848 0.5320107936859131 70
1761591802097 0.5238953828811646 71
1761591802346 0.5338142514228821 72
1761591802604 0.5347159504890442 73
1761591802867 0.5342651009559631 74
1761591803107 0.5225428342819214 75
1761591803343 0.5284039378166199 76
1761591803601 0.531559944152832 77
1761591803851 0.5320107936859131 78
1761591804094 0.5320107936859131 79
1761591804350 0.5193868279457092 80
1761591804583 0.5306582450866699 81
1761591804841 0.5338142514228821 82
1761591805103 0.5387736558914185 83
1761591805353 0.5320107936859131 84
1761591805596 0.5306582450866699 85
1761591805835 0.531109094619751 86
1761591806080 0.5356176495552063 87
1761591806333 0.5297565460205078 88
1761591806579 0.5360685586929321 89
1761591806826 0.5306582450866699 90
1761591807079 0.5374211072921753 91
1761591807389 0.5275022387504578 92
1761591807627 0.5302073955535889 93
1761591807887 0.5405771136283875 94
1761591808149 0.5275022387504578 95
1761591808416 0.5365194082260132 96
1761591808649 0.5302073955535889 97
1761591808893 0.53291255235672 98
1761591809133 0.5351668000221252 99
1761591784234 0.468890905380249 0
