1761591784234 1.022462010383606 0
1761591784493 0.997584342956543 1
1761591784745 0.9966022968292236 2
1761591785024 0.9974717497825623 3
1761591785317 0.9967376589775085 4
1761591785592 0.9952652454376221 5
1761591785818 0.9951128959655762 6
1761591786063 0.9967076182365417 7
1761591786318 0.9930477142333984 8
1761591786558 0.9939126372337341 9
1761591786812 0.9945698976516724 10
1761591787096 0.992951512336731 11
1761591787378 0.9944140315055847 12
1761591787640 0.9958472847938538 13
1761591787878 0.9974348545074463 14
1761591788116 0.99186772108078 15
1761591788352 0.9908376932144165 16
1761591788606 0.9918946027755737 17
1761591788861 0.9928165674209595 18
1761591789112 0.9879600405693054 19
1761591789390 0.9921091198921204 20
1761591789638 0.9891716241836548 21
1761591789892 0.9893456697463989 22
1761591790176 0.9886792898178101 23
1761591790417 0.9903045892715454 24
1761591790660 0.9868050813674927 25
1761591790912 0.9881820678710938 26
1761591791142 0.9906010031700134 27
1761591791390 0.9863723516464233 28
1761591791639 0.9857283234596252 29
1761591791924 0.9862635135650635 30
1761591792175 0.9855239391326904 31
1761591792412 0.9865251779556274 32
1761591792644 0.986072301864624 33
1761591792897 0.9855286478996277 34
1761591793152 0.9840551018714905 35
1761591793415 0.9831838011741638 36
1761591793661 0.9843101501464844 37
1761591793899 0.9810183644294739 38
1761591794136 0.982337236404419 39
1761591794378 0.982892632484436 40
1761591794624 0.9830713868141174 41
1761591794866 0.9770165681838989 42
1761591795101 0.9785490036010742 43
1761591795343 0.9782266020774841 44
1761591795590 0.9802594780921936 45
1761591795825 0.976908802986145 46
1761591796086 0.977383553981781 47
1761591796338 0.9741612672805786 48
1761591796583 0.9766524434089661 49
1761591796840 0.9734154343605042 50
1761591797097 0.9757449626922607 51
1761591797351 0.9753923416137695 52
1761591797604 0.972122848033905 53
1761591797857 0.9743236303329468 54
1761591798105 0.9702646136283875 55
1761591798343 0.9721472859382629 56
1761591798599 0.9683835506439209 57
1761591798847 0.9696272611618042 58
1761591799102 0.9666130542755127 59
1761591799374 0.9735050201416016 60
1761591799620 0.9682662487030029 61
1761591799869 0.9707164168357849 62
1761591800120 0.9669680595397949 63
1761591800376 0.9667542576789856 64
1761591800615 0.9671198129653931 65
1761591800853 0.9611063599586487 66
1761591801093 0.9676415920257568 67
1761591801330 0.9642963409423828 68
1761591801594 0.9649776816368103 69
1761591801848 0.9633673429489136 70
1761591802097 0.9620614647865295 71
1761591802346 0.9631338715553284 72
1761591802604 0.9613769054412842 73
1761591802867 0.9637628197669983 74
1761591803107 0.9638050198554993 75
1761591803343 0.9621957540512085 76
1761591803601 0.959267258644104 77
1761591803851 0.9605501294136047 78
1761591804094 0.9590911269187927 79
1761591804350 0.9605804085731506 80
1761591804583 0.9583929777145386 81
1761591804841 0.9580242037773132 82
1761591805103 0.9579566121101379 83
1761591805353 0.957588791847229 84
1761591805596 0.9587260484695435 85
1761591805835 0.9568414688110352 86
1761591806080 0.9545062184333801 87
1761591806333 0.9575589299201965 88
1761591806579 0.9578292965888977 89
1761591806826 0.9554885625839233 90
1761591807079 0.9540589451789856 91
1761591807389 0.9605859518051147 92
1761591807627 0.9550746083259583 93
1761591807887 0.9538794159889221 94
1761591808149 0.9546061158180237 95
1761591808416 0.9561386704444885 96
1761591808649 0.963403582572937 97
1761591808893 0.9534822702407837 98
1761591809133 0.9518924355506897 99
1761591784234 1.022462010383606 0
