1761519894365 1.0759387016296387 0
1761519894693 1.0571067333221436 1
1761519894950 1.0459102392196655 2
1761519895232 1.0338406562805176 3
1761519895444 1.0277942419052124 4
1761519895696 1.0163865089416504 5
1761519896101 1.0055276155471802 6
1761519896308 0.999275267124176 7
1761519896517 0.9867510795593262 8
1761519896744 0.9785537123680115 9
1761519896955 0.9694430232048035 10
1761519897165 0.9596437215805054 11
1761519897380 0.9495766758918762 12
1761519897587 0.9414953589439392 13
1761519897793 0.9291120767593384 14
1761519898009 0.9216141104698181 15
1761519898230 0.9131096005439758 16
1761519898447 0.910219669342041 17
1761519898649 0.8976484537124634 18
1761519898851 0.8822512626647949 19
1761519899062 0.8707911968231201 20
1761519899270 0.8687678575515747 21
1761519899474 0.8603161573410034 22
1761519899682 0.8479001522064209 23
1761519899892 0.8461798429489136 24
1761519900112 0.8342617154121399 25
1761519900321 0.8255273699760437 26
1761519900530 0.8189483880996704 27
1761519900743 0.8091224431991577 28
1761519900955 0.8146422505378723 29
1761519901165 0.803493857383728 30
1761519901390 0.789908766746521 31
1761519901598 0.790005624294281 32
1761519901810 0.7784726023674011 33
1761519902020 0.7799156904220581 34
1761519902236 0.7671529054641724 35
1761519902452 0.7593705058097839 36
1761519902658 0.7624208331108093 37
1761519902867 0.7581419348716736 38
1761519903075 0.7488616704940796 39
1761519903280 0.7422793507575989 40
1761519903494 0.7452924251556396 41
1761519903706 0.7391422390937805 42
1761519903921 0.7298561334609985 43
1761519904131 0.7354485392570496 44
1761519904340 0.7202985882759094 45
1761519904555 0.7144955396652222 46
1761519904765 0.7173513174057007 47
1761519904984 0.7103389501571655 48
1761519905193 0.7063882350921631 49
1761519894365 1.0759387016296387 0
