1761611830738 0.4765554666519165 0
1761611831732 0.47069433331489563 1
1761611832664 0.459873765707016 2
1761611833586 0.4815148711204529 3
1761611834457 0.48286744952201843 4
1761611835334 0.484220027923584 5
1761611836255 0.491433709859848 6
1761611837133 0.4783588945865631 7
1761611838005 0.4905320107936859 8
1761611838906 0.4860234558582306 9
1761611839821 0.491433709859848 10
1761611840690 0.491433709859848 11
1761611841564 0.491433709859848 12
1761611842463 0.491433709859848 13
1761611843342 0.491433709859848 14
1761611844222 0.491433709859848 15
1761611845090 0.491433709859848 16
1761611845984 0.4558160603046417 17
1761611846945 0.491433709859848 18
1761611847859 0.491433709859848 19
1761611848737 0.491433709859848 20
1761611849631 0.491433709859848 21
1761611850512 0.491433709859848 22
1761611851391 0.491433709859848 23
1761611852270 0.491433709859848 24
1761611853184 0.491433709859848 25
1761611854066 0.491433709859848 26
1761611854953 0.491433709859848 27
1761611855851 0.48557257652282715 28
1761611856730 0.484220027923584 29
1761611857590 0.491433709859848 30
1761611858463 0.47790801525115967 31
1761611859332 0.491433709859848 32
1761611860195 0.491433709859848 33
1761611861060 0.491433709859848 34
1761611861925 0.491433709859848 35
1761611862797 0.491433709859848 36
1761611863690 0.491433709859848 37
1761611864562 0.491433709859848 38
1761611865423 0.491433709859848 39
1761611866298 0.491433709859848 40
1761611867184 0.4824165999889374 41
1761611868097 0.491433709859848 42
1761611868973 0.491433709859848 43
1761611869853 0.491433709859848 44
1761611870762 0.491433709859848 45
1761611871635 0.491433709859848 46
1761611872523 0.491433709859848 47
1761611873439 0.4792605936527252 48
1761611874308 0.491433709859848 49
1761611830738 0.4765554666519165 0
