1761611830738 1.0256667137145996 0
1761611831732 1.002361536026001 1
1761611832664 0.9987307786941528 2
1761611833586 0.9947527647018433 3
1761611834457 0.9912908673286438 4
1761611835334 0.9916580319404602 5
1761611836255 0.9914476871490479 6
1761611837133 0.9921339750289917 7
1761611838005 0.9927313923835754 8
1761611838906 0.9899901151657104 9
1761611839821 0.9910035729408264 10
1761611840690 0.9928844571113586 11
1761611841564 0.9913278222084045 12
1761611842463 0.9927057027816772 13
1761611843342 0.9922273755073547 14
1761611844222 0.9907914400100708 15
1761611845090 0.9929745197296143 16
1761611845984 0.9934977889060974 17
1761611846945 0.9908145666122437 18
1761611847859 0.9926546216011047 19
1761611848737 0.9922338128089905 20
1761611849631 0.9905103445053101 21
1761611850512 0.9883797764778137 22
1761611851391 0.9946335554122925 23
1761611852270 0.9907421469688416 24
1761611853184 0.9907947778701782 25
1761611854066 0.9916370511054993 26
1761611854953 0.9934805035591125 27
1761611855851 0.9908084869384766 28
1761611856730 0.9928854703903198 29
1761611857590 0.9909998178482056 30
1761611858463 0.991860032081604 31
1761611859332 0.9905557036399841 32
1761611860195 0.9922818541526794 33
1761611861060 0.9916537404060364 34
1761611861925 0.9910339117050171 35
1761611862797 0.9923917651176453 36
1761611863690 0.991352379322052 37
1761611864562 0.9924658536911011 38
1761611865423 0.9919350147247314 39
1761611866298 0.9905557632446289 40
1761611867184 0.9916422963142395 41
1761611868097 0.9894841313362122 42
1761611868973 0.9912764430046082 43
1761611869853 0.9932981133460999 44
1761611870762 0.9934548735618591 45
1761611871635 0.9915945529937744 46
1761611872523 0.9910520911216736 47
1761611873439 0.992495596408844 48
1761611874308 0.9917856454849243 49
1761611830738 1.0256667137145996 0
