1761502529213 0.47859397530555725 0
1761502530428 0.4907616078853607 1
1761502532000 0.5083370804786682 2
1761502533502 0.5011266469955444 3
1761502535044 0.48986029624938965 4
1761502536265 0.4826498329639435 5
1761502537959 0.5020279288291931 6
1761502539454 0.49256423115730286 7
1761502541037 0.4817485213279724 8
1761502542345 0.4767913520336151 9
1761502543734 0.4966200888156891 10
1761502544824 0.48355114459991455 11
1761502545927 0.4993240237236023 12
1761502547081 0.4763406813144684 13
1761502548190 0.5029292702674866 14
1761502549675 0.48355114459991455 15
1761502550890 0.4970707595348358 16
1761502551973 0.5132942795753479 17
1761502553213 0.480396568775177 18
1761502554407 0.4979720711708069 19
1761502555596 0.4776926636695862 20
1761502556973 0.48084723949432373 21
1761502558479 0.49211356043815613 22
1761502560131 0.48986029624938965 23
1761502561731 0.5006759762763977 24
1761502563032 0.47949525713920593 25
1761502564411 0.49346551299095154 26
1761502566050 0.5096890330314636 27
1761502567385 0.504281222820282 28
1761502568546 0.5065344572067261 29
1761502569660 0.5272645354270935 30
1761502570813 0.51509690284729 31
1761502571949 0.5376295447349548 32
1761502573268 0.5398828387260437 33
1761502574476 0.5484452247619629 34
1761502575563 0.5506985187530518 35
1761502576759 0.5515998005867004 36
1761502577868 0.5597115755081177 37
1761502578956 0.5799909830093384 38
1761502580195 0.5781883597373962 39
1761502581525 0.5853988528251648 40
1761502582787 0.5962145328521729 41
1761502584126 0.6043262481689453 42
1761502585242 0.5953131914138794 43
1761502586382 0.6169445514678955 44
1761502587498 0.6029742956161499 45
1761502588771 0.6151419281959534 46
1761502589917 0.6173952221870422 47
1761502591059 0.6173952221870422 48
1761502592285 0.6336187720298767 49
1761502529213 0.47859397530555725 0
