1761502529213 0.8048676252365112 0
1761502530428 0.7839528322219849 1
1761502532000 0.7859591245651245 2
1761502533502 0.7843586206436157 3
1761502535044 0.7824721932411194 4
1761502536265 0.7816405892372131 5
1761502537959 0.7837123274803162 6
1761502539454 0.7821755409240723 7
1761502541037 0.7816929221153259 8
1761502542345 0.7827624678611755 9
1761502543734 0.7807693481445312 10
1761502544824 0.7872443795204163 11
1761502545927 0.7805848717689514 12
1761502547081 0.7844434380531311 13
1761502548190 0.7793592810630798 14
1761502549675 0.7809216976165771 15
1761502550890 0.779670238494873 16
1761502551973 0.7782362699508667 17
1761502553213 0.7829352617263794 18
1761502554407 0.7805711030960083 19
1761502555596 0.7827844619750977 20
1761502556973 0.7821401357650757 21
1761502558479 0.7797681093215942 22
1761502560131 0.7805662751197815 23
1761502561731 0.7804369926452637 24
1761502563032 0.7806565761566162 25
1761502564411 0.779787003993988 26
1761502566050 0.7779256105422974 27
1761502567385 0.7783145308494568 28
1761502568546 0.7759507894515991 29
1761502569660 0.7747020125389099 30
1761502570813 0.7764260768890381 31
1761502571949 0.7727850079536438 32
1761502573268 0.7704977989196777 33
1761502574476 0.7673536539077759 34
1761502575563 0.7664425373077393 35
1761502576759 0.7654194831848145 36
1761502577868 0.7615435123443604 37
1761502578956 0.7511420249938965 38
1761502580195 0.7491708397865295 39
1761502581525 0.7470483779907227 40
1761502582787 0.7386021018028259 41
1761502584126 0.7359266877174377 42
1761502585242 0.7324942350387573 43
1761502586382 0.7282895445823669 44
1761502587498 0.7308149337768555 45
1761502588771 0.7244660258293152 46
1761502589917 0.7289862036705017 47
1761502591059 0.7252293229103088 48
1761502592285 0.7193706035614014 49
1761502529213 0.8048676252365112 0
