1761605169965 0.395401269197464 0
1761605170341 0.42200180888175964 1
1761605170774 0.419747531414032 2
1761605171111 0.4319206476211548 3
1761605171446 0.43056806921958923 4
1761605171819 0.4301172196865082 5
1761605172164 0.4319206476211548 6
1761605172519 0.42380523681640625 7
1761605172853 0.4364292025566101 8
1761605173196 0.4328223764896393 9
1761605173533 0.4391343593597412 10
1761605173893 0.4346257746219635 11
1761605174238 0.43146979808807373 12
1761605174598 0.44995492696762085 13
1761605174935 0.44815149903297424 14
1761605175281 0.4364292025566101 15
1761605175624 0.4440937638282776 16
1761605175961 0.4409377872943878 17
1761605176295 0.44229036569595337 18
1761605176640 0.44815149903297424 19
1761605176971 0.44454464316368103 20
1761605177312 0.44048693776130676 21
1761605177645 0.4504057765007019 22
1761605178026 0.4431920647621155 23
1761605178375 0.44048693776130676 24
1761605178717 0.44454464316368103 25
1761605179081 0.44905319809913635 26
1761605179425 0.43868350982666016 27
1761605179774 0.44454464316368103 28
1761605180112 0.44634807109832764 29
1761605180451 0.44229036569595337 30
1761605180777 0.4391343593597412 31
1761605181127 0.4431920647621155 32
1761605181455 0.4449954926967621 33
1761605181789 0.43868350982666016 34
1761605182143 0.4535617530345917 35
1761605182481 0.435527503490448 36
1761605182808 0.4522092044353485 37
1761605183146 0.4531109035015106 38
1761605183489 0.44815149903297424 39
1761605183823 0.44905319809913635 40
1761605184156 0.4522092044353485 41
1761605184489 0.4522092044353485 42
1761605184825 0.44544634222984314 43
1761605185202 0.4540126323699951 44
1761605185801 0.46122634410858154 45
1761605186118 0.4535617530345917 46
1761605186458 0.45671775937080383 47
1761605186802 0.4580703377723694 48
1761605187184 0.4661857485771179 49
1761605169965 0.395401269197464 0
