1761523136692 0.519603431224823 0
1761523137397 0.5484452247619629 1
1761523137988 0.5664713978767395 2
1761523138582 0.5597115755081177 3
1761523139070 0.5867508053779602 4
1761523139631 0.5781883597373962 5
1761523140167 0.5980170965194702 6
1761523140722 0.604776918888092 7
1761523141171 0.6151419281959534 8
1761523141752 0.6155925989151001 9
1761523142312 0.6228030920028687 10
1761523142787 0.6327174305915833 11
1761523143293 0.6372239589691162 12
1761523143830 0.6489409804344177 13
1761523144404 0.6597566604614258 14
1761523144930 0.6520955562591553 15
1761523145443 0.6507436037063599 16
1761523145995 0.6642631888389587 17
1761523146570 0.6579540371894836 18
1761523147148 0.6701216697692871 19
1761523147742 0.6759801506996155 20
1761523148362 0.6818386912345886 21
1761523148724 0.6881478428840637 22
1761523149058 0.6872465014457703 23
1761523149557 0.6931049823760986 24
1761523150161 0.6949076056480408 25
1761523150780 0.6962595582008362 26
1761523151391 0.703019380569458 27
1761523151708 0.694456934928894 28
1761523152183 0.7052726745605469 29
1761523152770 0.7007660865783691 30
1761523153341 0.7021180987358093 31
1761523153852 0.7106804847717285 32
1761523154352 0.7151870131492615 33
1761523154820 0.7174403071403503 34
1761523155193 0.7223974466323853 35
1761523155852 0.718341588973999 36
1761523156323 0.731410562992096 37
1761523156889 0.7291572690010071 38
1761523157456 0.7278053164482117 39
1761523158040 0.7350157499313354 40
1761523158553 0.7417755722999573 41
1761523159096 0.7363677620887756 42
1761523159625 0.7354664206504822 43
1761523159993 0.7471834421157837 44
1761523160612 0.7440288662910461 45
1761523161100 0.7444794774055481 46
1761523161775 0.7507886290550232 47
1761523162253 0.7458314299583435 48
1761523162814 0.7552951574325562 49
1761523136692 0.519603431224823 0
