1761523136692 0.9566977620124817 0
1761523137397 0.888835072517395 1
1761523137988 0.8781667351722717 2
1761523138582 0.8690639734268188 3
1761523139070 0.8605753779411316 4
1761523139631 0.8589844107627869 5
1761523140167 0.8468342423439026 6
1761523140722 0.8392359614372253 7
1761523141171 0.8307055234909058 8
1761523141752 0.8254558444023132 9
1761523142312 0.8172509670257568 10
1761523142787 0.8091040849685669 11
1761523143293 0.8037269711494446 12
1761523143830 0.7950938940048218 13
1761523144404 0.7863037586212158 14
1761523144930 0.7810026407241821 15
1761523145443 0.7774279117584229 16
1761523145995 0.7667415738105774 17
1761523146570 0.7713164687156677 18
1761523147148 0.7598029971122742 19
1761523147742 0.7520055770874023 20
1761523148362 0.7450422644615173 21
1761523148724 0.7359151840209961 22
1761523149058 0.7374700307846069 23
1761523149557 0.7287736535072327 24
1761523150161 0.7277799248695374 25
1761523150780 0.7148098349571228 26
1761523151391 0.710906982421875 27
1761523151708 0.708509624004364 28
1761523152183 0.7063683271408081 29
1761523152770 0.7056590914726257 30
1761523153341 0.6973270177841187 31
1761523153852 0.6897992491722107 32
1761523154352 0.6785401105880737 33
1761523154820 0.6813142895698547 34
1761523155193 0.6740537285804749 35
1761523155852 0.6715191602706909 36
1761523156323 0.6689908504486084 37
1761523156889 0.6565554141998291 38
1761523157456 0.6525840759277344 39
1761523158040 0.6516748070716858 40
1761523158553 0.6434335708618164 41
1761523159096 0.6429440975189209 42
1761523159625 0.6406520009040833 43
1761523159993 0.635539710521698 44
1761523160612 0.630704402923584 45
1761523161100 0.6349442005157471 46
1761523161775 0.6179971694946289 47
1761523162253 0.6166003942489624 48
1761523162814 0.6131895780563354 49
1761523136692 0.9566977620124817 0
