1761464596784 0.42271292209625244 0
1761464597262 0.44794952869415283 1
1761464597742 0.43307796120643616 2
1761464598203 0.4186570644378662 3
1761464598654 0.415953129529953 4
1761464599092 0.42767012119293213 5
1761464599527 0.4245155453681946 6
1761464599983 0.43578189611434937 7
1761464600488 0.4384858012199402 8
1761464600889 0.41550248861312866 9
1761464601294 0.4263181686401367 10
1761464601709 0.4402884244918823 11
1761464602135 0.43533122539520264 12
1761464602565 0.4299233853816986 13
1761464602981 0.43578189611434937 14
1761464603466 0.43803516030311584 15
1761464603899 0.43172600865364075 16
1761464604335 0.44164037704467773 17
1761464604771 0.42812076210975647 18
1761464605205 0.4335286021232605 19
1761464605597 0.42045965790748596 20
1761464606032 0.4173050820827484 21
1761464606451 0.42316359281539917 22
1761464606872 0.4182063937187195 23
1761464607309 0.4249661862850189 24
1761464607754 0.4182063937187195 25
1761464608166 0.4308246970176697 26
1761464608580 0.4186570644378662 27
1761464609015 0.4299233853816986 28
1761464609460 0.4236142337322235 29
1761464609895 0.4299233853816986 30
1761464610321 0.4263181686401367 31
1761464610743 0.460567831993103 32
1761464611180 0.4236142337322235 33
1761464611609 0.4434430003166199 34
1761464612037 0.43307796120643616 35
1761464612464 0.4438936412334442 36
1761464612902 0.45065343379974365 37
1761464613343 0.46462368965148926 38
1761464613775 0.45425868034362793 39
1761464614214 0.43578189611434937 40
1761464614662 0.4587652087211609 41
1761464615099 0.4511041045188904 42
1761464615525 0.4664263129234314 43
1761464615961 0.460567831993103 44
1761464616378 0.4668769836425781 45
1761464616817 0.4844524562358856 46
1761464617254 0.4713835120201111 47
1761464617692 0.4637224078178406 48
1761464618124 0.4844524562358856 49
1761464596784 0.42271292209625244 0
