1761464596784 1.0171730518341064 0
1761464597262 1.0103424787521362 1
1761464597742 1.0090736150741577 2
1761464598203 1.0092523097991943 3
1761464598654 1.0116195678710938 4
1761464599092 1.006359338760376 5
1761464599527 1.0059314966201782 6
1761464599983 1.007481336593628 7
1761464600488 1.009355902671814 8
1761464600889 1.0083476305007935 9
1761464601294 1.0067099332809448 10
1761464601709 1.0050745010375977 11
1761464602135 1.0079989433288574 12
1761464602565 1.0064847469329834 13
1761464602981 1.005506992340088 14
1761464603466 1.0040791034698486 15
1761464603899 1.0077905654907227 16
1761464604335 1.0037422180175781 17
1761464604771 1.0055965185165405 18
1761464605205 1.0039048194885254 19
1761464605597 1.0031177997589111 20
1761464606032 1.0056062936782837 21
1761464606451 1.0053333044052124 22
1761464606872 1.0053704977035522 23
1761464607309 1.0073360204696655 24
1761464607754 1.0042732954025269 25
1761464608166 1.0040943622589111 26
1761464608580 1.0042893886566162 27
1761464609015 1.0031859874725342 28
1761464609460 1.003326177597046 29
1761464609895 1.0028119087219238 30
1761464610321 1.0037752389907837 31
1761464610743 1.0002963542938232 32
1761464611180 1.0019819736480713 33
1761464611609 1.001109004020691 34
1761464612037 1.0033624172210693 35
1761464612464 1.0003160238265991 36
1761464612902 0.9994674921035767 37
1761464613343 0.997122585773468 38
1761464613775 0.9987285733222961 39
1761464614214 1.0012085437774658 40
1761464614662 0.9970673322677612 41
1761464615099 0.9954171180725098 42
1761464615525 0.9975610971450806 43
1761464615961 0.9971269965171814 44
1761464616378 0.9946253895759583 45
1761464616817 0.9915441870689392 46
1761464617254 0.990958571434021 47
1761464617692 0.9927928447723389 48
1761464618124 0.9897153973579407 49
1761464596784 1.0171730518341064 0
