1761464750404 0.4411897361278534 0
1761464750720 0.48625507950782776 1
1761464750947 0.49121224880218506 2
1761464751202 0.5029292702674866 3
1761464751411 0.5069851279258728 4
1761464751681 0.5038305521011353 5
1761464751923 0.5123929977416992 6
1761464752134 0.5272645354270935 7
1761464752361 0.5214060544967651 8
1761464752571 0.5367282629013062 9
1761464752784 0.5398828387260437 10
1761464752993 0.5416854619979858 11
1761464753214 0.5484452247619629 12
1761464753430 0.5520504713058472 13
1761464753659 0.5534024238586426 14
1761464753870 0.5714285969734192 15
1761464754088 0.5660207271575928 16
1761464754308 0.5804416537284851 17
1761464754520 0.5795403122901917 18
1761464754745 0.563316822052002 19
1761464754961 0.5813429355621338 20
1761464755180 0.5962145328521729 21
1761464755402 0.5953131914138794 22
1761464755624 0.5966651439666748 23
1761464755845 0.6043262481689453 24
1761464756075 0.5975664854049683 25
1761464756294 0.6119873523712158 26
1761464756511 0.6196485161781311 27
1761464756731 0.6160432696342468 28
1761464756951 0.6115367412567139 29
1761464757179 0.6101847887039185 30
1761464757402 0.6277602314949036 31
1761464757625 0.628661572933197 32
1761464757843 0.6255069971084595 33
1761464758060 0.6363226771354675 34
1761464758290 0.6336187720298767 35
1761464758509 0.6264082789421082 36
1761464758725 0.6444344520568848 37
1761464758935 0.6444344520568848 38
1761464759155 0.6448850631713867 39
1761464759372 0.6376746296882629 40
1761464759596 0.6489409804344177 41
1761464759814 0.6435331106185913 42
1761464760033 0.6448850631713867 43
1761464760254 0.6525461673736572 44
1761464760474 0.6475890278816223 45
1761464760699 0.6620098948478699 46
1761464760909 0.6557007431983948 47
1761464761126 0.6502929329872131 48
1761464761350 0.6642631888389587 49
1761464750404 0.4411897361278534 0
