1761464750404 1.0161054134368896 0
1761464750720 0.9870337843894958 1
1761464750947 0.9823444485664368 2
1761464751202 0.9756134152412415 3
1761464751411 0.9698328375816345 4
1761464751681 0.9661544561386108 5
1761464751923 0.96142578125 6
1761464752134 0.9553452730178833 7
1761464752361 0.9544070959091187 8
1761464752571 0.9476959109306335 9
1761464752784 0.9431266784667969 10
1761464752993 0.9429176449775696 11
1761464753214 0.9355757832527161 12
1761464753430 0.9310229420661926 13
1761464753659 0.9267381429672241 14
1761464753870 0.9232000112533569 15
1761464754088 0.9177023768424988 16
1761464754308 0.9088069200515747 17
1761464754520 0.9064760208129883 18
1761464754745 0.9088006019592285 19
1761464754961 0.9000840783119202 20
1761464755180 0.8921407461166382 21
1761464755402 0.8932116031646729 22
1761464755624 0.8803171515464783 23
1761464755845 0.8796218633651733 24
1761464756075 0.8746684193611145 25
1761464756294 0.873560905456543 26
1761464756511 0.8659625053405762 27
1761464756731 0.8631065487861633 28
1761464756951 0.8602292537689209 29
1761464757179 0.8520895838737488 30
1761464757402 0.8467721343040466 31
1761464757625 0.8418511748313904 32
1761464757843 0.8353509306907654 33
1761464758060 0.8328782320022583 34
1761464758290 0.8309994339942932 35
1761464758509 0.8304710984230042 36
1761464758725 0.8252956867218018 37
1761464758935 0.8215242028236389 38
1761464759155 0.8159382343292236 39
1761464759372 0.8112824559211731 40
1761464759596 0.8024513721466064 41
1761464759814 0.8131868243217468 42
1761464760033 0.8065108060836792 43
1761464760254 0.7991483807563782 44
1761464760474 0.7974363565444946 45
1761464760699 0.7891755104064941 46
1761464760909 0.7835267186164856 47
1761464761126 0.781005322933197 48
1761464761350 0.7755186557769775 49
1761464750404 1.0161054134368896 0
