1761598179779 0.5324074029922485 0
1761598180091 0.5416666865348816 1
1761598180400 0.545634925365448 2
1761598180744 0.5509259104728699 3
1761598181013 0.5535714030265808 4
1761598181314 0.5621693134307861 5
1761598181636 0.5667989253997803 6
1761598181917 0.5654761791229248 7
1761598182199 0.579365074634552 8
1761598182474 0.5813491940498352 9
1761598182766 0.5859788656234741 10
1761598183052 0.5932539701461792 11
1761598183335 0.5932539701461792 12
1761598183623 0.6044973731040955 13
1761598183906 0.6038359999656677 14
1761598184193 0.6157407164573669 15
1761598184474 0.6197090148925781 16
1761598184760 0.613095223903656 17
1761598185040 0.6236772537231445 18
1761598185337 0.6302909851074219 19
1761598185619 0.6223545074462891 20
1761598185894 0.6355820298194885 21
1761598186165 0.6441798806190491 22
1761598186469 0.6593915224075317 23
1761598186748 0.6527777910232544 24
1761598187043 0.6613756418228149 25
1761598187346 0.6732804179191589 26
1761598187672 0.6838624477386475 27
1761598187975 0.6660053133964539 28
1761598188283 0.6871693134307861 29
1761598188599 0.6779100298881531 30
1761598188992 0.6990740895271301 31
1761598189311 0.692460298538208 32
1761598189624 0.6990740895271301 33
1761598189917 0.7123016119003296 34
1761598190254 0.716269850730896 35
1761598190531 0.7149471044540405 36
1761598190843 0.7202380895614624 37
1761598191181 0.6990740895271301 38
1761598191557 0.7169312238693237 39
1761598191863 0.7394179701805115 40
1761598192194 0.72817462682724 41
1761598192569 0.7420634627342224 42
1761598192976 0.7242063283920288 43
1761598193334 0.7493386268615723 44
1761598193707 0.7427248954772949 45
1761598194049 0.7486772537231445 46
1761598194329 0.7473545074462891 47
1761598194643 0.7566137313842773 48
1761598195032 0.7678571343421936 49
1761598179779 0.5324074029922485 0
