1761598179779 0.9665780663490295 0
1761598180091 0.9457500576972961 1
1761598180400 0.9434863924980164 2
1761598180744 0.9380365014076233 3
1761598181013 0.9267299771308899 4
1761598181314 0.9208813905715942 5
1761598181636 0.9121827483177185 6
1761598181917 0.9017149806022644 7
1761598182199 0.9096635580062866 8
1761598182474 0.8960496783256531 9
1761598182766 0.8912191390991211 10
1761598183052 0.8779923319816589 11
1761598183335 0.8708288073539734 12
1761598183623 0.862362802028656 13
1761598183906 0.8659139275550842 14
1761598184193 0.8508778810501099 15
1761598184474 0.8418923020362854 16
1761598184760 0.846172034740448 17
1761598185040 0.8339546918869019 18
1761598185337 0.8345838785171509 19
1761598185619 0.8183673620223999 20
1761598185894 0.8089823126792908 21
1761598186165 0.8025928735733032 22
1761598186469 0.7812408208847046 23
1761598186748 0.7811097502708435 24
1761598187043 0.772564709186554 25
1761598187346 0.7588797211647034 26
1761598187672 0.7472337484359741 27
1761598187975 0.7519658207893372 28
1761598188283 0.7269733548164368 29
1761598188599 0.7449969053268433 30
1761598188992 0.7200137972831726 31
1761598189311 0.716991126537323 32
1761598189624 0.7157385945320129 33
1761598189917 0.6894166469573975 34
1761598190254 0.6912586688995361 35
1761598190531 0.6792885661125183 36
1761598190843 0.6731660962104797 37
1761598191181 0.6893954873085022 38
1761598191557 0.6776728630065918 39
1761598191863 0.6433930397033691 40
1761598192194 0.646129846572876 41
1761598192569 0.6333265900611877 42
1761598192976 0.653462827205658 43
1761598193334 0.6235218048095703 44
1761598193707 0.6134504079818726 45
1761598194049 0.6102277040481567 46
1761598194329 0.6015580892562866 47
1761598194643 0.5886062383651733 48
1761598195032 0.5718252062797546 49
1761598179779 0.9665780663490295 0
