1761591712073 0.48737600445747375 0
1761591712371 0.5139765739440918 1
1761591712633 0.5266005396842957 2
1761591712875 0.5356176495552063 3
1761591713129 0.5410279631614685 4
1761591713383 0.5405771136283875 5
1761591713624 0.5432822108268738 6
1761591713867 0.5527502298355103 7
1761591714120 0.5536519289016724 8
1761591714368 0.5495942234992981 9
1761591714614 0.5550045371055603 10
1761591714865 0.5779982209205627 11
1761591715107 0.5748422145843506 12
1761591715354 0.5766456127166748 13
1761591715601 0.5779982209205627 14
1761591715861 0.597385048866272 15
1761591716093 0.5910730361938477 16
1761591716368 0.5915238857269287 17
1761591716626 0.6055004596710205 18
1761591716889 0.6172227263450623 19
1761591717155 0.6100090146064758 20
1761591717384 0.6122633218765259 21
1761591717635 0.6221821308135986 22
1761591717889 0.6235347390174866 23
1761591718134 0.6316501498222351 24
1761591718367 0.6302975416183472 25
1761591718599 0.6343552470207214 26
1761591718850 0.6370604038238525 27
1761591719097 0.6384130120277405 28
1761591719351 0.6523895263671875 29
1761591719609 0.6505861282348633 30
1761591719847 0.6433724164962769 31
1761591720103 0.6492335200309753 32
1761591720383 0.662308394908905 33
1761591720649 0.6587015390396118 34
1761591720912 0.6609557867050171 35
1761591721159 0.6632100939750671 36
1761591721409 0.6672677993774414 37
1761591721647 0.6708746552467346 38
1761591721917 0.6717763543128967 39
1761591722177 0.6744815111160278 40
1761591722413 0.6690712571144104 41
1761591722651 0.6825969219207764 42
1761591722884 0.6767358183860779 43
1761591723155 0.691163182258606 44
1761591723395 0.6925157904624939 45
1761591723643 0.695220947265625 46
1761591723948 0.6857529282569885 47
1761591724204 0.6970243453979492 48
1761591724482 0.6992786526679993 49
1761591724719 0.7028855085372925 50
1761591724967 0.7060414552688599 51
1761591725222 0.7028855085372925 52
1761591725480 0.7055906057357788 53
1761591725729 0.7055906057357788 54
1761591725988 0.7055906057357788 55
1761591726236 0.708746612071991 56
1761591726469 0.7137060165405273 57
1761591726727 0.7137060165405273 58
1761591726978 0.7137060165405273 59
1761591727223 0.7132551670074463 60
1761591727472 0.7096483111381531 61
1761591727737 0.7281334400177002 62
1761591727988 0.7222723364830017 63
1761591728236 0.7150586247444153 64
1761591728477 0.7294860482215881 65
1761591728727 0.7303877472877502 66
1761591728981 0.7281334400177002 67
1761591729222 0.7357980012893677 68
1761591729468 0.7290351390838623 69
1761591729710 0.7290351390838623 70
1761591729954 0.7371506094932556 71
1761591730219 0.7439134120941162 72
1761591730469 0.7376014590263367 73
1761591730710 0.7366997003555298 74
1761591730955 0.742560863494873 75
1761591731202 0.7376014590263367 76
1761591731457 0.7398557066917419 77
1761591731710 0.7394048571586609 78
1761591731962 0.7493237257003784 79
1761591732194 0.7533814311027527 80
1761591732450 0.7470694184303284 81
1761591732691 0.7439134120941162 82
1761591732919 0.757439136505127 83
1761591733159 0.7569882869720459 84
1761591733403 0.755635678768158 85
1761591733645 0.7587916851043701 86
1761591733886 0.7605951428413391 87
1761591734123 0.7605951428413391 88
1761591734368 0.7475202679634094 89
1761591734627 0.7551848292350769 90
1761591734900 0.7524797320365906 91
1761591735149 0.7551848292350769 92
1761591735390 0.7642019987106323 93
1761591735636 0.7475202679634094 94
1761591735883 0.7642019987106323 95
1761591736137 0.7637511491775513 96
1761591736400 0.7587916851043701 97
1761591736639 0.7542831301689148 98
1761591736886 0.7741208076477051 99
1761591712073 0.48737600445747375 0
