1761591712073 1.0050289630889893 0
1761591712371 0.9785960912704468 1
1761591712633 0.9718125462532043 2
1761591712875 0.9608840942382812 3
1761591713129 0.9553440809249878 4
1761591713383 0.952463686466217 5
1761591713624 0.9460879564285278 6
1761591713867 0.9434060454368591 7
1761591714120 0.9378033876419067 8
1761591714368 0.9311118125915527 9
1761591714614 0.9291167855262756 10
1761591714865 0.9183165431022644 11
1761591715107 0.9138344526290894 12
1761591715354 0.9082807898521423 13
1761591715601 0.9050924181938171 14
1761591715861 0.8945213556289673 15
1761591716093 0.8885319232940674 16
1761591716368 0.8848119378089905 17
1761591716626 0.8781763315200806 18
1761591716889 0.8711583018302917 19
1761591717155 0.8725653886795044 20
1761591717384 0.863352358341217 21
1761591717635 0.8533673286437988 22
1761591717889 0.8550962805747986 23
1761591718134 0.8417824506759644 24
1761591718367 0.8397649526596069 25
1761591718599 0.8320057392120361 26
1761591718850 0.8306830525398254 27
1761591719097 0.8219950199127197 28
1761591719351 0.817505419254303 29
1761591719609 0.8170966506004333 30
1761591719847 0.8136119246482849 31
1761591720103 0.8030200600624084 32
1761591720383 0.7938899397850037 33
1761591720649 0.7953284382820129 34
1761591720912 0.783445417881012 35
1761591721159 0.7829331159591675 36
1761591721409 0.7802307605743408 37
1761591721647 0.7710172533988953 38
1761591721917 0.7641231417655945 39
1761591722177 0.7625505924224854 40
1761591722413 0.7600073218345642 41
1761591722651 0.7530069351196289 42
1761591722884 0.754895806312561 43
1761591723155 0.7407523989677429 44
1761591723395 0.7378407716751099 45
1761591723643 0.7417357563972473 46
1761591723948 0.7355844378471375 47
1761591724204 0.72523033618927 48
1761591724482 0.723422646522522 49
1761591724719 0.7193416357040405 50
1761591724967 0.7132729887962341 51
1761591725222 0.7119020223617554 52
1761591725480 0.7047455310821533 53
1761591725729 0.7045034170150757 54
1761591725988 0.700569212436676 55
1761591726236 0.7052983641624451 56
1761591726469 0.6975549459457397 57
1761591726727 0.6899598240852356 58
1761591726978 0.6847513914108276 59
1761591727223 0.6871758103370667 60
1761591727472 0.6825845241546631 61
1761591727737 0.6723328828811646 62
1761591727988 0.674903392791748 63
1761591728236 0.6811357736587524 64
1761591728477 0.6753938794136047 65
1761591728727 0.666778564453125 66
1761591728981 0.6596085429191589 67
1761591729222 0.6552093029022217 68
1761591729468 0.663200855255127 69
1761591729710 0.6607919335365295 70
1761591729954 0.6466744542121887 71
1761591730219 0.6434122323989868 72
1761591730469 0.6434401869773865 73
1761591730710 0.6346510052680969 74
1761591730955 0.641418993473053 75
1761591731202 0.6367520689964294 76
1761591731457 0.6336721777915955 77
1761591731710 0.6289771199226379 78
1761591731962 0.6283383369445801 79
1761591732194 0.6256529688835144 80
1761591732450 0.6242236495018005 81
1761591732691 0.6234597563743591 82
1761591732919 0.6164649128913879 83
1761591733159 0.6112401485443115 84
1761591733403 0.6092880964279175 85
1761591733645 0.6112504005432129 86
1761591733886 0.5994182825088501 87
1761591734123 0.5995558500289917 88
1761591734368 0.606785774230957 89
1761591734627 0.6003108024597168 90
1761591734900 0.6021275520324707 91
1761591735149 0.6009883284568787 92
1761591735390 0.5918579697608948 93
1761591735636 0.5926131010055542 94
1761591735883 0.5870067477226257 95
1761591736137 0.580978274345398 96
1761591736400 0.5831560492515564 97
1761591736639 0.5966022610664368 98
1761591736886 0.5731483101844788 99
1761591712073 1.0050289630889893 0
