1761499822376 0.5092384219169617 0
1761499822787 0.5610635280609131 1
1761499823178 0.5660207271575928 2
1761499823553 0.5727805495262146 3
1761499823954 0.5858494639396667 4
1761499824339 0.5899053812026978 5
1761499824721 0.5885534286499023 6
1761499825107 0.6038756370544434 7
1761499825488 0.6151419281959534 8
1761499825872 0.6187471747398376 9
1761499826261 0.6110860705375671 10
1761499826643 0.6241550445556641 11
1761499827028 0.6318161487579346 12
1761499827411 0.6426318287849426 13
1761499827794 0.6421811580657959 14
1761499828175 0.6354213356971741 15
1761499828560 0.6367733478546143 16
1761499828941 0.6241550445556641 17
1761499829327 0.6466876864433289 18
1761499829706 0.6552501320838928 19
1761499830088 0.6579540371894836 20
1761499830479 0.6692203879356384 21
1761499830863 0.6665164232254028 22
1761499831230 0.6511942148208618 23
1761499831612 0.6705723404884338 24
1761499831995 0.6773321032524109 25
1761499832381 0.6813880205154419 26
1761499832771 0.6885984539985657 27
1761499833153 0.6940063238143921 28
1761499833536 0.6940063238143921 29
1761499833921 0.6989635229110718 30
1761499834306 0.707525908946991 31
1761499834686 0.7052726745605469 32
1761499835068 0.7007660865783691 33
1761499835453 0.7169896364212036 34
1761499835846 0.7309598922729492 35
1761499836235 0.722848117351532 36
1761499836628 0.7223974466323853 37
1761499837009 0.7246507406234741 38
1761499837391 0.7341144680976868 39
1761499837775 0.7273546457290649 40
1761499838164 0.738170325756073 41
1761499838525 0.748986005783081 42
1761499838908 0.7435781955718994 43
1761499839286 0.7512392997741699 44
1761499839670 0.7561964988708496 45
1761499840051 0.7471834421157837 46
1761499840434 0.7652095556259155 47
1761499840822 0.7692654132843018 48
1761499841211 0.7589004039764404 49
1761499822376 0.5092384219169617 0
