1761527463833 0.5367282629013062 0
1761527464522 0.5457413196563721 1
1761527465192 0.5583596229553223 2
1761527465678 0.5570076704025269 3
1761527466191 0.565570056438446 4
1761527466671 0.5416854619979858 5
1761527467138 0.5601622462272644 6
1761527467679 0.5606129169464111 7
1761527468139 0.5511491894721985 8
1761527468610 0.565570056438446 9
1761527469099 0.565570056438446 10
1761527469549 0.565570056438446 11
1761527470138 0.5642181038856506 12
1761527470601 0.558810293674469 13
1761527471059 0.565570056438446 14
1761527471507 0.5556557178497314 15
1761527471979 0.5475439429283142 16
1761527472442 0.5624154806137085 17
1761527473084 0.57413250207901 18
1761527473549 0.558810293674469 19
1761527474069 0.5673726797103882 20
1761527474699 0.5678233504295349 21
1761527475150 0.5705272555351257 22
1761527475611 0.5624154806137085 23
1761527476215 0.5637674331665039 24
1761527476737 0.565570056438446 25
1761527477414 0.569625973701477 26
1761527478004 0.5619648694992065 27
1761527478564 0.5714285969734192 28
1761527479060 0.5768364071846008 29
1761527479637 0.5709779262542725 30
1761527480122 0.5682740211486816 31
1761527480801 0.5673726797103882 32
1761527481613 0.5754844546318054 33
1761527482481 0.5732311606407166 34
1761527483057 0.5673726797103882 35
1761527483607 0.569625973701477 36
1761527484228 0.5745831727981567 37
1761527485178 0.5687246322631836 38
1761527486237 0.5745831727981567 39
1761527487083 0.5727805495262146 40
1761527487876 0.5844975113868713 41
1761527488636 0.5745831727981567 42
1761527489228 0.578639030456543 43
1761527490079 0.5808922648429871 44
1761527491480 0.5709779262542725 45
1761527492523 0.5781883597373962 46
1761527493568 0.5799909830093384 47
1761527494496 0.5822442770004272 48
1761527496300 0.5732311606407166 49
1761527463833 0.5367282629013062 0
