1761527463833 0.8181593418121338 0
1761527464522 0.8087751269340515 1
1761527465192 0.8069109320640564 2
1761527465678 0.8050808310508728 3
1761527466191 0.8033632040023804 4
1761527466671 0.806119441986084 5
1761527467138 0.8049261569976807 6
1761527467679 0.8044108152389526 7
1761527468139 0.8042362928390503 8
1761527468610 0.8035749793052673 9
1761527469099 0.8027274012565613 10
1761527469549 0.8039182424545288 11
1761527470138 0.8054171204566956 12
1761527470601 0.8019252419471741 13
1761527471059 0.8030292987823486 14
1761527471507 0.8012534976005554 15
1761527471979 0.8041296601295471 16
1761527472442 0.799908459186554 17
1761527473084 0.801082968711853 18
1761527473549 0.7995746731758118 19
1761527474069 0.8002190589904785 20
1761527474699 0.7974745631217957 21
1761527475150 0.7982324957847595 22
1761527475611 0.797822117805481 23
1761527476215 0.7953086495399475 24
1761527476737 0.7974315881729126 25
1761527477414 0.794655442237854 26
1761527478004 0.7982211709022522 27
1761527478564 0.7927625179290771 28
1761527479060 0.793187141418457 29
1761527479637 0.7930744290351868 30
1761527480122 0.7923970222473145 31
1761527480801 0.7937877774238586 32
1761527481613 0.7913201451301575 33
1761527482481 0.7943958640098572 34
1761527483057 0.7906060218811035 35
1761527483607 0.7905948758125305 36
1761527484228 0.7920525670051575 37
1761527485178 0.791352391242981 38
1761527486237 0.79031902551651 39
1761527487083 0.7883015871047974 40
1761527487876 0.789000391960144 41
1761527488636 0.7857226133346558 42
1761527489228 0.7891185879707336 43
1761527490079 0.7843137979507446 44
1761527491480 0.7879403233528137 45
1761527492523 0.7844256162643433 46
1761527493568 0.7816323637962341 47
1761527494496 0.7827225923538208 48
1761527496300 0.7865367531776428 49
1761527463833 0.8181593418121338 0
