1761597589907 0.5166816711425781 0
1761597590993 0.5252479910850525 1
1761597592007 0.5261496901512146 2
1761597593152 0.5275022387504578 3
1761597594725 0.533363401889801 4
1761597595910 0.5234445333480835 5
1761597597080 0.5347159504890442 6
1761597598164 0.5396753549575806 7
1761597599096 0.5387736558914185 8
1761597600021 0.531109094619751 9
1761597600971 0.533363401889801 10
1761597601891 0.5419296622276306 11
1761597602819 0.5500450730323792 12
1761597603759 0.5671776533126831 13
1761597604711 0.5541027784347534 14
1761597605604 0.5712353587150574 15
1761597606494 0.5680793523788452 16
1761597607415 0.5734896063804626 17
1761597608309 0.5811541676521301 18
1761597609225 0.5811541676521301 19
1761597610242 0.5915238857269287 20
1761597611217 0.5906221866607666 21
1761597612135 0.5883678793907166 22
1761597613129 0.5928764939308167 23
1761597614183 0.6091073155403137 24
1761597615157 0.6163210272789001 25
1761597616160 0.6154192686080933 26
1761597617255 0.6217312812805176 27
1761597618358 0.6275924444198608 28
1761597619407 0.6397655606269836 29
1761597620435 0.6384130120277405 30
1761597621473 0.6411181092262268 31
1761597622468 0.6487826704978943 32
1761597623451 0.6388638615608215 33
1761597624416 0.6541929841041565 34
1761597625388 0.6523895263671875 35
1761597626361 0.6659152507781982 36
1761597627334 0.6839495301246643 37
1761597628308 0.6650135517120361 38
1761597629337 0.678088366985321 39
1761597630357 0.6767358183860779 40
1761597631478 0.695220947265625 41
1761597632462 0.6907123327255249 42
1761597633444 0.6938683390617371 43
1761597634374 0.7033363580703735 44
1761597635431 0.7078449130058289 45
1761597636583 0.7100991606712341 46
1761597637654 0.7168620228767395 47
1761597638687 0.7254283428192139 48
1761597639697 0.7177637219429016 49
1761597589907 0.5166816711425781 0
