1761597589907 1.0079379081726074 0
1761597590993 0.9996227622032166 1
1761597592007 0.9967226982116699 2
1761597593152 0.990071713924408 3
1761597594725 0.9802908897399902 4
1761597595910 0.9827275276184082 5
1761597597080 0.9769474267959595 6
1761597598164 0.9646542072296143 7
1761597599096 0.9625336527824402 8
1761597600021 0.9657405018806458 9
1761597600971 0.9572184681892395 10
1761597601891 0.9528821706771851 11
1761597602819 0.9431698322296143 12
1761597603759 0.9308733940124512 13
1761597604711 0.9391210079193115 14
1761597605604 0.9261573553085327 15
1761597606494 0.9164547324180603 16
1761597607415 0.9193457961082458 17
1761597608309 0.9040682315826416 18
1761597609225 0.9028096795082092 19
1761597610242 0.8992058634757996 20
1761597611217 0.8813133239746094 21
1761597612135 0.8964091539382935 22
1761597613129 0.8738665580749512 23
1761597614183 0.8521077632904053 24
1761597615157 0.8479007482528687 25
1761597616160 0.8421584367752075 26
1761597617255 0.8437179327011108 27
1761597618358 0.8180365562438965 28
1761597619407 0.8096219897270203 29
1761597620435 0.811082661151886 30
1761597621473 0.7967920899391174 31
1761597622468 0.7959575057029724 32
1761597623451 0.7834163308143616 33
1761597624416 0.7718716263771057 34
1761597625388 0.7634779810905457 35
1761597626361 0.7517144680023193 36
1761597627334 0.7224149107933044 37
1761597628308 0.7251952290534973 38
1761597629337 0.7128777503967285 39
1761597630357 0.7246981263160706 40
1761597631478 0.706347644329071 41
1761597632462 0.6795573234558105 42
1761597633444 0.6735870838165283 43
1761597634374 0.6650696992874146 44
1761597635431 0.6545751690864563 45
1761597636583 0.6339557766914368 46
1761597637654 0.6304049491882324 47
1761597638687 0.6221180558204651 48
1761597639697 0.6174705624580383 49
1761597589907 1.0079379081726074 0
