1761609545990 0.4810640215873718 0
1761609546409 0.4990983009338379 1
1761609546832 0.5184851288795471 2
1761609547206 0.5414788126945496 3
1761609547616 0.5455365180969238 4
1761609547995 0.5581604838371277 5
1761609548372 0.5653741955757141 6
1761609548755 0.5825067758560181 7
1761609549130 0.5892696380615234 8
1761609549513 0.6005410552024841 9
1761609549896 0.613165020942688 10
1761609550278 0.6217312812805176 11
1761609550651 0.6357078552246094 12
1761609551040 0.6492335200309753 13
1761609551421 0.6492335200309753 14
1761609551797 0.6487826704978943 15
1761609552191 0.6650135517120361 16
1761609552552 0.6564472317695618 17
1761609552903 0.6735798120498657 18
1761609553261 0.6889089345932007 19
1761609553643 0.6866546273231506 20
1761609554019 0.7055906057357788 21
1761609554410 0.7137060165405273 22
1761609554803 0.7168620228767395 23
1761609555176 0.7213705778121948 24
1761609555552 0.7353471517562866 25
1761609555935 0.7448151707649231 26
1761609556321 0.7357980012893677 27
1761609556707 0.7569882869720459 28
1761609557074 0.7493237257003784 29
1761609557435 0.7502254247665405 30
1761609557817 0.7538322806358337 31
1761609558186 0.7655545473098755 32
1761609558576 0.773219108581543 33
1761609558947 0.7660053968429565 34
1761609559348 0.775473415851593 35
1761609559746 0.7849413752555847 36
1761609560125 0.7817853689193726 37
1761609560510 0.791253387928009 38
1761609560905 0.7953110933303833 39
1761609561282 0.7966636419296265 40
1761609561637 0.7944093942642212 41
1761609562019 0.8079350590705872 42
1761609562394 0.808836817741394 43
1761609562764 0.8146979212760925 44
1761609563134 0.8052299618721008 45
1761609563515 0.8128945231437683 46
1761609563904 0.8228133320808411 47
1761609564281 0.8187556266784668 48
1761609564650 0.82236248254776 49
1761609545990 0.4810640215873718 0
