1761463403463 0.5646687746047974 0
1761463403731 0.5669220089912415 1
1761463404006 0.5669220089912415 2
1761463404230 0.5669220089912415 3
1761463404467 0.5664713978767395 4
1761463404682 0.5664713978767395 5
1761463404913 0.5669220089912415 6
1761463405145 0.5669220089912415 7
1761463405420 0.5660207271575928 8
1761463405667 0.5669220089912415 9
1761463405896 0.5669220089912415 10
1761463406117 0.5664713978767395 11
1761463406429 0.5660207271575928 12
1761463406640 0.5664713978767395 13
1761463406920 0.5669220089912415 14
1761463407154 0.563316822052002 15
1761463407398 0.5651194453239441 16
1761463407704 0.5660207271575928 17
1761463407978 0.5673726797103882 18
1761463408322 0.5646687746047974 19
1761463408623 0.5678233504295349 20
1761463408869 0.5637674331665039 21
1761463409095 0.563316822052002 22
1761463409319 0.5673726797103882 23
1761463409583 0.5646687746047974 24
1761463409833 0.5660207271575928 25
1761463410074 0.5637674331665039 26
1761463410320 0.5642181038856506 27
1761463410549 0.5642181038856506 28
1761463410766 0.5637674331665039 29
1761463411012 0.5642181038856506 30
1761463411299 0.5651194453239441 31
1761463411621 0.565570056438446 32
1761463411888 0.565570056438446 33
1761463412115 0.5565569996833801 34
1761463412349 0.5682740211486816 35
1761463412601 0.5628661513328552 36
1761463412896 0.5651194453239441 37
1761463413199 0.5673726797103882 38
1761463413456 0.5660207271575928 39
1761463413691 0.5651194453239441 40
1761463413934 0.5624154806137085 41
1761463414283 0.5624154806137085 42
1761463414596 0.5682740211486816 43
1761463414883 0.5619648694992065 44
1761463415102 0.5637674331665039 45
1761463415332 0.563316822052002 46
1761463415554 0.5646687746047974 47
1761463415775 0.5637674331665039 48
1761463415996 0.563316822052002 49
1761463403463 0.5646687746047974 0
