1761467873718 0.5145413875579834 0
1761467874925 0.5458613038063049 1
1761467875895 0.5704697966575623 2
1761467876668 0.572706937789917 3
1761467877622 0.5682326555252075 4
1761467878668 0.5771812200546265 5
1761467880229 0.5876211524009705 6
1761467881525 0.5771812200546265 7
1761467882259 0.591349720954895 8
1761467883011 0.6107382774353027 9
1761467883934 0.6383296251296997 10
1761467884763 0.6338553428649902 11
1761467886194 0.6263982057571411 12
1761467887521 0.6420581936836243 13
1761467888337 0.6338553428649902 14
1761467889190 0.627143919467926 15
1761467890341 0.6524981260299683 16
1761467891766 0.673378050327301 17
1761467893213 0.662938117980957 18
1761467894149 0.6763609051704407 19
1761467894862 0.6830723285675049 20
1761467895642 0.6815809011459351 21
1761467896495 0.7121551036834717 22
1761467897953 0.7002236843109131 23
1761467899491 0.6882923245429993 24
1761467900265 0.7129008173942566 25
1761467901043 0.7054436802864075 26
1761467901831 0.7196122407913208 27
1761467902787 0.7203579545021057 28
1761467904338 0.7337807416915894 29
1761467905642 0.7300521731376648 30
1761467906352 0.7397464513778687 31
1761467907136 0.7576435208320618 32
1761467908519 0.7531692981719971 33
1761467909991 0.7554064393043518 34
1761467911231 0.7658463716506958 35
1761467912163 0.7688292264938354 36
1761467913253 0.7747949361801147 37
1761467914243 0.7733035087585449 38
1761467915095 0.7718120813369751 39
1761467916640 0.7986577153205872 40
1761467917846 0.7829977869987488 41
1761467918691 0.8016405701637268 42
1761467919527 0.8068605661392212 43
1761467920526 0.8143176436424255 44
1761467922045 0.8314690589904785 45
1761467923487 0.8143176436424255 46
1761467924396 0.8434004187583923 47
1761467925142 0.8426547646522522 48
1761467925949 0.8366890549659729 49
1761467873718 0.5145413875579834 0
