1761467873718 1.0079654455184937 0
1761467874925 0.9683670401573181 1
1761467875895 0.9584720730781555 2
1761467876668 0.9448124766349792 3
1761467877622 0.9246107935905457 4
1761467878668 0.9194769263267517 5
1761467880229 0.9032023549079895 6
1761467881525 0.9028335809707642 7
1761467882259 0.8930890560150146 8
1761467883011 0.8741603493690491 9
1761467883934 0.8386427164077759 10
1761467884763 0.8363834619522095 11
1761467886194 0.8523834943771362 12
1761467887521 0.8143975138664246 13
1761467888337 0.8125693798065186 14
1761467889190 0.8194687366485596 15
1761467890341 0.783298909664154 16
1761467891766 0.753665566444397 17
1761467893213 0.7772795557975769 18
1761467894149 0.7469090819358826 19
1761467894862 0.7254648804664612 20
1761467895642 0.7250303626060486 21
1761467896495 0.698670506477356 22
1761467897953 0.6943441033363342 23
1761467899491 0.7015281319618225 24
1761467900265 0.6796509623527527 25
1761467901043 0.6748580932617188 26
1761467901831 0.655343234539032 27
1761467902787 0.6326085329055786 28
1761467904338 0.6412793397903442 29
1761467905642 0.6358123421669006 30
1761467906352 0.6065526604652405 31
1761467907136 0.5762222409248352 32
1761467908519 0.5860640406608582 33
1761467909991 0.5778326392173767 34
1761467911231 0.5515332818031311 35
1761467912163 0.547328531742096 36
1761467913253 0.524919331073761 37
1761467914243 0.517449140548706 38
1761467915095 0.5221779942512512 39
1761467916640 0.47970327734947205 40
1761467917846 0.5034799575805664 41
1761467918691 0.4675772786140442 42
1761467919527 0.45316585898399353 43
1761467920526 0.42815589904785156 44
1761467922045 0.43051573634147644 45
1761467923487 0.44027411937713623 46
1761467924396 0.4042692482471466 47
1761467925142 0.3843347430229187 48
1761467925949 0.38146188855171204 49
1761467873718 1.0079654455184937 0
