1761523014573 0.5389814972877502 0
1761523015786 0.5430374145507812 1
1761523016918 0.5565569996833801 2
1761523017941 0.5723298788070679 3
1761523018860 0.5885534286499023 4
1761523019927 0.5962145328521729 5
1761523020948 0.6124380230903625 6
1761523021933 0.629112184047699 7
1761523023064 0.6327174305915833 8
1761523024116 0.6358720064163208 9
1761523024890 0.6493915915489197 10
1761523025999 0.6575033664703369 11
1761523026920 0.6696709990501404 12
1761523027850 0.6656151413917542 13
1761523028769 0.6881478428840637 14
1761523029646 0.7012167572975159 15
1761523030561 0.6994141340255737 16
1761523031435 0.7147363424301147 17
1761523032469 0.7070752382278442 18
1761523033383 0.7309598922729492 19
1761523034299 0.742226243019104 20
1761523035146 0.7345651388168335 21
1761523036056 0.7287065982818604 22
1761523036964 0.7363677620887756 23
1761523037677 0.7512392997741699 24
1761523038536 0.7566471099853516 25
1761523039449 0.7589004039764404 26
1761523040386 0.7638576030731201 27
1761523041369 0.7598016858100891 28
1761523042269 0.7769265174865723 29
1761523042996 0.7841370105743408 30
1761523043968 0.7823343873023987 31
1761523045158 0.7854889631271362 32
1761523046296 0.7872915863990784 33
1761523047419 0.7936007380485535 34
1761523048573 0.7985579371452332 35
1761523049564 0.7854889631271362 36
1761523050582 0.7999098896980286 37
1761523051750 0.8107255697250366 38
1761523052921 0.8048670291900635 39
1761523053946 0.79269939661026 40
1761523055018 0.8098242282867432 41
1761523055829 0.8156827688217163 42
1761523056725 0.8197386264801025 43
1761523057898 0.8228932023048401 44
1761523059011 0.8102748990058899 45
1761523060322 0.8161333799362183 46
1761523061377 0.8219918608665466 47
1761523061896 0.8197386264801025 48
1761523062390 0.8314555883407593 49
1761523014573 0.5389814972877502 0
