1761524507112 1.048352837562561 0
1761524508726 1.0238527059555054 1
1761524510198 1.0100234746932983 2
1761524511758 0.9915450811386108 3
1761524513191 0.9925400018692017 4
1761524514931 0.9764062762260437 5
1761524516604 0.9570320248603821 6
1761524518746 0.9492053389549255 7
1761524520331 0.9266911149024963 8
1761524521691 0.9126755595207214 9
1761524523115 0.902727484703064 10
1761524524652 0.8795228600502014 11
1761524526819 0.8577683568000793 12
1761524528318 0.866657018661499 13
1761524530233 0.8218278884887695 14
1761524531722 0.8161450624465942 15
1761524533189 0.7804751396179199 16
1761524534398 0.7503501772880554 17
1761524535817 0.7609393000602722 18
1761524537229 0.7323992848396301 19
1761524538619 0.7008001804351807 20
1761524540178 0.6975024938583374 21
1761524541844 0.6645531058311462 22
1761524543311 0.6499603986740112 23
1761524545186 0.643360435962677 24
1761524546873 0.6328198909759521 25
1761524548499 0.5942635536193848 26
1761524549755 0.6016673445701599 27
1761524551469 0.5727437734603882 28
1761524553390 0.5621071457862854 29
1761524554852 0.55657559633255 30
1761524556122 0.535506010055542 31
1761524557522 0.5115983486175537 32
1761524559607 0.5022356510162354 33
1761524561482 0.4786616861820221 34
1761524563468 0.46474897861480713 35
1761524564917 0.4638979434967041 36
1761524566434 0.4650355279445648 37
1761524568067 0.43453651666641235 38
1761524569341 0.4221900701522827 39
1761524570945 0.41428980231285095 40
1761524572500 0.39794835448265076 41
1761524574195 0.3826602101325989 42
1761524576858 0.36083853244781494 43
1761524578531 0.3533490002155304 44
1761524581021 0.3651100695133209 45
1761524582669 0.3591112494468689 46
1761524584223 0.3334371745586395 47
1761524585668 0.3206888437271118 48
1761524587323 0.3211553990840912 49
1761524507112 1.048352837562561 0
