1761521419755 0.5331230163574219 0
1761521420937 0.5750337839126587 1
1761521421958 0.5817936062812805 2
1761521422793 0.5899053812026978 3
1761521423422 0.5953131914138794 4
1761521424223 0.6164939403533936 5
1761521424885 0.613339364528656 6
1761521425565 0.6151419281959534 7
1761521426483 0.6345200538635254 8
1761521427118 0.6363226771354675 9
1761521427652 0.6475890278816223 10
1761521428431 0.6493915915489197 11
1761521429121 0.6557007431983948 12
1761521429770 0.6611086130142212 13
1761521430488 0.6534475088119507 14
1761521431073 0.6669670939445496 15
1761521431718 0.6701216697692871 16
1761521432354 0.6845425963401794 17
1761521432927 0.6755295395851135 18
1761521433427 0.6858945488929749 19
1761521434084 0.6894997954368591 20
1761521434849 0.6926543712615967 21
1761521435460 0.6913023591041565 22
1761521436101 0.7057232856750488 23
1761521436815 0.7070752382278442 24
1761521437433 0.7061739563941956 25
1761521438098 0.7097792029380798 26
1761521438738 0.7151870131492615 27
1761521439477 0.7142857313156128 28
1761521440199 0.7210454940795898 29
1761521440859 0.7305092215538025 30
1761521441472 0.73366379737854 31
1761521442151 0.7309598922729492 32
1761521442771 0.7327625155448914 33
1761521443196 0.7390716671943665 34
1761521443894 0.7395222783088684 35
1761521444742 0.7480847239494324 36
1761521445669 0.7503380179405212 37
1761521446305 0.7516899704933167 38
1761521447257 0.7485353946685791 39
1761521448135 0.7548445463180542 40
1761521448746 0.7638576030731201 41
1761521449464 0.762054979801178 42
1761521450103 0.7530419230461121 43
1761521450714 0.7607030272483826 44
1761521451544 0.7647588849067688 45
1761521452219 0.7665615081787109 46
1761521452944 0.7688148021697998 47
1761521453589 0.7643082737922668 48
1761521454242 0.7719693779945374 49
1761521419755 0.5331230163574219 0
