1761521419755 0.8797054886817932 0
1761521420937 0.835175633430481 1
1761521421958 0.8206998705863953 2
1761521422793 0.8110716342926025 3
1761521423422 0.8030455708503723 4
1761521424223 0.7979111671447754 5
1761521424885 0.7907903790473938 6
1761521425565 0.7871276140213013 7
1761521426483 0.7752888202667236 8
1761521427118 0.7696516513824463 9
1761521427652 0.7659035325050354 10
1761521428431 0.7548877000808716 11
1761521429121 0.7534752488136292 12
1761521429770 0.7497259378433228 13
1761521430488 0.745138943195343 14
1761521431073 0.7300459146499634 15
1761521431718 0.7279140949249268 16
1761521432354 0.7230803966522217 17
1761521432927 0.7191798090934753 18
1761521433427 0.7152702808380127 19
1761521434084 0.7093676924705505 20
1761521434849 0.7002260088920593 21
1761521435460 0.7011807560920715 22
1761521436101 0.6936859488487244 23
1761521436815 0.6799610257148743 24
1761521437433 0.675958514213562 25
1761521438098 0.6832506656646729 26
1761521438738 0.6701105237007141 27
1761521439477 0.6592978239059448 28
1761521440199 0.6588115692138672 29
1761521440859 0.6487647294998169 30
1761521441472 0.6441296935081482 31
1761521442151 0.6396996974945068 32
1761521442771 0.6390990614891052 33
1761521443196 0.6306151747703552 34
1761521443894 0.6292929649353027 35
1761521444742 0.6165549159049988 36
1761521445669 0.6184070706367493 37
1761521446305 0.615111231803894 38
1761521447257 0.609630823135376 39
1761521448135 0.6009482145309448 40
1761521448746 0.5977861881256104 41
1761521449464 0.5941810607910156 42
1761521450103 0.5955054759979248 43
1761521450714 0.5945633053779602 44
1761521451544 0.5833224058151245 45
1761521452219 0.582718014717102 46
1761521452944 0.5790247917175293 47
1761521453589 0.5831575989723206 48
1761521454242 0.5752582550048828 49
1761521419755 0.8797054886817932 0
