1761463256580 0.554754376411438 0
1761463257141 0.5660207271575928 1
1761463257703 0.5664713978767395 2
1761463258204 0.5619648694992065 3
1761463258732 0.5687246322631836 4
1761463259274 0.5678233504295349 5
1761463259813 0.57413250207901 6
1761463260354 0.5754844546318054 7
1761463260888 0.5844975113868713 8
1761463261394 0.5872014164924622 9
1761463261932 0.5903559923171997 10
1761463262445 0.5917080044746399 11
1761463262970 0.5944119095802307 12
1761463263487 0.5980170965194702 13
1761463264022 0.5908066630363464 14
1761463264526 0.6070302128791809 15
1761463265041 0.6065795421600342 16
1761463265558 0.6115367412567139 17
1761463266067 0.6110860705375671 18
1761463266571 0.6205497980117798 19
1761463267092 0.6268589496612549 20
1761463267605 0.628661572933197 21
1761463268116 0.6210004687309265 22
1761463268639 0.6277602314949036 23
1761463269144 0.6399279236793518 24
1761463269675 0.6282109022140503 25
1761463270192 0.6349707245826721 26
1761463270725 0.6381253004074097 27
1761463271225 0.6385759115219116 28
1761463271745 0.6471383571624756 29
1761463272242 0.6633618474006653 30
1761463272768 0.6575033664703369 31
1761463273282 0.6615592837333679 32
1761463273871 0.6588553190231323 33
1761463274374 0.6651644706726074 34
1761463274920 0.6786841154098511 35
1761463275434 0.6728255748748779 36
1761463275974 0.6777827739715576 37
1761463276490 0.6881478428840637 38
1761463277027 0.6890491247177124 39
1761463277542 0.6795853972434998 40
1761463278062 0.6849932670593262 41
1761463278577 0.703019380569458 42
1761463279093 0.7088778614997864 43
1761463279627 0.7138350605964661 44
1761463280170 0.7007660865783691 45
1761463280701 0.7251014113426208 46
1761463281200 0.7138350605964661 47
1761463281732 0.7264533638954163 48
1761463282253 0.7246507406234741 49
1761463256580 0.554754376411438 0
