1761463256580 0.9864370226860046 0
1761463257141 0.9557145237922668 1
1761463257703 0.944786012172699 2
1761463258204 0.9314525127410889 3
1761463258732 0.9342477321624756 4
1761463259274 0.9243910908699036 5
1761463259813 0.9216281175613403 6
1761463260354 0.9072046875953674 7
1761463260888 0.9047648310661316 8
1761463261394 0.8932382464408875 9
1761463261932 0.8930752873420715 10
1761463262445 0.880953848361969 11
1761463262970 0.8792929649353027 12
1761463263487 0.8739890456199646 13
1761463264022 0.8739609718322754 14
1761463264526 0.8676385879516602 15
1761463265041 0.8538272380828857 16
1761463265558 0.8621001839637756 17
1761463266067 0.8567363619804382 18
1761463266571 0.8344892859458923 19
1761463267092 0.847202479839325 20
1761463267605 0.8227656483650208 21
1761463268116 0.8251107335090637 22
1761463268639 0.8158801198005676 23
1761463269144 0.8069983720779419 24
1761463269675 0.8092448711395264 25
1761463270192 0.806488573551178 26
1761463270725 0.7898546457290649 27
1761463271225 0.7938178777694702 28
1761463271745 0.777755081653595 29
1761463272242 0.7605554461479187 30
1761463272768 0.7606738805770874 31
1761463273282 0.7507171034812927 32
1761463273871 0.7522059679031372 33
1761463274374 0.7449246048927307 34
1761463274920 0.7301754951477051 35
1761463275434 0.7185950875282288 36
1761463275974 0.7179843187332153 37
1761463276490 0.71331787109375 38
1761463277027 0.6910338401794434 39
1761463277542 0.7007789611816406 40
1761463278062 0.6992695927619934 41
1761463278577 0.6733828186988831 42
1761463279093 0.6595491170883179 43
1761463279627 0.6509435772895813 44
1761463280170 0.66621994972229 45
1761463280701 0.6483338475227356 46
1761463281200 0.6396209597587585 47
1761463281732 0.6281267404556274 48
1761463282253 0.6421387195587158 49
1761463256580 0.9864370226860046 0
