1761605459717 0.4129846692085266 0
1761605460658 0.43237149715423584 1
1761605461538 0.43507665395736694 2
1761605462425 0.4625788927078247 3
1761605463297 0.48286744952201843 4
1761605464169 0.4923354387283325 5
1761605465053 0.5090171098709106 6
1761605465910 0.5410279631614685 7
1761605466763 0.5347159504890442 8
1761605467631 0.5536519289016724 9
1761605468509 0.5604147911071777 10
1761605469380 0.5626690983772278 11
1761605470257 0.5784490704536438 12
1761605471141 0.6154192686080933 13
1761605472029 0.5991884469985962 14
1761605472919 0.6352570056915283 15
1761605473806 0.6492335200309753 16
1761605474710 0.6708746552467346 17
1761605475593 0.6550946831703186 18
1761605476488 0.6830477714538574 19
1761605477414 0.6839495301246643 20
1761605478292 0.6970243453979492 21
1761605479156 0.6965734958648682 22
1761605480017 0.7141569256782532 23
1761605480869 0.7227231860160828 24
1761605481727 0.7330929040908813 25
1761605482590 0.7303877472877502 26
1761605483466 0.7448151707649231 27
1761605484339 0.7348963022232056 28
1761605485213 0.7664562463760376 29
1761605486078 0.7619476914405823 30
1761605486939 0.7763751149177551 31
1761605487804 0.7840396761894226 32
1761605488686 0.7867448329925537 33
1761605489560 0.8002704977989197 34
1761605490427 0.8074842095375061 35
1761605491354 0.8106402158737183 36
1761605492288 0.8178539276123047 37
1761605493243 0.7989179491996765 38
1761605494154 0.8340847492218018 39
1761605495065 0.8327322006225586 40
1761605495955 0.824165940284729 41
1761605496846 0.8097385168075562 42
1761605497748 0.8471596240997314 43
1761605498724 0.8349864482879639 44
1761605499646 0.8494138717651367 45
1761605500688 0.8485121726989746 46
1761605501714 0.8575292825698853 47
1761605502741 0.8548241853713989 48
1761605503771 0.8633904457092285 49
1761605459717 0.4129846692085266 0
