1761605459717 1.0829782485961914 0
1761605460658 1.061396598815918 1
1761605461538 1.0540720224380493 2
1761605462425 1.0284448862075806 3
1761605463297 1.0173333883285522 4
1761605464169 1.0006260871887207 5
1761605465053 0.9920777678489685 6
1761605465910 0.9625186920166016 7
1761605466763 0.9515420198440552 8
1761605467631 0.9246983528137207 9
1761605468509 0.9097967147827148 10
1761605469380 0.9090604186058044 11
1761605470257 0.885413408279419 12
1761605471141 0.8415639400482178 13
1761605472029 0.8386017680168152 14
1761605472919 0.806370198726654 15
1761605473806 0.7793635725975037 16
1761605474710 0.7462420463562012 17
1761605475593 0.7575998306274414 18
1761605476488 0.7132081985473633 19
1761605477414 0.7165666222572327 20
1761605478292 0.6961190700531006 21
1761605479156 0.6703655123710632 22
1761605480017 0.6352132558822632 23
1761605480869 0.6270726919174194 24
1761605481727 0.5951411724090576 25
1761605482590 0.5904793739318848 26
1761605483466 0.5721595883369446 27
1761605484339 0.5851892232894897 28
1761605485213 0.525151252746582 29
1761605486078 0.5406894087791443 30
1761605486939 0.5199206471443176 31
1761605487804 0.4961107075214386 32
1761605488686 0.4888908863067627 33
1761605489560 0.4516368508338928 34
1761605490427 0.43534213304519653 35
1761605491354 0.45751479268074036 36
1761605492288 0.4113917052745819 37
1761605493243 0.45935773849487305 38
1761605494154 0.3882089853286743 39
1761605495065 0.3821735084056854 40
1761605495955 0.39019984006881714 41
1761605496846 0.41997697949409485 42
1761605497748 0.3452480435371399 43
1761605498724 0.3717588782310486 44
1761605499646 0.3433145582675934 45
1761605500688 0.3476127088069916 46
1761605501714 0.34058064222335815 47
1761605502741 0.3259488642215729 48
1761605503771 0.30922606587409973 49
1761605459717 1.0829782485961914 0
