1761527360312 0.5353763103485107 0
1761527362502 0.5538530945777893 1
1761527364454 0.5750337839126587 2
1761527366338 0.565570056438446 3
1761527368261 0.5858494639396667 4
1761527370209 0.5935105681419373 5
1761527371896 0.6056782603263855 6
1761527373588 0.6106353998184204 7
1761527375280 0.6421811580657959 8
1761527376945 0.6349707245826721 9
1761527378757 0.6588553190231323 10
1761527380920 0.6507436037063599 11
1761527383116 0.679134726524353 12
1761527385165 0.6642631888389587 13
1761527387041 0.6768814921379089 14
1761527388905 0.6894997954368591 15
1761527390850 0.6953582763671875 16
1761527392388 0.6958089470863342 17
1761527393784 0.7048220038414001 18
1761527395375 0.7151870131492615 19
1761527397099 0.7187922596931458 20
1761527398925 0.7246507406234741 21
1761527400460 0.7264533638954163 22
1761527402885 0.7359170913696289 23
1761527404935 0.7359170913696289 24
1761527406795 0.7435781955718994 25
1761527409309 0.742676854133606 26
1761527411126 0.7440288662910461 27
1761527413043 0.7557458281517029 28
1761527414965 0.7782785296440125 29
1761527416615 0.7764759063720703 30
1761527417899 0.7872915863990784 31
1761527419072 0.78143310546875 32
1761527420159 0.797205924987793 33
1761527421219 0.8017124533653259 34
1761527422355 0.8044164180755615 35
1761527423464 0.8062190413475037 36
1761527424575 0.8233438730239868 37
1761527425799 0.8233438730239868 38
1761527427121 0.8228932023048401 39
1761527428311 0.8246958255767822 40
1761527429645 0.8431726098060608 41
1761527431045 0.8332582116127014 42
1761527432396 0.8418206572532654 43
1761527433658 0.8485804200172424 44
1761527434928 0.8553402423858643 45
1761527436165 0.8611987233161926 46
1761527437446 0.851284384727478 47
1761527438727 0.8553402423858643 48
1761527439946 0.8643532991409302 49
1761527360312 0.5353763103485107 0
