1761588835362 0.451307475566864 0
1761588835868 0.4458971917629242 1
1761588836258 0.451307475566864 2
1761588836592 0.4467989206314087 3
1761588837000 0.44905319809913635 4
1761588837265 0.4467989206314087 5
1761588837791 0.44905319809913635 6
1761588838490 0.44544634222984314 7
1761588839105 0.44905319809913635 8
1761588839614 0.4458971917629242 9
1761588840056 0.45085662603378296 10
1761588840857 0.44229036569595337 11
1761588841358 0.43778178095817566 12
1761588842069 0.4477006196975708 13
1761588843400 0.4400360584259033 14
1761588844045 0.44229036569595337 15
1761588844556 0.4504057765007019 16
1761588844941 0.435527503490448 17
1761588845533 0.4427412152290344 18
1761588846007 0.4531109035015106 19
1761588846373 0.4458971917629242 20
1761588846789 0.4458971917629242 21
1761588847130 0.4486023485660553 22
1761588847410 0.44229036569595337 23
1761588847976 0.44454464316368103 24
1761588848461 0.44905319809913635 25
1761588848877 0.44815149903297424 26
1761588849230 0.4540126323699951 27
1761588849562 0.4522092044353485 28
1761588849899 0.44634807109832764 29
1761588850217 0.45446348190307617 30
1761588850529 0.46212804317474365 31
1761588850761 0.44815149903297424 32
1761588851008 0.45085662603378296 33
1761588851265 0.4616771936416626 34
1761588851504 0.459873765707016 35
1761588851728 0.46483317017555237 36
1761588851963 0.47249773144721985 37
1761588852202 0.4729486107826233 38
1761588852473 0.466636598110199 39
1761588852752 0.46122634410858154 40
1761588852973 0.47159603238105774 41
1761588853236 0.4679891765117645 42
1761588853468 0.4580703377723694 43
1761588853701 0.468890905380249 44
1761588853943 0.4738503098487854 45
1761588854202 0.47339946031570435 46
1761588854433 0.47159603238105774 47
1761588854690 0.47520288825035095 48
1761588854928 0.4797114431858063 49
1761588855164 0.4711451828479767 50
1761588855415 0.4670874774456024 51
1761588855642 0.48647430539131165 52
1761588855886 0.4738503098487854 53
1761588856183 0.4783588945865631 54
1761588856418 0.4815148711204529 55
1761588856655 0.475653737783432 56
1761588856956 0.49323713779449463 57
1761588857286 0.4833182990550995 58
1761588857570 0.47520288825035095 59
1761588857838 0.47520288825035095 60
1761588858071 0.48286744952201843 61
1761588858322 0.47610458731651306 62
1761588858562 0.4765554666519165 63
1761588858779 0.4810640215873718 64
1761588858995 0.47790801525115967 65
1761588859264 0.4679891765117645 66
1761588859559 0.4797114431858063 67
1761588859802 0.484220027923584 68
1761588860029 0.47880974411964417 69
1761588860261 0.48557257652282715 70
1761588860496 0.4833182990550995 71
1761588860713 0.484220027923584 72
1761588860928 0.4783588945865631 73
1761588861151 0.48196572065353394 74
1761588861375 0.48467087745666504 75
1761588861622 0.4783588945865631 76
1761588861842 0.4860234558582306 77
1761588862075 0.4833182990550995 78
1761588862413 0.48286744952201843 79
1761588862702 0.491433709859848 80
1761588862968 0.48647430539131165 81
1761588863204 0.48647430539131165 82
1761588863450 0.4783588945865631 83
1761588863672 0.4797114431858063 84
1761588863932 0.48917943239212036 85
1761588864158 0.48737600445747375 86
1761588864396 0.48647430539131165 87
1761588864625 0.4869251549243927 88
1761588864879 0.48557257652282715 89
1761588865188 0.491433709859848 90
1761588865427 0.4801623225212097 91
1761588865803 0.48827773332595825 92
1761588866030 0.49188458919525146 93
1761588866286 0.48827773332595825 94
1761588866523 0.48557257652282715 95
1761588866801 0.4927862882614136 96
1761588867040 0.4905320107936859 97
1761588867287 0.48737600445747375 98
1761588867553 0.4954914450645447 99
1761588835362 0.451307475566864 0
