1761588835362 1.0678590536117554 0
1761588835868 1.0646545886993408 1
1761588836258 1.058940052986145 2
1761588836592 1.0587443113327026 3
1761588837000 1.0555003881454468 4
1761588837265 1.0544381141662598 5
1761588837791 1.0523808002471924 6
1761588838490 1.0564457178115845 7
1761588839105 1.0515474081039429 8
1761588839614 1.0511120557785034 9
1761588840056 1.050599455833435 10
1761588840857 1.050296425819397 11
1761588841358 1.0499719381332397 12
1761588842069 1.0510964393615723 13
1761588843400 1.0501893758773804 14
1761588844045 1.046935796737671 15
1761588844556 1.047844409942627 16
1761588844941 1.0465848445892334 17
1761588845533 1.0452607870101929 18
1761588846007 1.0466806888580322 19
1761588846373 1.0480778217315674 20
1761588846789 1.0431550741195679 21
1761588847130 1.0429472923278809 22
1761588847410 1.0453133583068848 23
1761588847976 1.0432924032211304 24
1761588848461 1.0421451330184937 25
1761588848877 1.0412942171096802 26
1761588849230 1.039300799369812 27
1761588849562 1.037773609161377 28
1761588849899 1.0381455421447754 29
1761588850217 1.037173867225647 30
1761588850529 1.0354557037353516 31
1761588850761 1.0379008054733276 32
1761588851008 1.0365597009658813 33
1761588851265 1.033277153968811 34
1761588851504 1.0328330993652344 35
1761588851728 1.0309380292892456 36
1761588851963 1.0294196605682373 37
1761588852202 1.0302884578704834 38
1761588852473 1.031280279159546 39
1761588852752 1.0305629968643188 40
1761588852973 1.0281100273132324 41
1761588853236 1.0264899730682373 42
1761588853468 1.0296225547790527 43
1761588853701 1.0251001119613647 44
1761588853943 1.023760199546814 45
1761588854202 1.0253931283950806 46
1761588854433 1.0239667892456055 47
1761588854690 1.0229345560073853 48
1761588854928 1.0241788625717163 49
1761588855164 1.024013638496399 50
1761588855415 1.0248383283615112 51
1761588855642 1.0218024253845215 52
1761588855886 1.0209684371948242 53
1761588856183 1.0217429399490356 54
1761588856418 1.0215873718261719 55
1761588856655 1.0180786848068237 56
1761588856956 1.0162700414657593 57
1761588857286 1.0162954330444336 58
1761588857570 1.0189235210418701 59
1761588857838 1.0179862976074219 60
1761588858071 1.0160980224609375 61
1761588858322 1.0183687210083008 62
1761588858562 1.0158835649490356 63
1761588858779 1.0181703567504883 64
1761588858995 1.0119870901107788 65
1761588859264 1.0211212635040283 66
1761588859559 1.011534333229065 67
1761588859802 1.0137271881103516 68
1761588860029 1.0127241611480713 69
1761588860261 1.0123907327651978 70
1761588860496 1.0092308521270752 71
1761588860713 1.0110098123550415 72
1761588860928 1.0117571353912354 73
1761588861151 1.0093317031860352 74
1761588861375 1.0075950622558594 75
1761588861622 1.008201003074646 76
1761588861842 1.011246919631958 77
1761588862075 1.0103763341903687 78
1761588862413 1.0060653686523438 79
1761588862702 1.0070017576217651 80
1761588862968 1.0050779581069946 81
1761588863204 1.0049363374710083 82
1761588863450 1.0103216171264648 83
1761588863672 1.0031676292419434 84
1761588863932 1.0026296377182007 85
1761588864158 1.0009056329727173 86
1761588864396 1.0034538507461548 87
1761588864625 1.0008156299591064 88
1761588864879 1.0016443729400635 89
1761588865188 1.0001055002212524 90
1761588865427 1.0014450550079346 91
1761588865803 0.9985718131065369 92
1761588866030 0.9993191957473755 93
1761588866286 0.9987406730651855 94
1761588866523 0.9951469302177429 95
1761588866801 0.9993190765380859 96
1761588867040 0.9954156875610352 97
1761588867287 0.995553195476532 98
1761588867553 0.9955052733421326 99
1761588835362 1.0678590536117554 0
