1761605546667 0.40982866287231445 0
1761605547091 0.4206492304801941 1
1761605547492 0.44048693776130676 2
1761605547865 0.46393147110939026 3
1761605548269 0.48196572065353394 4
1761605548648 0.4801623225212097 5
1761605549032 0.5112714171409607 6
1761605549414 0.5211902856826782 7
1761605549795 0.5387736558914185 8
1761605550172 0.5617673397064209 9
1761605550562 0.5761947631835938 10
1761605550947 0.582055926322937 11
1761605551310 0.597385048866272 12
1761605551672 0.6163210272789001 13
1761605552045 0.6298466920852661 14
1761605552419 0.6438232660293579 15
1761605552794 0.6487826704978943 16
1761605553167 0.660504937171936 17
1761605553583 0.675834059715271 18
1761605553988 0.6767358183860779 19
1761605554379 0.6983768939971924 20
1761605554741 0.7028855085372925 21
1761605555109 0.7100991606712341 22
1761605555486 0.7204688787460327 23
1761605555861 0.7195671796798706 24
1761605556230 0.7430117130279541 25
1761605556605 0.7308385968208313 26
1761605556973 0.7484220266342163 27
1761605557356 0.7637511491775513 28
1761605557739 0.7461677193641663 29
1761605558123 0.7651036977767944 30
1761605558503 0.773219108581543 31
1761605558874 0.7642019987106323 32
1761605559242 0.7926059365272522 33
1761605559613 0.791253387928009 34
1761605559988 0.8029756546020508 35
1761605560385 0.8029756546020508 36
1761605560771 0.8124436140060425 37
1761605561144 0.8007213473320007 38
1761605561512 0.804328203201294 39
1761605561894 0.8056808114051819 40
1761605562268 0.8142470717430115 41
1761605562643 0.8264201879501343 42
1761605563024 0.8092876672744751 43
1761605563419 0.8259693384170532 44
1761605563811 0.8210099339485168 45
1761605564182 0.8282236456871033 46
1761605564558 0.8155996203422546 47
1761605564931 0.8412984609603882 48
1761605565304 0.8390442132949829 49
1761605546667 0.40982866287231445 0
