1761605546667 1.0795722007751465 0
1761605547091 1.0688706636428833 1
1761605547492 1.051329255104065 2
1761605547865 1.0429874658584595 3
1761605548269 1.0196651220321655 4
1761605548648 1.002608299255371 5
1761605549032 0.9719455242156982 6
1761605549414 0.9665629863739014 7
1761605549795 0.9333274960517883 8
1761605550172 0.9128345847129822 9
1761605550562 0.8984392285346985 10
1761605550947 0.8741672039031982 11
1761605551310 0.849532961845398 12
1761605551672 0.8241026401519775 13
1761605552045 0.8092790246009827 14
1761605552419 0.7834662795066833 15
1761605552794 0.782584547996521 16
1761605553167 0.7511829733848572 17
1761605553583 0.7349532842636108 18
1761605553988 0.7234621047973633 19
1761605554379 0.6901596188545227 20
1761605554741 0.678589940071106 21
1761605555109 0.6668667793273926 22
1761605555486 0.6497696042060852 23
1761605555861 0.6377963423728943 24
1761605556230 0.6152616739273071 25
1761605556605 0.6070715188980103 26
1761605556973 0.5789461135864258 27
1761605557356 0.5697622895240784 28
1761605557739 0.5730043649673462 29
1761605558123 0.550446093082428 30
1761605558503 0.5338425636291504 31
1761605558874 0.5507755875587463 32
1761605559242 0.5265383124351501 33
1761605559613 0.5144302248954773 34
1761605559988 0.48153772950172424 35
1761605560385 0.4786462187767029 36
1761605560771 0.4616226553916931 37
1761605561144 0.46924373507499695 38
1761605561512 0.45766687393188477 39
1761605561894 0.4644254744052887 40
1761605562268 0.4559861421585083 41
1761605562643 0.4334161579608917 42
1761605563024 0.4453982710838318 43
1761605563419 0.4161657392978668 44
1761605563811 0.4160005450248718 45
1761605564182 0.4160044193267822 46
1761605564558 0.4405520558357239 47
1761605564931 0.38768070936203003 48
1761605565304 0.38814952969551086 49
1761605546667 1.0795722007751465 0
