1761599586283 0.47339946031570435 0
1761599586538 0.47880974411964417 1
1761599586790 0.4833182990550995 2
1761599587049 0.49368801712989807 3
1761599587296 0.49098286032676697 4
1761599587615 0.48286744952201843 5
1761599587859 0.4923354387283325 6
1761599588077 0.50225430727005 7
1761599588282 0.5112714171409607 8
1761599588486 0.5072137117385864 9
1761599588693 0.5135257244110107 10
1761599588900 0.5162308216094971 11
1761599589107 0.5220919847488403 12
1761599589332 0.5202885270118713 13
1761599589552 0.5261496901512146 14
1761599589763 0.531559944152832 15
1761599589975 0.53291255235672 16
1761599590192 0.5365194082260132 17
1761599590410 0.5360685586929321 18
1761599590625 0.546889066696167 19
1761599590838 0.531109094619751 20
1761599591051 0.547339916229248 21
1761599591271 0.5387736558914185 22
1761599591489 0.5649233460426331 23
1761599591706 0.562218189239502 24
1761599591920 0.5586113333702087 25
1761599592137 0.5725879073143005 26
1761599592352 0.5617673397064209 27
1761599592567 0.5734896063804626 28
1761599592782 0.5752930641174316 29
1761599592992 0.5870153307914734 30
1761599593200 0.5838593244552612 31
1761599593415 0.5897204875946045 32
1761599593627 0.5942290425300598 33
1761599593840 0.6027953028678894 34
1761599594059 0.6000901460647583 35
1761599594271 0.6104598641395569 36
1761599594484 0.6055004596710205 37
1761599594695 0.6167718768119812 38
1761599594911 0.6208295822143555 39
1761599595129 0.6194770336151123 40
1761599595349 0.6190261244773865 41
1761599595567 0.6203787326812744 42
1761599595779 0.6262398362159729 43
1761599595993 0.6208295822143555 44
1761599596213 0.6343552470207214 45
1761599596431 0.6230838298797607 46
1761599596647 0.6352570056915283 47
1761599596866 0.6438232660293579 48
1761599597079 0.6424707174301147 49
1761599586283 0.47339946031570435 0
