1761605852267 0.44815149903297424 0
1761605853205 0.47520288825035095 1
1761605854117 0.49594229459762573 2
1761605855076 0.48827773332595825 3
1761605855949 0.5306582450866699 4
1761605856823 0.5586113333702087 5
1761605857691 0.5793507695198059 6
1761605858567 0.5874661803245544 7
1761605859430 0.5982867479324341 8
1761605860291 0.6154192686080933 9
1761605861165 0.6334535479545593 10
1761605862030 0.6348061561584473 11
1761605862908 0.6361587047576904 12
1761605863768 0.6654644012451172 13
1761605864632 0.6749323606491089 14
1761605865507 0.6717763543128967 15
1761605866380 0.6807935237884521 16
1761605867238 0.7019837498664856 17
1761605868097 0.6898106336593628 18
1761605868965 0.6898106336593628 19
1761605869873 0.7078449130058289 20
1761605870747 0.7209197282791138 21
1761605871640 0.7209197282791138 22
1761605872510 0.7231740355491638 23
1761605873363 0.7430117130279541 24
1761605874221 0.7398557066917419 25
1761605875103 0.7560865879058838 26
1761605876023 0.755635678768158 27
1761605876937 0.7592425346374512 28
1761605877823 0.7466185688972473 29
1761605878741 0.7646528482437134 30
1761605879639 0.7669070959091187 31
1761605880528 0.773219108581543 32
1761605881385 0.7853922247886658 33
1761605882241 0.7921550869941711 34
1761605883106 0.7957619428634644 35
1761605883967 0.7944093942642212 36
1761605884829 0.8016231060028076 37
1761605885697 0.8205590844154358 38
1761605886557 0.7971144914627075 39
1761605887423 0.8210099339485168 40
1761605888293 0.8174030780792236 41
1761605889157 0.8165013790130615 42
1761605890067 0.8210099339485168 43
1761605891056 0.8300270438194275 44
1761605892004 0.8467087745666504 45
1761605892986 0.8548241853713989 46
1761605893948 0.8503155708312988 47
1761605894903 0.8548241853713989 48
1761605895845 0.8471596240997314 49
1761605852267 0.44815149903297424 0
