1761605852267 1.0674498081207275 0
1761605853205 1.0379241704940796 1
1761605854117 1.0170352458953857 2
1761605855076 1.005539894104004 3
1761605855949 0.9779515266418457 4
1761605856823 0.9406440258026123 5
1761605857691 0.8976342082023621 6
1761605858567 0.898792564868927 7
1761605859430 0.8576194047927856 8
1761605860291 0.8538293838500977 9
1761605861165 0.8053613901138306 10
1761605862030 0.7956889271736145 11
1761605862908 0.7998630404472351 12
1761605863768 0.7743921875953674 13
1761605864632 0.7351129055023193 14
1761605865507 0.717454195022583 15
1761605866380 0.7166216373443604 16
1761605867238 0.6980772018432617 17
1761605868097 0.6981398463249207 18
1761605868965 0.6831017732620239 19
1761605869873 0.6628087162971497 20
1761605870747 0.6389315724372864 21
1761605871640 0.6299445033073425 22
1761605872510 0.6416616439819336 23
1761605873363 0.5949289798736572 24
1761605874221 0.6077502369880676 25
1761605875103 0.5674550533294678 26
1761605876023 0.569037139415741 27
1761605876937 0.5400172472000122 28
1761605877823 0.5739374756813049 29
1761605878741 0.5442792773246765 30
1761605879639 0.5318854451179504 31
1761605880528 0.515636682510376 32
1761605881385 0.5008648633956909 33
1761605882241 0.4950946271419525 34
1761605883106 0.47861039638519287 35
1761605883967 0.46900442242622375 36
1761605884829 0.44838690757751465 37
1761605885697 0.43181082606315613 38
1761605886557 0.46374499797821045 39
1761605887423 0.4267417788505554 40
1761605888293 0.4261537492275238 41
1761605889157 0.4219847321510315 42
1761605890067 0.4203946888446808 43
1761605891056 0.38311484456062317 44
1761605892004 0.3586719334125519 45
1761605892986 0.35037878155708313 46
1761605893948 0.3609001040458679 47
1761605894903 0.3540503978729248 48
1761605895845 0.358221173286438 49
1761605852267 1.0674498081207275 0
