1761608249040 0.4571686089038849 0
1761608249600 0.47339946031570435 1
1761608250166 0.475653737783432 2
1761608250703 0.46122634410858154 3
1761608251242 0.4824165999889374 4
1761608251817 0.47790801525115967 5
1761608252384 0.46979260444641113 6
1761608252938 0.4824165999889374 7
1761608253500 0.4616771936416626 8
1761608254037 0.47249773144721985 9
1761608254559 0.466636598110199 10
1761608255070 0.4824165999889374 11
1761608255608 0.4824165999889374 12
1761608256123 0.4824165999889374 13
1761608256657 0.4824165999889374 14
1761608257189 0.4824165999889374 15
1761608257699 0.4824165999889374 16
1761608258239 0.4824165999889374 17
1761608258769 0.4801623225212097 18
1761608259304 0.47249773144721985 19
1761608259829 0.4824165999889374 20
1761608260340 0.4824165999889374 21
1761608260846 0.4824165999889374 22
1761608261428 0.4824165999889374 23
1761608261956 0.4824165999889374 24
1761608262556 0.4824165999889374 25
1761608263107 0.4824165999889374 26
1761608263653 0.4824165999889374 27
1761608264175 0.4824165999889374 28
1761608264735 0.4824165999889374 29
1761608265263 0.4824165999889374 30
1761608265784 0.4815148711204529 31
1761608266291 0.4824165999889374 32
1761608266798 0.484220027923584 33
1761608267328 0.4860234558582306 34
1761608267889 0.47520288825035095 35
1761608268436 0.4738503098487854 36
1761608268968 0.4851217269897461 37
1761608269498 0.4905320107936859 38
1761608270031 0.48827773332595825 39
1761608270569 0.49504056572914124 40
1761608271127 0.49098286032676697 41
1761608271713 0.4954914450645447 42
1761608272293 0.4972948729991913 43
1761608272840 0.5063120126724243 44
1761608273383 0.49368801712989807 45
1761608273967 0.5117222666740417 46
1761608274582 0.5117222666740417 47
1761608275209 0.5018033981323242 48
1761608275822 0.5099188685417175 49
1761608249040 0.4571686089038849 0
