1761604500184 0.4008115530014038 0
1761604500426 0.40532010793685913 1
1761604500668 0.42200180888175964 2
1761604500888 0.42470693588256836 3
1761604501104 0.4206492304801941 4
1761604501320 0.4287646412849426 5
1761604501538 0.4431920647621155 6
1761604501775 0.4553651809692383 7
1761604501991 0.44815149903297424 8
1761604502210 0.4643823206424713 9
1761604502451 0.4711451828479767 10
1761604502665 0.4815148711204529 11
1761604502881 0.4941388666629791 12
1761604503119 0.5108205676078796 13
1761604503354 0.5076645612716675 14
1761604503590 0.5126239657402039 15
1761604503826 0.5256988406181335 16
1761604504057 0.5225428342819214 17
1761604504281 0.5351668000221252 18
1761604504510 0.5419296622276306 19
1761604504738 0.5513976812362671 20
1761604504963 0.5613164901733398 21
1761604505189 0.566726803779602 22
1761604505407 0.5707845091819763 23
1761604505629 0.5852118730545044 24
1761604505898 0.5865644812583923 25
1761604506132 0.6005410552024841 26
1761604506456 0.6000901460647583 27
1761604506683 0.597835898399353 28
1761604506920 0.6118124723434448 29
1761604507172 0.613165020942688 30
1761604507397 0.6176735758781433 31
1761604507636 0.6293958425521851 32
1761604507856 0.6339043974876404 33
1761604508070 0.6370604038238525 34
1761604508306 0.6429215669631958 35
1761604508532 0.6411181092262268 36
1761604508795 0.6474301218986511 37
1761604509054 0.661857545375824 38
1761604509315 0.6555455327033997 39
1761604509577 0.6663661003112793 40
1761604509792 0.6672677993774414 41
1761604510013 0.6744815111160278 42
1761604510234 0.6771866679191589 43
1761604510456 0.67763751745224 44
1761604510689 0.6848512291908264 45
1761604510936 0.6812443733215332 46
1761604511154 0.6848512291908264 47
1761604511373 0.7024345993995667 48
1761604511588 0.6943191885948181 49
1761604500184 0.4008115530014038 0
