1761498023274 0.49346551299095154 0
1761498023647 0.5299684405326843 1
1761498024171 0.5484452247619629 2
1761498024683 0.5597115755081177 3
1761498025214 0.5691753029823303 4
1761498025895 0.570076584815979 5
1761498026301 0.5840468406677246 6
1761498026840 0.5926092863082886 7
1761498027385 0.5957638621330261 8
1761498027985 0.613339364528656 9
1761498028581 0.5980170965194702 10
1761498029157 0.613339364528656 11
1761498029809 0.6214510798454285 12
1761498030399 0.6268589496612549 13
1761498030876 0.63316810131073 14
1761498031218 0.6304641962051392 15
1761498031738 0.6394772529602051 16
1761498032315 0.6417304873466492 17
1761498032802 0.648490309715271 18
1761498033245 0.6566020846366882 19
1761498033631 0.6579540371894836 20
1761498034201 0.668319046497345 21
1761498034794 0.6611086130142212 22
1761498035444 0.6732762455940247 23
1761498036162 0.6759801506996155 24
1761498036765 0.6813880205154419 25
1761498037297 0.6872465014457703 26
1761498037932 0.6980621814727783 27
1761498038541 0.6917530298233032 28
1761498039157 0.7025687098503113 29
1761498039756 0.7052726745605469 30
1761498040315 0.6980621814727783 31
1761498040906 0.707525908946991 32
1761498041453 0.7025687098503113 33
1761498042016 0.7111311554908752 34
1761498042657 0.7061739563941956 35
1761498043261 0.7052726745605469 36
1761498043898 0.7115817666053772 37
1761498044485 0.7151870131492615 38
1761498045071 0.7260026931762695 39
1761498045672 0.7242000699043274 40
1761498046306 0.7278053164482117 41
1761498046895 0.7309598922729492 42
1761498047437 0.7309598922729492 43
1761498047999 0.7390716671943665 44
1761498048582 0.7363677620887756 45
1761498049173 0.7458314299583435 46
1761498049761 0.7449301481246948 47
1761498050305 0.7444794774055481 48
1761498050944 0.7440288662910461 49
1761498023274 0.49346551299095154 0
