1761498023274 0.9736375212669373 0
1761498023647 0.928229033946991 1
1761498024171 0.9190773963928223 2
1761498024683 0.9104127287864685 3
1761498025214 0.9027131795883179 4
1761498025895 0.8956551551818848 5
1761498026301 0.890576958656311 6
1761498026840 0.8830878734588623 7
1761498027385 0.8742509484291077 8
1761498027985 0.8665933012962341 9
1761498028581 0.8602091073989868 10
1761498029157 0.8497735857963562 11
1761498029809 0.842686653137207 12
1761498030399 0.835976243019104 13
1761498030876 0.8294907808303833 14
1761498031218 0.8198047876358032 15
1761498031738 0.8123068809509277 16
1761498032315 0.807519793510437 17
1761498032802 0.7991110682487488 18
1761498033245 0.7932028770446777 19
1761498033631 0.786132276058197 20
1761498034201 0.7759656310081482 21
1761498034794 0.7772052884101868 22
1761498035444 0.7606553435325623 23
1761498036162 0.7612974047660828 24
1761498036765 0.7474306225776672 25
1761498037297 0.7379359006881714 26
1761498037932 0.7315865755081177 27
1761498038541 0.7312216758728027 28
1761498039157 0.7167471647262573 29
1761498039756 0.7131524085998535 30
1761498040315 0.7132729291915894 31
1761498040906 0.7086282968521118 32
1761498041453 0.7036482095718384 33
1761498042016 0.6938568949699402 34
1761498042657 0.6944159269332886 35
1761498043261 0.6922084093093872 36
1761498043898 0.6779031753540039 37
1761498044485 0.6735374331474304 38
1761498045071 0.6635324954986572 39
1761498045672 0.6658065319061279 40
1761498046306 0.6609411835670471 41
1761498046895 0.6538400053977966 42
1761498047437 0.6577507257461548 43
1761498047999 0.6425706148147583 44
1761498048582 0.6454638838768005 45
1761498049173 0.6361574530601501 46
1761498049761 0.6327360272407532 47
1761498050305 0.6276502013206482 48
1761498050944 0.6205733418464661 49
1761498023274 0.9736375212669373 0
