1761595838791 0.4851217269897461 0
1761595839025 0.49504056572914124 1
1761595839255 0.49954915046691895 2
1761595839458 0.4941388666629791 3
1761595839667 0.49323713779449463 4
1761595839875 0.49594229459762573 5
1761595840080 0.4990983009338379 6
1761595840286 0.500450849533081 7
1761595840491 0.500450849533081 8
1761595840736 0.49864742159843445 9
1761595840972 0.50225430727005 10
1761595841190 0.5036068558692932 11
1761595841401 0.5099188685417175 12
1761595841611 0.5076645612716675 13
1761595841829 0.5211902856826782 14
1761595842044 0.5063120126724243 15
1761595842259 0.5099188685417175 16
1761595842466 0.5045085549354553 17
1761595842674 0.5225428342819214 18
1761595842879 0.5270513892173767 19
1761595843089 0.5090171098709106 20
1761595843296 0.5144274234771729 21
1761595843501 0.5207393765449524 22
1761595843710 0.5162308216094971 23
1761595843916 0.5284039378166199 24
1761595844125 0.5229936838150024 25
1761595844329 0.5238953828811646 26
1761595844537 0.5360685586929321 27
1761595844748 0.5342651009559631 28
1761595844955 0.5338142514228821 29
1761595845164 0.5356176495552063 30
1761595845378 0.5324617028236389 31
1761595845589 0.5405771136283875 32
1761595845801 0.5428313612937927 33
1761595846006 0.5103697180747986 34
1761595846211 0.5419296622276306 35
1761595846420 0.5342651009559631 36
1761595846629 0.5396753549575806 37
1761595846844 0.5387736558914185 38
1761595847052 0.5459873676300049 39
1761595847259 0.5437331199645996 40
1761595847474 0.5365194082260132 41
1761595847681 0.5392245054244995 42
1761595847895 0.5477908253669739 43
1761595848104 0.5464382171630859 44
1761595848315 0.5437331199645996 45
1761595848561 0.5504959225654602 46
1761595848776 0.5513976812362671 47
1761595849001 0.53291255235672 48
1761595849210 0.5387736558914185 49
1761595838791 0.4851217269897461 0
