1761595838791 0.9923978447914124 0
1761595839025 0.9818684458732605 1
1761595839255 0.9799054265022278 2
1761595839458 0.9783925414085388 3
1761595839667 0.975931704044342 4
1761595839875 0.9734272956848145 5
1761595840080 0.9731709361076355 6
1761595840286 0.9725468158721924 7
1761595840491 0.970812201499939 8
1761595840736 0.9704455733299255 9
1761595840972 0.9691727757453918 10
1761595841190 0.9647403955459595 11
1761595841401 0.9630542993545532 12
1761595841611 0.9621002078056335 13
1761595841829 0.9637956619262695 14
1761595842044 0.9636201858520508 15
1761595842259 0.9628328084945679 16
1761595842466 0.9623618125915527 17
1761595842674 0.959163248538971 18
1761595842879 0.9599718451499939 19
1761595843089 0.9574416875839233 20
1761595843296 0.9574653506278992 21
1761595843501 0.9559485912322998 22
1761595843710 0.9550492763519287 23
1761595843916 0.9521288275718689 24
1761595844125 0.9534376859664917 25
1761595844329 0.9544346332550049 26
1761595844537 0.9522945284843445 27
1761595844748 0.95107501745224 28
1761595844955 0.9503198862075806 29
1761595845164 0.9510536789894104 30
1761595845378 0.9494036436080933 31
1761595845589 0.948166012763977 32
1761595845801 0.946392297744751 33
1761595846006 0.9573698043823242 34
1761595846211 0.9475313425064087 35
1761595846420 0.9485241770744324 36
1761595846629 0.9519822001457214 37
1761595846844 0.9438164234161377 38
1761595847052 0.944477379322052 39
1761595847259 0.9442898035049438 40
1761595847474 0.9459412097930908 41
1761595847681 0.9417693614959717 42
1761595847895 0.9440516233444214 43
1761595848104 0.9402627944946289 44
1761595848315 0.9399545192718506 45
1761595848561 0.9397249817848206 46
1761595848776 0.9404555559158325 47
1761595849001 0.9429420828819275 48
1761595849210 0.9369440078735352 49
1761595838791 0.9923978447914124 0
