1761612790924 0.4486023485660553 0
1761612791838 0.475653737783432 1
1761612792707 0.4720468819141388 2
1761612793589 0.4824165999889374 3
1761612794472 0.4887285828590393 4
1761612795413 0.4887285828590393 5
1761612796254 0.4774571657180786 6
1761612797112 0.475653737783432 7
1761612797980 0.4887285828590393 8
1761612798856 0.4887285828590393 9
1761612799744 0.4887285828590393 10
1761612800598 0.4887285828590393 11
1761612801445 0.4887285828590393 12
1761612802308 0.4783588945865631 13
1761612803173 0.4887285828590393 14
1761612804041 0.4887285828590393 15
1761612804952 0.4887285828590393 16
1761612805824 0.4887285828590393 17
1761612806760 0.4887285828590393 18
1761612807621 0.4887285828590393 19
1761612808498 0.4887285828590393 20
1761612809428 0.46979260444641113 21
1761612810308 0.4887285828590393 22
1761612811194 0.4747520387172699 23
1761612812063 0.4887285828590393 24
1761612812934 0.4887285828590393 25
1761612813798 0.4887285828590393 26
1761612814644 0.4887285828590393 27
1761612815552 0.4887285828590393 28
1761612816445 0.4887285828590393 29
1761612817406 0.4531109035015106 30
1761612818292 0.4887285828590393 31
1761612819200 0.4887285828590393 32
1761612820136 0.4887285828590393 33
1761612821048 0.4887285828590393 34
1761612821943 0.4887285828590393 35
1761612822817 0.4887285828590393 36
1761612823685 0.4887285828590393 37
1761612824560 0.4887285828590393 38
1761612825447 0.4887285828590393 39
1761612826405 0.4887285828590393 40
1761612827324 0.4887285828590393 41
1761612828198 0.4887285828590393 42
1761612829097 0.4887285828590393 43
1761612830008 0.4887285828590393 44
1761612830874 0.4887285828590393 45
1761612831724 0.47880974411964417 46
1761612832600 0.4887285828590393 47
1761612833481 0.4887285828590393 48
1761612834354 0.4887285828590393 49
1761612790924 0.4486023485660553 0
