1761612790924 1.032110333442688 0
1761612791838 0.9988809823989868 1
1761612792707 0.9992699027061462 2
1761612793589 1.0045368671417236 3
1761612794472 0.9959723353385925 4
1761612795413 0.9943290948867798 5
1761612796254 1.0004160404205322 6
1761612797112 0.9971966743469238 7
1761612797980 0.9951032996177673 8
1761612798856 0.9958891272544861 9
1761612799744 0.9973917007446289 10
1761612800598 0.9965777397155762 11
1761612801445 0.9966345429420471 12
1761612802308 0.9999546408653259 13
1761612803173 0.9956398010253906 14
1761612804041 0.9969830513000488 15
1761612804952 0.9977861046791077 16
1761612805824 0.9966020584106445 17
1761612806760 0.9986117482185364 18
1761612807621 0.9948708415031433 19
1761612808498 0.9963288903236389 20
1761612809428 0.9982595443725586 21
1761612810308 0.9963030219078064 22
1761612811194 0.9978317022323608 23
1761612812063 0.9961501955986023 24
1761612812934 0.9979172348976135 25
1761612813798 0.997255802154541 26
1761612814644 0.9953904151916504 27
1761612815552 0.9982756972312927 28
1761612816445 0.9972506165504456 29
1761612817406 1.0011873245239258 30
1761612818292 0.9964016079902649 31
1761612819200 0.996105968952179 32
1761612820136 0.9982734322547913 33
1761612821048 0.99638432264328 34
1761612821943 0.995093822479248 35
1761612822817 0.9967978596687317 36
1761612823685 0.9967331886291504 37
1761612824560 0.9965710043907166 38
1761612825447 0.9948635697364807 39
1761612826405 0.9963909387588501 40
1761612827324 0.9981862306594849 41
1761612828198 0.9961602091789246 42
1761612829097 0.9961276650428772 43
1761612830008 0.9975526332855225 44
1761612830874 0.9950393438339233 45
1761612831724 0.9972857236862183 46
1761612832600 0.9989251494407654 47
1761612833481 0.9968798756599426 48
1761612834354 0.9968351721763611 49
1761612790924 1.032110333442688 0
