1761533781442 0.5475439429283142 0
1761533781701 0.5552050471305847 1
1761533781915 0.558810293674469 2
1761533782151 0.5606129169464111 3
1761533782373 0.5574583411216736 4
1761533782697 0.554303765296936 5
1761533782921 0.5619648694992065 6
1761533783165 0.5619648694992065 7
1761533783400 0.5552050471305847 8
1761533783613 0.5515998005867004 9
1761533783832 0.5561063289642334 10
1761533784069 0.5583596229553223 11
1761533784288 0.559260904788971 12
1761533784498 0.559260904788971 13
1761533784768 0.5597115755081177 14
1761533785057 0.5606129169464111 15
1761533785327 0.554303765296936 16
1761533785569 0.5574583411216736 17
1761533785823 0.5552050471305847 18
1761533786053 0.563316822052002 19
1761533786294 0.5561063289642334 20
1761533786515 0.5574583411216736 21
1761533786748 0.5642181038856506 22
1761533787083 0.5610635280609131 23
1761533787365 0.5610635280609131 24
1761533787586 0.5646687746047974 25
1761533787826 0.5597115755081177 26
1761533788065 0.558810293674469 27
1761533788294 0.5646687746047974 28
1761533788531 0.5664713978767395 29
1761533788866 0.5597115755081177 30
1761533789158 0.5628661513328552 31
1761533789527 0.5651194453239441 32
1761533789826 0.5723298788070679 33
1761533790156 0.5678233504295349 34
1761533790444 0.5745831727981567 35
1761533790712 0.5660207271575928 36
1761533790976 0.5763857364654541 37
1761533791235 0.5723298788070679 38
1761533791481 0.5772870779037476 39
1761533791752 0.558810293674469 40
1761533792037 0.5714285969734192 41
1761533792328 0.5781883597373962 42
1761533792647 0.5745831727981567 43
1761533792907 0.5899053812026978 44
1761533793159 0.578639030456543 45
1761533793392 0.5795403122901917 46
1761533793655 0.5822442770004272 47
1761533793988 0.5853988528251648 48
1761533794224 0.5750337839126587 49
1761533794502 0.5826948881149292 50
1761533794774 0.5908066630363464 51
1761533795055 0.5944119095802307 52
1761533795306 0.5876520872116089 53
1761533795555 0.5849481821060181 54
1761533795810 0.5790897011756897 55
1761533796033 0.5736818313598633 56
1761533796289 0.5867508053779602 57
1761533796546 0.5903559923171997 58
1761533796777 0.5890040397644043 59
1761533797030 0.5917080044746399 60
1761533797254 0.5817936062812805 61
1761533797482 0.5808922648429871 62
1761533797694 0.5966651439666748 63
1761533797899 0.5903559923171997 64
1761533798133 0.589454710483551 65
1761533798403 0.5840468406677246 66
1761533798671 0.5903559923171997 67
1761533798928 0.5908066630363464 68
1761533799188 0.5966651439666748 69
1761533799424 0.5872014164924622 70
1761533799678 0.5813429355621338 71
1761533799954 0.5930599570274353 72
1761533800239 0.5917080044746399 73
1761533800512 0.5795403122901917 74
1761533800764 0.5912573337554932 75
1761533801038 0.5844975113868713 76
1761533801304 0.5822442770004272 77
1761533801526 0.5872014164924622 78
1761533801749 0.5935105681419373 79
1761533801960 0.5921586155891418 80
1761533802169 0.5881027579307556 81
1761533802380 0.5984677672386169 82
1761533802587 0.5908066630363464 83
1761533802796 0.5890040397644043 84
1761533803006 0.5980170965194702 85
1761533803224 0.589454710483551 86
1761533803434 0.5980170965194702 87
1761533803643 0.5926092863082886 88
1761533803851 0.5948625802993774 89
1761533804060 0.5944119095802307 90
1761533804271 0.5984677672386169 91
1761533804475 0.5998197197914124 92
1761533804683 0.5975664854049683 93
1761533804893 0.5953131914138794 94
1761533805102 0.5975664854049683 95
1761533805308 0.5944119095802307 96
1761533805515 0.5953131914138794 97
1761533805723 0.5930599570274353 98
1761533805924 0.593961238861084 99
1761533781442 0.5475439429283142 0
