1761444468103 0.40378549695014954 0
1761444470836 0.4132492244243622 1
1761444473339 0.4245155453681946 2
1761444475090 0.4434430003166199 3
1761444476853 0.46191978454589844 4
1761444478877 0.47994592785835266 5
1761444480682 0.500225305557251 6
1761444482291 0.5060838460922241 7
1761444483883 0.5182514786720276 8
1761444485890 0.5385308861732483 9
1761444488166 0.5579089522361755 10
1761444490387 0.563316822052002 11
1761444492489 0.5723298788070679 12
1761444494526 0.5844975113868713 13
1761444496641 0.6070302128791809 14
1761444499374 0.6259576678276062 15
1761444501361 0.63316810131073 16
1761444503377 0.6399279236793518 17
1761444505492 0.6552501320838928 18
1761444507571 0.667868435382843 19
1761444509633 0.6755295395851135 20
1761444512480 0.6863452196121216 21
1761444514616 0.7057232856750488 22
1761444516762 0.7142857313156128 23
1761444519040 0.7242000699043274 24
1761444521289 0.7187922596931458 25
1761444523527 0.7485353946685791 26
1761444525756 0.7476340532302856 27
1761444527621 0.7598016858100891 28
1761444529735 0.7701667547225952 29
1761444531934 0.7584497332572937 30
1761444534075 0.7683641314506531 31
1761444536285 0.7805317640304565 32
1761444538441 0.7769265174865723 33
1761444540636 0.7854889631271362 34
1761444542787 0.8098242282867432 35
1761444545104 0.8026137948036194 36
1761444547171 0.7981072664260864 37
1761444549328 0.8134294748306274 38
1761444551616 0.8242451548576355 39
1761444553967 0.8314555883407593 40
1761444556056 0.8219918608665466 41
1761444558187 0.8283010125160217 42
1761444560332 0.8382154107093811 43
1761444562481 0.8422712683677673 44
1761444564661 0.8589454889297485 45
1761444566986 0.8499323725700378 46
1761444569152 0.8440738916397095 47
1761444571449 0.8611987233161926 48
1761444573663 0.866606593132019 49
1761444468103 0.40378549695014954 0
