1761601318387 0.4562669098377228 0
1761601318847 0.4878268837928772 1
1761601319291 0.49594229459762573 2
1761601319721 0.4792605936527252 3
1761601320130 0.49684399366378784 4
1761601320561 0.484220027923584 5
1761601320983 0.49684399366378784 6
1761601321444 0.49684399366378784 7
1761601321935 0.48557257652282715 8
1761601322388 0.49684399366378784 9
1761601322825 0.49684399366378784 10
1761601323268 0.49684399366378784 11
1761601323685 0.49684399366378784 12
1761601324188 0.4774571657180786 13
1761601324627 0.49684399366378784 14
1761601325262 0.49684399366378784 15
1761601325720 0.49684399366378784 16
1761601326155 0.49684399366378784 17
1761601326578 0.49684399366378784 18
1761601327150 0.49684399366378784 19
1761601327527 0.49684399366378784 20
1761601327946 0.49684399366378784 21
1761601328383 0.49684399366378784 22
1761601328809 0.49684399366378784 23
1761601329244 0.49684399366378784 24
1761601329663 0.49684399366378784 25
1761601330088 0.49684399366378784 26
1761601330498 0.49684399366378784 27
1761601330970 0.49684399366378784 28
1761601331436 0.4972948729991913 29
1761601331897 0.4981965720653534 30
1761601332317 0.4972948729991913 31
1761601332838 0.49504056572914124 32
1761601333248 0.49864742159843445 33
1761601333671 0.4905320107936859 34
1761601334092 0.4981965720653534 35
1761601334499 0.49774572253227234 36
1761601334906 0.49594229459762573 37
1761601335345 0.4954914450645447 38
1761601335755 0.49774572253227234 39
1761601336170 0.49594229459762573 40
1761601336595 0.4972948729991913 41
1761601337008 0.5 42
1761601337429 0.5031560063362122 43
1761601337851 0.49864742159843445 44
1761601338260 0.5 45
1761601338666 0.48917943239212036 46
1761601339095 0.49954915046691895 47
1761601339509 0.5013525485992432 48
1761601339924 0.4923354387283325 49
1761601318387 0.4562669098377228 0
