1761601318387 1.0241994857788086 0
1761601318847 1.0034476518630981 1
1761601319291 1.0030697584152222 2
1761601319721 1.0036909580230713 3
1761601320130 0.9994704127311707 4
1761601320561 1.0036659240722656 5
1761601320983 1.0035772323608398 6
1761601321444 1.0001018047332764 7
1761601321935 1.0006622076034546 8
1761601322388 1.001219630241394 9
1761601322825 0.9983729124069214 10
1761601323268 1.0016335248947144 11
1761601323685 0.9999040365219116 12
1761601324188 1.003489375114441 13
1761601324627 1.0025973320007324 14
1761601325262 1.0008262395858765 15
1761601325720 0.9997619986534119 16
1761601326155 0.9998741745948792 17
1761601326578 0.9987710118293762 18
1761601327150 0.9987205266952515 19
1761601327527 0.9970844984054565 20
1761601327946 0.9979469180107117 21
1761601328383 0.9999152421951294 22
1761601328809 0.9983977675437927 23
1761601329244 0.9994624257087708 24
1761601329663 0.9990338683128357 25
1761601330088 0.9975200891494751 26
1761601330498 0.9967066049575806 27
1761601330970 0.9967974424362183 28
1761601331436 0.9989133477210999 29
1761601331897 0.9959629774093628 30
1761601332317 0.9961111545562744 31
1761601332838 0.9937410354614258 32
1761601333248 0.9951267838478088 33
1761601333671 0.9959245920181274 34
1761601334092 0.9930716156959534 35
1761601334499 0.9926912188529968 36
1761601334906 0.9889774322509766 37
1761601335345 0.991109311580658 38
1761601335755 0.9885638952255249 39
1761601336170 0.9911365509033203 40
1761601336595 0.9893773794174194 41
1761601337008 0.9864867329597473 42
1761601337429 0.9893901348114014 43
1761601337851 0.9868382215499878 44
1761601338260 0.9867035746574402 45
1761601338666 0.9904037714004517 46
1761601339095 0.9862114191055298 47
1761601339509 0.9837493300437927 48
1761601339924 0.9846729636192322 49
1761601318387 1.0241994857788086 0
