1761498318964 0.9684441089630127 0
1761498321230 0.9392995238304138 1
1761498323244 0.9317068457603455 2
1761498325118 0.9128081202507019 3
1761498326990 0.892758846282959 4
1761498328987 0.8694836497306824 5
1761498330991 0.8682125210762024 6
1761498333127 0.853178083896637 7
1761498335158 0.8403804302215576 8
1761498337111 0.8361622095108032 9
1761498339143 0.8226003050804138 10
1761498341163 0.8112847805023193 11
1761498343207 0.792832612991333 12
1761498345404 0.7679670453071594 13
1761498347429 0.7741594314575195 14
1761498349461 0.7530929446220398 15
1761498351487 0.7333630919456482 16
1761498353348 0.7523447871208191 17
1761498355253 0.7210652232170105 18
1761498357139 0.699972927570343 19
1761498359179 0.6815224885940552 20
1761498361174 0.6746950745582581 21
1761498363142 0.6419909596443176 22
1761498365016 0.6490976214408875 23
1761498366897 0.6401861906051636 24
1761498368793 0.6038993000984192 25
1761498370685 0.6045341491699219 26
1761498372713 0.5987764596939087 27
1761498374661 0.5655030012130737 28
1761498376634 0.5503010153770447 29
1761498378594 0.5528648495674133 30
1761498380536 0.5201040506362915 31
1761498382596 0.5250735878944397 32
1761498384616 0.49854516983032227 33
1761498386869 0.4681723713874817 34
1761498388756 0.4896359145641327 35
1761498390657 0.4728093445301056 36
1761498392878 0.4580650329589844 37
1761498394754 0.41974392533302307 38
1761498396616 0.43612420558929443 39
1761498398492 0.46151864528656006 40
1761498400470 0.3790995180606842 41
1761498402390 0.40482643246650696 42
1761498404308 0.37273359298706055 43
1761498406226 0.3920915424823761 44
1761498408122 0.3587814271450043 45
1761498410208 0.3506796360015869 46
1761498412437 0.3241898715496063 47
1761498414456 0.34445783495903015 48
1761498416729 0.3110305368900299 49
1761498318964 0.9684441089630127 0
