1761520194874 0.9110719561576843 0
1761520195332 0.8531140089035034 1
1761520195785 0.8502419590950012 2
1761520196211 0.8492298126220703 3
1761520196627 0.854232907295227 4
1761520197044 0.850501298904419 5
1761520197431 0.8509584665298462 6
1761520197878 0.854702353477478 7
1761520198277 0.8513719439506531 8
1761520198696 0.849890410900116 9
1761520199127 0.851479709148407 10
1761520199569 0.8483561873435974 11
1761520200008 0.8489747047424316 12
1761520200514 0.8489102721214294 13
1761520200954 0.849076509475708 14
1761520201410 0.8492724299430847 15
1761520201860 0.8506428003311157 16
1761520202674 0.8503290414810181 17
1761520203754 0.8505092263221741 18
1761520205404 0.8480506539344788 19
1761520206641 0.8483695387840271 20
1761520207806 0.848649799823761 21
1761520208977 0.8472760915756226 22
1761520210167 0.8488637208938599 23
1761520211274 0.846615731716156 24
1761520212225 0.8443999290466309 25
1761520213555 0.8432384133338928 26
1761520214743 0.842249870300293 27
1761520215848 0.8416146636009216 28
1761520217181 0.8424732685089111 29
1761520218147 0.8399277329444885 30
1761520219496 0.8414551615715027 31
1761520221110 0.8396434783935547 32
1761520222295 0.8409229516983032 33
1761520223421 0.8377339243888855 34
1761520224455 0.8387340903282166 35
1761520225372 0.8372160196304321 36
1761520226512 0.8394873738288879 37
1761520227435 0.8376450538635254 38
1761520228292 0.8385624885559082 39
1761520229255 0.8389688730239868 40
1761520230440 0.8376016616821289 41
1761520231514 0.8379096984863281 42
1761520232576 0.8353552222251892 43
1761520233453 0.8364318013191223 44
1761520234555 0.835990309715271 45
1761520235659 0.8354902267456055 46
1761520236671 0.83624666929245 47
1761520237881 0.8341510891914368 48
1761520239177 0.834311842918396 49
1761520194874 0.9110719561576843 0
