1761607746288 0.49323713779449463 0
1761607746532 0.5081154108047485 1
1761607746741 0.5130748152732849 2
1761607746955 0.5135257244110107 3
1761607747171 0.5139765739440918 4
1761607747410 0.5121731162071228 5
1761607747635 0.5189359784126282 6
1761607747851 0.5216411352157593 7
1761607748075 0.5099188685417175 8
1761607748301 0.5148782730102539 9
1761607748529 0.5302073955535889 10
1761607748761 0.5121731162071228 11
1761607748984 0.5126239657402039 12
1761607749200 0.5225428342819214 13
1761607749415 0.5211902856826782 14
1761607749643 0.533363401889801 15
1761607749849 0.5266005396842957 16
1761607750061 0.5351668000221252 17
1761607750273 0.5306582450866699 18
1761607750489 0.533363401889801 19
1761607750703 0.533363401889801 20
1761607750941 0.5437331199645996 21
1761607751179 0.5365194082260132 22
1761607751418 0.531559944152832 23
1761607751639 0.5338142514228821 24
1761607751888 0.5437331199645996 25
1761607752094 0.5360685586929321 26
1761607752311 0.5374211072921753 27
1761607752520 0.5374211072921753 28
1761607752734 0.5338142514228821 29
1761607752944 0.5342651009559631 30
1761607753167 0.5383228063583374 31
1761607753422 0.5320107936859131 32
1761607753637 0.5351668000221252 33
1761607753864 0.5410279631614685 34
1761607754108 0.5369702577590942 35
1761607754313 0.5455365180969238 36
1761607754524 0.5320107936859131 37
1761607754735 0.5360685586929321 38
1761607754956 0.546889066696167 39
1761607755197 0.5464382171630859 40
1761607755416 0.5387736558914185 41
1761607755633 0.5545536279678345 42
1761607755845 0.546889066696167 43
1761607756059 0.5338142514228821 44
1761607756271 0.5477908253669739 45
1761607756482 0.5459873676300049 46
1761607756696 0.5351668000221252 47
1761607756914 0.5482416749000549 48
1761607757128 0.5441839694976807 49
1761607746288 0.49323713779449463 0
