1761516398620 0.4565119445323944 0
1761516398865 0.48129788041114807 1
1761516399079 0.48625507950782776 2
1761516399352 0.4952681362628937 3
1761516399556 0.5083370804786682 4
1761516399763 0.51509690284729 5
1761516399969 0.5178008079528809 6
1761516400182 0.5178008079528809 7
1761516400399 0.5326723456382751 8
1761516400610 0.5376295447349548 9
1761516400825 0.5340243577957153 10
1761516401032 0.5439386963844299 11
1761516401236 0.5421360731124878 12
1761516401453 0.5601622462272644 13
1761516401670 0.5673726797103882 14
1761516401880 0.5795403122901917 15
1761516402088 0.5844975113868713 16
1761516402305 0.5935105681419373 17
1761516402518 0.5966651439666748 18
1761516402737 0.5984677672386169 19
1761516402949 0.5953131914138794 20
1761516403156 0.5957638621330261 21
1761516403374 0.6182965040206909 22
1761516403585 0.6164939403533936 23
1761516403795 0.6232537031173706 24
1761516403999 0.6376746296882629 25
1761516404202 0.6417304873466492 26
1761516404408 0.629112184047699 27
1761516404624 0.6421811580657959 28
1761516404837 0.6471383571624756 29
1761516405051 0.6462370157241821 30
1761516405267 0.6466876864433289 31
1761516405483 0.6624605655670166 32
1761516405698 0.6629112362861633 33
1761516405902 0.6588553190231323 34
1761516406108 0.6647138595581055 35
1761516406321 0.6728255748748779 36
1761516406539 0.6669670939445496 37
1761516406752 0.672374963760376 38
1761516406968 0.6777827739715576 39
1761516407181 0.6773321032524109 40
1761516407398 0.6849932670593262 41
1761516407613 0.69220370054245 42
1761516407837 0.698512852191925 43
1761516408048 0.7016674280166626 44
1761516408262 0.698512852191925 45
1761516408478 0.6931049823760986 46
1761516408692 0.6962595582008362 47
1761516408906 0.7070752382278442 48
1761516409117 0.7003154754638672 49
1761516398620 0.4565119445323944 0
