1761444212392 0.390716552734375 0
1761444214544 0.43172600865364075 1
1761444217275 0.42767012119293213 2
1761444218497 0.4691302478313446 3
1761444220301 0.4641730487346649 4
1761444222129 0.5038305521011353 5
1761444223720 0.48129788041114807 6
1761444224950 0.5047318339347839 7
1761444226262 0.5254619121551514 8
1761444227791 0.5200541019439697 9
1761444229338 0.5407841205596924 10
1761444230549 0.5538530945777893 11
1761444231879 0.5497971773147583 12
1761444234095 0.5642181038856506 13
1761444235505 0.5768364071846008 14
1761444236813 0.5908066630363464 15
1761444238279 0.5858494639396667 16
1761444239778 0.5989184379577637 17
1761444241116 0.6191978454589844 18
1761444243007 0.6304641962051392 19
1761444244413 0.624605655670166 20
1761444245764 0.667868435382843 21
1761444247336 0.652996838092804 22
1761444250110 0.6674177646636963 23
1761444251761 0.6818386912345886 24
1761444253582 0.6840919256210327 25
1761444255805 0.7052726745605469 26
1761444258088 0.7124831080436707 27
1761444260562 0.7147363424301147 28
1761444262984 0.7165389657020569 29
1761444265727 0.726904034614563 30
1761444268287 0.7449301481246948 31
1761444270719 0.7444794774055481 32
1761444273060 0.7584497332572937 33
1761444275173 0.7791798114776611 34
1761444277518 0.7809824347496033 35
1761444279978 0.7809824347496033 36
1761444282270 0.797205924987793 37
1761444284543 0.7949526906013489 38
1761444286770 0.8129788041114807 39
1761444289168 0.8084722757339478 40
1761444291550 0.8359621167182922 41
1761444294018 0.836412787437439 42
1761444296432 0.8359621167182922 43
1761444298782 0.8386660814285278 44
1761444300696 0.8346101641654968 45
1761444302955 0.8386660814285278 46
1761444305498 0.8657052516937256 47
1761444307854 0.8449752330780029 48
1761444310215 0.8648039698600769 49
1761444212392 0.390716552734375 0
