1761607788134 0.5112714171409607 0
1761607788473 0.5360685586929321 1
1761607788784 0.533363401889801 2
1761607789071 0.5428313612937927 3
1761607789378 0.5419296622276306 4
1761607789662 0.5396753549575806 5
1761607789946 0.5455365180969238 6
1761607790246 0.5595130920410156 7
1761607790580 0.5613164901733398 8
1761607790868 0.5595130920410156 9
1761607791170 0.5653741955757141 10
1761607791500 0.5716862082481384 11
1761607791804 0.5649233460426331 12
1761607792099 0.5680793523788452 13
1761607792394 0.5568079352378845 14
1761607792685 0.5861136317253113 15
1761607792972 0.5721370577812195 16
1761607793240 0.5874661803245544 17
1761607793513 0.5906221866607666 18
1761607793796 0.5982867479324341 19
1761607794091 0.5919747352600098 20
1761607794366 0.6009919047355652 21
1761607794650 0.6018936038017273 22
1761607794931 0.6199278831481934 23
1761607795213 0.6127141714096069 24
1761607795506 0.6091073155403137 25
1761607795787 0.6221821308135986 26
1761607796070 0.6073038578033447 27
1761607796368 0.628944993019104 28
1761607796656 0.6334535479545593 29
1761607796922 0.6424707174301147 30
1761607797201 0.6388638615608215 31
1761607797489 0.6438232660293579 32
1761607797794 0.6568980813026428 33
1761607798077 0.6478809714317322 34
1761607798365 0.6523895263671875 35
1761607798652 0.6731289625167847 36
1761607798940 0.6677186489105225 37
1761607799235 0.6749323606491089 38
1761607799556 0.6794409155845642 39
1761607799851 0.6717763543128967 40
1761607800146 0.6627592444419861 41
1761607800442 0.6988277435302734 42
1761607800743 0.693417489528656 43
1761607801058 0.691163182258606 44
1761607801342 0.7019837498664856 45
1761607801642 0.7024345993995667 46
1761607801962 0.7213705778121948 47
1761607802250 0.7137060165405273 48
1761607802540 0.7137060165405273 49
1761607788134 0.5112714171409607 0
