1761607788134 0.9737106561660767 0
1761607788473 0.9347220063209534 1
1761607788784 0.9261643886566162 2
1761607789071 0.9231637120246887 3
1761607789378 0.927418053150177 4
1761607789662 0.9240532517433167 5
1761607789946 0.9189378619194031 6
1761607790246 0.9162240624427795 7
1761607790580 0.9121168255805969 8
1761607790868 0.9084016680717468 9
1761607791170 0.9055594205856323 10
1761607791500 0.9040635228157043 11
1761607791804 0.9000522494316101 12
1761607792099 0.9023565053939819 13
1761607792394 0.9021931290626526 14
1761607792685 0.8908938765525818 15
1761607792972 0.8759094476699829 16
1761607793240 0.8799983263015747 17
1761607793513 0.8825398087501526 18
1761607793796 0.8729663491249084 19
1761607794091 0.8705019950866699 20
1761607794366 0.8664159178733826 21
1761607794650 0.8660351634025574 22
1761607794931 0.8496111035346985 23
1761607795213 0.8600088953971863 24
1761607795506 0.8632499575614929 25
1761607795787 0.8409342169761658 26
1761607796070 0.8456860184669495 27
1761607796368 0.8361481428146362 28
1761607796656 0.8274577856063843 29
1761607796922 0.8175169229507446 30
1761607797201 0.8122249245643616 31
1761607797489 0.8014066219329834 32
1761607797794 0.7963608503341675 33
1761607798077 0.7950417399406433 34
1761607798365 0.7913610935211182 35
1761607798652 0.7783897519111633 36
1761607798940 0.7726964950561523 37
1761607799235 0.7544081211090088 38
1761607799556 0.7568835020065308 39
1761607799851 0.7612730264663696 40
1761607800146 0.7636910080909729 41
1761607800442 0.7384659051895142 42
1761607800743 0.7335005402565002 43
1761607801058 0.7269296050071716 44
1761607801342 0.7233854532241821 45
1761607801642 0.7092584371566772 46
1761607801962 0.7005053162574768 47
1761607802250 0.6929727792739868 48
1761607802540 0.6977546811103821 49
1761607788134 0.9737106561660767 0
