1761499877235 0.5254619121551514 0
1761499877518 0.57413250207901 1
1761499877745 0.5790897011756897 2
1761499877969 0.5835962295532227 3
1761499878186 0.5885534286499023 4
1761499878401 0.604776918888092 5
1761499878613 0.6056782603263855 6
1761499878827 0.6061288714408875 7
1761499879104 0.6074808239936829 8
1761499879309 0.6160432696342468 9
1761499879518 0.604776918888092 10
1761499879725 0.6142406463623047 11
1761499879935 0.6232537031173706 12
1761499880146 0.6264082789421082 13
1761499880358 0.6349707245826721 14
1761499880570 0.6345200538635254 15
1761499880783 0.6421811580657959 16
1761499880991 0.6475890278816223 17
1761499881198 0.63316810131073 18
1761499881408 0.6498422622680664 19
1761499881617 0.6417304873466492 20
1761499881824 0.6552501320838928 21
1761499882031 0.657052755355835 22
1761499882240 0.6660658121109009 23
1761499882452 0.6602072715759277 24
1761499882667 0.6714736223220825 25
1761499882875 0.6746281981468201 26
1761499883076 0.6719242930412292 27
1761499883287 0.6858945488929749 28
1761499883498 0.6881478428840637 29
1761499883710 0.6917530298233032 30
1761499883923 0.6962595582008362 31
1761499884133 0.7003154754638672 32
1761499884344 0.6980621814727783 33
1761499884555 0.7187922596931458 34
1761499884766 0.6994141340255737 35
1761499884975 0.7106804847717285 36
1761499885184 0.7120324373245239 37
1761499885393 0.7156376838684082 38
1761499885602 0.7232987880706787 39
1761499885815 0.7201442122459412 40
1761499886021 0.7350157499313354 41
1761499886225 0.7291572690010071 42
1761499886436 0.737719714641571 43
1761499886645 0.7327625155448914 44
1761499886856 0.7278053164482117 45
1761499887066 0.7332131862640381 46
1761499887274 0.7453808188438416 47
1761499887485 0.7386209964752197 48
1761499887695 0.738170325756073 49
1761499877235 0.5254619121551514 0
