1761499877235 0.8536131381988525 0
1761499877518 0.8196874856948853 1
1761499877745 0.8121718168258667 2
1761499877969 0.803366482257843 3
1761499878186 0.7945552468299866 4
1761499878401 0.7870908975601196 5
1761499878613 0.7851614356040955 6
1761499878827 0.7764615416526794 7
1761499879104 0.7738153338432312 8
1761499879309 0.7704911231994629 9
1761499879518 0.7683373689651489 10
1761499879725 0.7607021331787109 11
1761499879935 0.7555139064788818 12
1761499880146 0.7495513558387756 13
1761499880358 0.7441555261611938 14
1761499880570 0.7387145161628723 15
1761499880783 0.736278235912323 16
1761499880991 0.7309738993644714 17
1761499881198 0.733792245388031 18
1761499881408 0.7232125401496887 19
1761499881617 0.7175309658050537 20
1761499881824 0.711371898651123 21
1761499882031 0.7089101672172546 22
1761499882240 0.7019371390342712 23
1761499882452 0.6999261379241943 24
1761499882667 0.6967235207557678 25
1761499882875 0.6899535655975342 26
1761499883076 0.6909445524215698 27
1761499883287 0.6799617409706116 28
1761499883498 0.6806845664978027 29
1761499883710 0.6689849495887756 30
1761499883923 0.6675735116004944 31
1761499884133 0.6645728945732117 32
1761499884344 0.6595808267593384 33
1761499884555 0.6529600620269775 34
1761499884766 0.6549555659294128 35
1761499884975 0.6469477415084839 36
1761499885184 0.6451116800308228 37
1761499885393 0.6408309936523438 38
1761499885602 0.6303632855415344 39
1761499885815 0.6377124190330505 40
1761499886021 0.6296754479408264 41
1761499886225 0.6210886836051941 42
1761499886436 0.6143857836723328 43
1761499886645 0.6137731075286865 44
1761499886856 0.6217100620269775 45
1761499887066 0.6091665625572205 46
1761499887274 0.6027515530586243 47
1761499887485 0.6056182980537415 48
1761499887695 0.5966790318489075 49
1761499877235 0.8536131381988525 0
