1761444361118 0.36502930521965027 0
1761444362403 0.400630921125412 1
1761444363664 0.39612439274787903 2
1761444364531 0.4046868085861206 3
1761444365496 0.3970256745815277 4
1761444366446 0.40018025040626526 5
1761444367475 0.40513744950294495 6
1761444368280 0.40919333696365356 7
1761444369507 0.400630921125412 8
1761444370449 0.40288418531417847 9
1761444371376 0.406038761138916 10
1761444372813 0.4033348262310028 11
1761444374252 0.40919333696365356 12
1761444375693 0.3983776569366455 13
1761444377462 0.40243351459503174 14
1761444379229 0.3943217694759369 15
1761444380668 0.40378549695014954 16
1761444382183 0.4168544411659241 17
1761444385118 0.42045965790748596 18
1761444386609 0.410545289516449 19
1761444388062 0.4132492244243622 20
1761444389656 0.4173050820827484 21
1761444391375 0.4209103286266327 22
1761444393092 0.4146011769771576 23
1761444394897 0.4272194802761078 24
1761444397178 0.41640380024909973 25
1761444398521 0.4249661862850189 26
1761444400075 0.4389364719390869 27
1761444401359 0.4285714328289032 28
1761444402689 0.4335286021232605 29
1761444404352 0.42902207374572754 30
1761444405757 0.4375844895839691 31
1761444407072 0.4384858012199402 32
1761444408555 0.4529067277908325 33
1761444409969 0.44975215196609497 34
1761444411463 0.4529067277908325 35
1761444413148 0.45606130361557007 36
1761444414972 0.4447949528694153 37
1761444416470 0.4601171612739563 38
1761444418022 0.47228482365608215 39
1761444419505 0.4668769836425781 40
1761444421046 0.4614691436290741 41
1761444422552 0.46101847290992737 42
1761444424082 0.47589004039764404 43
1761444425604 0.4867057204246521 44
1761444427137 0.4718341529369354 45
1761444428594 0.4840018153190613 46
1761444431435 0.4894096553325653 47
1761444433047 0.4853537678718567 48
1761444434490 0.4831005036830902 49
1761444361118 0.36502930521965027 0
