1761444361118 1.104080080986023 0
1761444362403 1.0938928127288818 1
1761444363664 1.0944427251815796 2
1761444364531 1.0960659980773926 3
1761444365496 1.0895131826400757 4
1761444366446 1.0919623374938965 5
1761444367475 1.0911544561386108 6
1761444368280 1.0902628898620605 7
1761444369507 1.0873241424560547 8
1761444370449 1.0902085304260254 9
1761444371376 1.087282419204712 10
1761444372813 1.0834285020828247 11
1761444374252 1.0802401304244995 12
1761444375693 1.079067587852478 13
1761444377462 1.0807628631591797 14
1761444379229 1.0846601724624634 15
1761444380668 1.0790194272994995 16
1761444382183 1.079106330871582 17
1761444385118 1.0750954151153564 18
1761444386609 1.076887607574463 19
1761444388062 1.073822021484375 20
1761444389656 1.077844500541687 21
1761444391375 1.0711206197738647 22
1761444393092 1.0698225498199463 23
1761444394897 1.0689358711242676 24
1761444397178 1.0695083141326904 25
1761444398521 1.0627381801605225 26
1761444400075 1.0595171451568604 27
1761444401359 1.0592429637908936 28
1761444402689 1.0596281290054321 29
1761444404352 1.055786371231079 30
1761444405757 1.0574361085891724 31
1761444407072 1.0527664422988892 32
1761444408555 1.0474743843078613 33
1761444409969 1.042113184928894 34
1761444411463 1.038492202758789 35
1761444413148 1.0366543531417847 36
1761444414972 1.0385340452194214 37
1761444416470 1.0302298069000244 38
1761444418022 1.0240017175674438 39
1761444419505 1.0256561040878296 40
1761444421046 1.024219274520874 41
1761444422552 1.023775339126587 42
1761444424082 1.0227664709091187 43
1761444425604 1.0142735242843628 44
1761444427137 1.020933985710144 45
1761444428594 1.0109232664108276 46
1761444431435 1.009017825126648 47
1761444433047 1.0083491802215576 48
1761444434490 1.0044716596603394 49
1761444361118 1.104080080986023 0
