1761516939859 0.5448400378227234 0
1761516940332 0.5448400378227234 1
1761516940749 0.5448400378227234 2
1761516941185 0.5448400378227234 3
1761516941594 0.5448400378227234 4
1761516942003 0.5448400378227234 5
1761516942412 0.5448400378227234 6
1761516942818 0.5448400378227234 7
1761516943226 0.5448400378227234 8
1761516943636 0.5448400378227234 9
1761516944044 0.5448400378227234 10
1761516944456 0.5448400378227234 11
1761516944860 0.5448400378227234 12
1761516945274 0.5421360731124878 13
1761516945678 0.5448400378227234 14
1761516946111 0.539432168006897 15
1761516946530 0.5448400378227234 16
1761516946964 0.5448400378227234 17
1761516947405 0.5448400378227234 18
1761516947829 0.5430374145507812 19
1761516948232 0.5448400378227234 20
1761516948646 0.5448400378227234 21
1761516949112 0.543488085269928 22
1761516949569 0.5461919903755188 23
1761516949982 0.5430374145507812 24
1761516950352 0.5403335094451904 25
1761516950757 0.539432168006897 26
1761516951163 0.543488085269928 27
1761516951571 0.5425867438316345 28
1761516951975 0.5452906489372253 29
1761516952383 0.5443893671035767 30
1761516952786 0.5479946136474609 31
1761516953192 0.5443893671035767 32
1761516953603 0.543488085269928 33
1761516954002 0.5403335094451904 34
1761516954410 0.539432168006897 35
1761516954828 0.5448400378227234 36
1761516955232 0.5439386963844299 37
1761516955635 0.5452906489372253 38
1761516956037 0.5470932722091675 39
1761516956440 0.5470932722091675 40
1761516956839 0.539432168006897 41
1761516957245 0.5452906489372253 42
1761516957649 0.543488085269928 43
1761516958056 0.5497971773147583 44
1761516958465 0.5439386963844299 45
1761516958869 0.5511491894721985 46
1761516959273 0.5470932722091675 47
1761516959678 0.5430374145507812 48
1761516960087 0.5475439429283142 49
1761516939859 0.5448400378227234 0
