1761588706525 0.4440937638282776 0
1761588707044 0.4643823206424713 1
1761588707433 0.475653737783432 2
1761588707823 0.4810640215873718 3
1761588708236 0.484220027923584 4
1761588708636 0.48737600445747375 5
1761588709037 0.5054102540016174 6
1761588709431 0.5049594044685364 7
1761588709830 0.5108205676078796 8
1761588710227 0.5193868279457092 9
1761588710620 0.5365194082260132 10
1761588711071 0.5405771136283875 11
1761588711461 0.5518485307693481 12
1761588711867 0.5807033181190491 13
1761588712267 0.5811541676521301 14
1761588712659 0.5856627821922302 15
1761588713061 0.5915238857269287 16
1761588713468 0.6185752749443054 17
1761588713867 0.6203787326812744 18
1761588714273 0.6199278831481934 19
1761588714739 0.6203787326812744 20
1761588715150 0.646528422832489 21
1761588715576 0.6587015390396118 22
1761588715986 0.6519386768341064 23
1761588716394 0.6636609435081482 24
1761588716844 0.6744815111160278 25
1761588717270 0.661857545375824 26
1761588717677 0.6803426742553711 27
1761588718083 0.6907123327255249 28
1761588718495 0.6880072355270386 29
1761588718887 0.7046889066696167 30
1761588719287 0.695671796798706 31
1761588719675 0.7159603238105774 32
1761588720107 0.7010820508003235 33
1761588720522 0.7186654806137085 34
1761588720922 0.711000919342041 35
1761588721339 0.7123534679412842 36
1761588721744 0.7290351390838623 37
1761588722146 0.7389540076255798 38
1761588722546 0.7416591644287109 39
1761588722948 0.742110013961792 40
1761588723360 0.7371506094932556 41
1761588723746 0.744364321231842 42
1761588724133 0.755635678768158 43
1761588724532 0.7542831301689148 44
1761588724936 0.7488728761672974 45
1761588725358 0.7691614031791687 46
1761588725766 0.775022566318512 47
1761588726189 0.7795311212539673 48
1761588726617 0.7790802717208862 49
1761588727021 0.7678088545799255 50
1761588727454 0.7817853689193726 51
1761588727887 0.78944993019104 52
1761588728308 0.7871956825256348 53
1761588728737 0.7944093942642212 54
1761588729149 0.8034265041351318 55
1761588729553 0.7980162501335144 56
1761588729954 0.7885482311248779 57
1761588730355 0.8115419149398804 58
1761588730756 0.8020739555358887 59
1761588731139 0.8196573257446289 60
1761588731576 0.8151487708091736 61
1761588732064 0.804779052734375 62
1761588732520 0.807033360004425 63
1761588732963 0.821911633014679 64
1761588733423 0.8345355987548828 65
1761588733909 0.8340847492218018 66
1761588734358 0.8282236456871033 67
1761588734772 0.8318305015563965 68
1761588735222 0.839945912361145 69
1761588735692 0.8336338996887207 70
1761588736156 0.8318305015563965 71
1761588736601 0.8462578654289246 72
1761588737022 0.8458070158958435 73
1761588737482 0.8458070158958435 74
1761588737932 0.8426510095596313 75
1761588738417 0.8503155708312988 76
1761588738889 0.8615869879722595 77
1761588739333 0.8611361384391785 78
1761588739763 0.8471596240997314 79
1761588740223 0.8575292825698853 80
1761588740656 0.8674481511116028 81
1761588741093 0.8597835898399353 82
1761588741553 0.8485121726989746 83
1761588742002 0.8566275835037231 84
1761588742446 0.8728584051132202 85
1761588742885 0.8737601637840271 86
1761588743323 0.8818755745887756 87
1761588743757 0.886384129524231 88
1761588744220 0.8724075555801392 89
1761588744653 0.8809738755226135 90
1761588745090 0.8890892863273621 91
1761588745488 0.8751127123832703 92
1761588745895 0.8782687187194824 93
1761588746319 0.8954012393951416 94
1761588746684 0.8697024583816528 95
1761588747073 0.8845807313919067 96
1761588747510 0.886384129524231 97
1761588747902 0.8832281231880188 98
1761588748306 0.8845807313919067 99
1761588706525 0.4440937638282776 0
