1761588706525 1.0594226121902466 0
1761588707044 1.0406649112701416 1
1761588707433 1.029022216796875 2
1761588707823 1.0228523015975952 3
1761588708236 1.0142197608947754 4
1761588708636 1.0052762031555176 5
1761588709037 0.9948708415031433 6
1761588709431 0.9859429597854614 7
1761588709830 0.9854333400726318 8
1761588710227 0.9682807326316833 9
1761588710620 0.9551603198051453 10
1761588711071 0.9478864073753357 11
1761588711461 0.9341745972633362 12
1761588711867 0.9133235812187195 13
1761588712267 0.8993028402328491 14
1761588712659 0.8877114653587341 15
1761588713061 0.8753973245620728 16
1761588713468 0.8549417853355408 17
1761588713867 0.8419678807258606 18
1761588714273 0.8387090563774109 19
1761588714739 0.8159599900245667 20
1761588715150 0.8001351356506348 21
1761588715576 0.7798951268196106 22
1761588715986 0.7809168100357056 23
1761588716394 0.7536254525184631 24
1761588716844 0.7421943545341492 25
1761588717270 0.7575455904006958 26
1761588717677 0.732212245464325 27
1761588718083 0.7084134221076965 28
1761588718495 0.7034328579902649 29
1761588718887 0.6955286860466003 30
1761588719287 0.6958186626434326 31
1761588719675 0.6627886295318604 32
1761588720107 0.6826886534690857 33
1761588720522 0.6521984934806824 34
1761588720922 0.6661437749862671 35
1761588721339 0.65607750415802 36
1761588721744 0.6406707167625427 37
1761588722146 0.6108238697052002 38
1761588722546 0.6063298583030701 39
1761588722948 0.5988319516181946 40
1761588723360 0.6002644300460815 41
1761588723746 0.6050914525985718 42
1761588724133 0.565364420413971 43
1761588724532 0.5768874883651733 44
1761588724936 0.5859897136688232 45
1761588725358 0.5551615357398987 46
1761588725766 0.5344177484512329 47
1761588726189 0.5317834615707397 48
1761588726617 0.5222604870796204 49
1761588727021 0.5402168035507202 50
1761588727454 0.5214524269104004 51
1761588727887 0.5060993432998657 52
1761588728308 0.5027260184288025 53
1761588728737 0.49169427156448364 54
1761588729149 0.475383996963501 55
1761588729553 0.4623327851295471 56
1761588729954 0.4904813766479492 57
1761588730355 0.47321221232414246 58
1761588730756 0.46718037128448486 59
1761588731139 0.4554993808269501 60
1761588731576 0.45586058497428894 61
1761588732064 0.48153501749038696 62
1761588732520 0.4682503938674927 63
1761588732963 0.4296676814556122 64
1761588733423 0.40650248527526855 65
1761588733909 0.42240941524505615 66
1761588734358 0.4155518412590027 67
1761588734772 0.4078318178653717 68
1761588735222 0.4008871614933014 69
1761588735692 0.3950919508934021 70
1761588736156 0.38987958431243896 71
1761588736601 0.3855088949203491 72
1761588737022 0.39173245429992676 73
1761588737482 0.3830568790435791 74
1761588737932 0.3765949308872223 75
1761588738417 0.3819054961204529 76
1761588738889 0.35353994369506836 77
1761588739333 0.35192278027534485 78
1761588739763 0.3715164363384247 79
1761588740223 0.36505985260009766 80
1761588740656 0.33562636375427246 81
1761588741093 0.33846336603164673 82
1761588741553 0.3783853352069855 83
1761588742002 0.3456205725669861 84
1761588742446 0.31645819544792175 85
1761588742885 0.31659770011901855 86
1761588743323 0.30832070112228394 87
1761588743757 0.30910125374794006 88
1761588744220 0.30667129158973694 89
1761588744653 0.30412575602531433 90
1761588745090 0.2891148030757904 91
1761588745488 0.30689263343811035 92
1761588745895 0.3164548873901367 93
1761588746319 0.28160345554351807 94
1761588746684 0.313995897769928 95
1761588747073 0.31478971242904663 96
1761588747510 0.30027732253074646 97
1761588747902 0.2969067096710205 98
1761588748306 0.3168617784976959 99
1761588706525 1.0594226121902466 0
