1761585660247 0.531559944152832 0
1761585660489 0.5658250451087952 1
1761585660726 0.5716862082481384 2
1761585660977 0.5856627821922302 3
1761585661201 0.5829576253890991 4
1761585661417 0.5879170298576355 5
1761585661636 0.6014427542686462 6
1761585661851 0.6068530082702637 7
1761585662069 0.6239855885505676 8
1761585662286 0.6154192686080933 9
1761585662505 0.6280432939529419 10
1761585662724 0.630748450756073 11
1761585662939 0.6478809714317322 12
1761585663152 0.6555455327033997 13
1761585663365 0.6537421345710754 14
1761585663581 0.661857545375824 15
1761585663803 0.6591523885726929 16
1761585664018 0.6785392165184021 17
1761585664233 0.678088366985321 18
1761585664457 0.6884580850601196 19
1761585664680 0.6943191885948181 20
1761585664902 0.7010820508003235 21
1761585665116 0.6925157904624939 22
1761585665331 0.7024345993995667 23
1761585665541 0.7001803517341614 24
1761585665758 0.708746612071991 25
1761585665983 0.7218214869499207 26
1761585666199 0.7168620228767395 27
1761585666417 0.7231740355491638 28
1761585666629 0.7186654806137085 29
1761585666861 0.7209197282791138 30
1761585667076 0.7362488508224487 31
1761585667291 0.7299368977546692 32
1761585667510 0.7394048571586609 33
1761585667725 0.7380523085594177 34
1761585667940 0.7457168698310852 35
1761585668157 0.7511271238327026 36
1761585668370 0.744364321231842 37
1761585668584 0.7430117130279541 38
1761585668801 0.7529305815696716 39
1761585669008 0.7529305815696716 40
1761585669228 0.7633002996444702 41
1761585669447 0.757439136505127 42
1761585669662 0.7542831301689148 43
1761585669876 0.759693443775177 44
1761585670091 0.7610459923744202 45
1761585670309 0.7673580050468445 46
1761585670523 0.7709648609161377 47
1761585670741 0.7723174095153809 48
1761585670955 0.7687105536460876 49
1761585671176 0.7655545473098755 50
1761585671392 0.773219108581543 51
1761585671600 0.7763751149177551 52
1761585671817 0.773219108581543 53
1761585672031 0.7790802717208862 54
1761585672250 0.7772768139839172 55
1761585672463 0.7903516888618469 56
1761585672674 0.7826871275901794 57
1761585672886 0.7759242653846741 58
1761585673100 0.775022566318512 59
1761585673320 0.7876465320587158 60
1761585673539 0.7835888266563416 61
1761585673747 0.7835888266563416 62
1761585673962 0.7844905257225037 63
1761585674217 0.791253387928009 64
1761585674436 0.7939585447311401 65
1761585674666 0.7867448329925537 66
1761585674887 0.788999080657959 67
1761585675108 0.7853922247886658 68
1761585675333 0.7858430743217468 69
1761585675548 0.7899008393287659 70
1761585675761 0.7984670996665955 71
1761585675984 0.7921550869941711 72
1761585676199 0.7989179491996765 73
1761585676413 0.8052299618721008 74
1761585676629 0.8056808114051819 75
1761585676843 0.7993687987327576 76
1761585677067 0.8016231060028076 77
1761585677284 0.8074842095375061 78
1761585677501 0.7926059365272522 79
1761585677721 0.7989179491996765 80
1761585677935 0.7930567860603333 81
1761585678149 0.8002704977989197 82
1761585678373 0.806582510471344 83
1761585678587 0.8061316609382629 84
1761585678801 0.8052299618721008 85
1761585679008 0.8092876672744751 86
1761585679220 0.8074842095375061 87
1761585679443 0.7993687987327576 88
1761585679645 0.8137962222099304 89
1761585679852 0.8155996203422546 90
1761585680064 0.8142470717430115 91
1761585680283 0.8056808114051819 92
1761585680505 0.8155996203422546 93
1761585680723 0.808836817741394 94
1761585680933 0.8237150311470032 95
1761585681146 0.8169522285461426 96
1761585681361 0.8178539276123047 97
1761585681573 0.8174030780792236 98
1761585681786 0.8119927644729614 99
1761585660247 0.531559944152832 0
