1761585660247 0.928780198097229 0
1761585660489 0.8437385559082031 1
1761585660726 0.8325325846672058 2
1761585660977 0.8246520757675171 3
1761585661201 0.8189598321914673 4
1761585661417 0.8111763000488281 5
1761585661636 0.8017745018005371 6
1761585661851 0.7937377095222473 7
1761585662069 0.7903646230697632 8
1761585662286 0.7795801162719727 9
1761585662505 0.775054395198822 10
1761585662724 0.7654187679290771 11
1761585662939 0.7564132213592529 12
1761585663152 0.7491788864135742 13
1761585663365 0.7430373430252075 14
1761585663581 0.7341951131820679 15
1761585663803 0.7258249521255493 16
1761585664018 0.7175659537315369 17
1761585664233 0.7163224816322327 18
1761585664457 0.7043076157569885 19
1761585664680 0.693793535232544 20
1761585664902 0.6876609921455383 21
1761585665116 0.6865048408508301 22
1761585665331 0.6792097687721252 23
1761585665541 0.6754146814346313 24
1761585665758 0.6687507629394531 25
1761585665983 0.6582203507423401 26
1761585666199 0.6511156558990479 27
1761585666417 0.6460627913475037 28
1761585666629 0.6479462385177612 29
1761585666861 0.6371244192123413 30
1761585667076 0.6314677596092224 31
1761585667291 0.629371702671051 32
1761585667510 0.6241077780723572 33
1761585667725 0.6174154877662659 34
1761585667940 0.6095326542854309 35
1761585668157 0.6009376645088196 36
1761585668370 0.6128347516059875 37
1761585668584 0.6052138805389404 38
1761585668801 0.5921457409858704 39
1761585669008 0.5931262969970703 40
1761585669228 0.5897896885871887 41
1761585669447 0.588397204875946 42
1761585669662 0.5854412913322449 43
1761585669876 0.5759417414665222 44
1761585670091 0.580039381980896 45
1761585670309 0.5783411860466003 46
1761585670523 0.5645400285720825 47
1761585670741 0.5616849064826965 48
1761585670955 0.5618555545806885 49
1761585671176 0.5589504837989807 50
1761585671392 0.5545232892036438 51
1761585671600 0.547048807144165 52
1761585671817 0.5496121644973755 53
1761585672031 0.542971134185791 54
1761585672250 0.5404773950576782 55
1761585672463 0.5406901240348816 56
1761585672674 0.5332455039024353 57
1761585672886 0.540562093257904 58
1761585673100 0.5332678556442261 59
1761585673320 0.5280839800834656 60
1761585673539 0.5348660945892334 61
1761585673747 0.5289705395698547 62
1761585673962 0.520142674446106 63
1761585674217 0.5208180546760559 64
1761585674436 0.5121314525604248 65
1761585674666 0.5176442265510559 66
1761585674887 0.5058413147926331 67
1761585675108 0.5128451585769653 68
1761585675333 0.5138638019561768 69
1761585675548 0.5064857006072998 70
1761585675761 0.5024722814559937 71
1761585675984 0.4957743287086487 72
1761585676199 0.4943265914916992 73
1761585676413 0.5020943284034729 74
1761585676629 0.49271517992019653 75
1761585676843 0.4958743155002594 76
1761585677067 0.49481895565986633 77
1761585677284 0.48308154940605164 78
1761585677501 0.49865254759788513 79
1761585677721 0.48568370938301086 80
1761585677935 0.4963618218898773 81
1761585678149 0.48625168204307556 82
1761585678373 0.47736939787864685 83
1761585678587 0.4751710891723633 84
1761585678801 0.48374131321907043 85
1761585679008 0.4712277948856354 86
1761585679220 0.4800242781639099 87
1761585679443 0.46919888257980347 88
1761585679645 0.4659341275691986 89
1761585679852 0.462266743183136 90
1761585680064 0.46299925446510315 91
1761585680283 0.47246253490448 92
1761585680505 0.45954716205596924 93
1761585680723 0.46405288577079773 94
1761585680933 0.45814043283462524 95
1761585681146 0.45414015650749207 96
1761585681361 0.44988858699798584 97
1761585681573 0.4495033323764801 98
1761585681786 0.45672476291656494 99
1761585660247 0.928780198097229 0
