1761464999611 0.4326273202896118 0
1761465000111 0.46958088874816895 1
1761465000503 0.4727354645729065 2
1761465000894 0.4727354645729065 3
1761465001284 0.48625507950782776 4
1761465001680 0.480396568775177 5
1761465002089 0.48490309715270996 6
1761465002502 0.5078864097595215 7
1761465002918 0.5065344572067261 8
1761465003341 0.5187020897865295 9
1761465003763 0.5191527605056763 10
1761465004183 0.5056331753730774 11
1761465004594 0.5281658172607422 12
1761465005005 0.5223073363304138 13
1761465005414 0.5268138647079468 14
1761465005832 0.5439386963844299 15
1761465006243 0.5421360731124878 16
1761465006653 0.5412347912788391 17
1761465007066 0.5443893671035767 18
1761465007476 0.5371789336204529 19
1761465007894 0.5556557178497314 20
1761465008308 0.5439386963844299 21
1761465008735 0.5624154806137085 22
1761465009152 0.554754376411438 23
1761465009553 0.569625973701477 24
1761465009971 0.5826948881149292 25
1761465010383 0.5799909830093384 26
1761465010792 0.5844975113868713 27
1761465011207 0.6052275896072388 28
1761465011619 0.5826948881149292 29
1761465012030 0.5899053812026978 30
1761465012439 0.6038756370544434 31
1761465012855 0.5971158146858215 32
1761465013275 0.5944119095802307 33
1761465013666 0.6029742956161499 34
1761465014051 0.6191978454589844 35
1761465014465 0.617845892906189 36
1761465014874 0.6349707245826721 37
1761465015286 0.6223524212837219 38
1761465015700 0.6255069971084595 39
1761465016112 0.6376746296882629 40
1761465016528 0.6313654780387878 41
1761465016934 0.6489409804344177 42
1761465017324 0.6300135254859924 43
1761465017740 0.629112184047699 44
1761465018130 0.6381253004074097 45
1761465018525 0.6588553190231323 46
1761465018915 0.6376746296882629 47
1761465019325 0.659305989742279 48
1761465019735 0.668319046497345 49
1761464999611 0.4326273202896118 0
