1761464999611 1.0640320777893066 0
1761465000111 1.037055253982544 1
1761465000503 1.0343273878097534 2
1761465000894 1.0299242734909058 3
1761465001284 1.019431233406067 4
1761465001680 1.0129772424697876 5
1761465002089 1.0153595209121704 6
1761465002502 1.0053126811981201 7
1761465002918 1.0001319646835327 8
1761465003341 0.988279402256012 9
1761465003763 0.9896799921989441 10
1761465004183 0.9938974976539612 11
1761465004594 0.9849739670753479 12
1761465005005 0.977660059928894 13
1761465005414 0.9656938910484314 14
1761465005832 0.9661393761634827 15
1761465006243 0.9600783586502075 16
1761465006653 0.9640552401542664 17
1761465007066 0.9547476172447205 18
1761465007476 0.9446229934692383 19
1761465007894 0.9464807510375977 20
1761465008308 0.9479032158851624 21
1761465008735 0.9255637526512146 22
1761465009152 0.9279666543006897 23
1761465009553 0.9156994223594666 24
1761465009971 0.9002456665039062 25
1761465010383 0.9126883149147034 26
1761465010792 0.8972930908203125 27
1761465011207 0.890904426574707 28
1761465011619 0.8877437710762024 29
1761465012030 0.8753632307052612 30
1761465012439 0.8632371425628662 31
1761465012855 0.8705352544784546 32
1761465013275 0.8745477795600891 33
1761465013666 0.8669449090957642 34
1761465014051 0.8362783789634705 35
1761465014465 0.8411730527877808 36
1761465014874 0.8264352679252625 37
1761465015286 0.8277965784072876 38
1761465015700 0.8260341882705688 39
1761465016112 0.8197266459465027 40
1761465016528 0.8127830624580383 41
1761465016934 0.8006402254104614 42
1761465017324 0.7995622754096985 43
1761465017740 0.8101610541343689 44
1761465018130 0.8022465109825134 45
1761465018525 0.7758727669715881 46
1761465018915 0.7865966558456421 47
1761465019325 0.7735881805419922 48
1761465019735 0.7576780915260315 49
1761464999611 1.0640320777893066 0
