1761593225448 0.3841298520565033 0
1761593226403 0.402164101600647 1
1761593227292 0.4165915250778198 2
1761593228255 0.41749322414398193 3
1761593229168 0.43688008189201355 4
1761593230062 0.4477006196975708 5
1761593230959 0.46483317017555237 6
1761593231878 0.45761948823928833 7
1761593232870 0.48467087745666504 8
1761593233814 0.4941388666629791 9
1761593234723 0.5031560063362122 10
1761593235619 0.5126239657402039 11
1761593236515 0.5252479910850525 12
1761593237417 0.5234445333480835 13
1761593238309 0.5414788126945496 14
1761593239220 0.562218189239502 15
1761593240148 0.5626690983772278 16
1761593241046 0.5712353587150574 17
1761593241974 0.5847610235214233 18
1761593242923 0.5946798920631409 19
1761593243869 0.5964832901954651 20
1761593244761 0.6172227263450623 21
1761593245657 0.6208295822143555 22
1761593246550 0.6203787326812744 23
1761593247441 0.630748450756073 24
1761593248374 0.6379621028900146 25
1761593249332 0.6433724164962769 26
1761593250309 0.6596032381057739 27
1761593251210 0.6627592444419861 28
1761593252117 0.6713255047798157 29
1761593253005 0.6717763543128967 30
1761593253889 0.6785392165184021 31
1761593254786 0.6943191885948181 32
1761593255698 0.6898106336593628 33
1761593256620 0.7191163301467896 34
1761593257561 0.7285842895507812 35
1761593258493 0.7227231860160828 36
1761593259596 0.740306556224823 37
1761593261090 0.7371506094932556 38
1761593262213 0.7366997003555298 39
1761593263222 0.7614968419075012 40
1761593264214 0.7768259644508362 41
1761593265180 0.7678088545799255 42
1761593266156 0.7745716571807861 43
1761593267175 0.7660053968429565 44
1761593268164 0.7858430743217468 45
1761593269189 0.7957619428634644 46
1761593270173 0.788999080657959 47
1761593271154 0.8011722564697266 48
1761593272090 0.8119927644729614 49
1761593273077 0.8277727961540222 50
1761593274078 0.8133453726768494 51
1761593275003 0.8174030780792236 52
1761593275944 0.8309287428855896 53
1761593276905 0.8372407555580139 54
1761593277828 0.8390442132949829 55
1761593278857 0.837691605091095 56
1761593279810 0.8579801917076111 57
1761593280819 0.8521190285682678 58
1761593281892 0.8494138717651367 59
1761593283104 0.8629395961761475 60
1761593284232 0.8651938438415527 61
1761593285337 0.8841298222541809 62
1761593286307 0.8737601637840271 63
1761593287277 0.8570784330368042 64
1761593288210 0.8787195682525635 65
1761593289186 0.8737601637840271 66
1761593290127 0.8728584051132202 67
1761593291122 0.8760144114494324 68
1761593292234 0.8823264241218567 69
1761593293213 0.902614951133728 70
1761593294279 0.902614951133728 71
1761593295377 0.8999098539352417 72
1761593296499 0.9116321206092834 73
1761593297577 0.9030658006668091 74
1761593298542 0.8890892863273621 75
1761593299540 0.9048692584037781 76
1761593300515 0.9062218070030212 77
1761593301512 0.9125338196754456 78
1761593302481 0.9156898260116577 79
1761593303434 0.9125338196754456 80
1761593304365 0.9256086349487305 81
1761593305396 0.902164101600647 82
1761593306363 0.9107303619384766 83
1761593307278 0.9247069358825684 84
1761593308200 0.9283137917518616 85
1761593309113 0.9138863682746887 86
1761593310029 0.9152389764785767 87
1761593310992 0.9256086349487305 88
1761593311911 0.9220017790794373 89
1761593312867 0.9283137917518616 90
1761593313781 0.9404869079589844 91
1761593314702 0.9341749548912048 92
1761593315658 0.9431920647621155 93
1761593316772 0.9386835098266602 94
1761593317752 0.9391343593597412 95
1761593318733 0.9477006196975708 96
1761593319686 0.9463480710983276 97
1761593320622 0.935527503490448 98
1761593321579 0.9314697980880737 99
1761593225448 0.3841298520565033 0
