1761593225448 1.0971195697784424 0
1761593226403 1.0837428569793701 1
1761593227292 1.0807183980941772 2
1761593228255 1.076433777809143 3
1761593229168 1.0611603260040283 4
1761593230062 1.057854413986206 5
1761593230959 1.0477030277252197 6
1761593231878 1.0398191213607788 7
1761593232870 1.0239338874816895 8
1761593233814 1.0227200984954834 9
1761593234723 1.0088989734649658 10
1761593235619 0.9895257353782654 11
1761593236515 0.9729775786399841 12
1761593237417 0.9683342576026917 13
1761593238309 0.9495680928230286 14
1761593239220 0.9279630184173584 15
1761593240148 0.9256935119628906 16
1761593241046 0.903022825717926 17
1761593241974 0.8890491127967834 18
1761593242923 0.8706859946250916 19
1761593243869 0.8628612756729126 20
1761593244761 0.8415741324424744 21
1761593245657 0.8195832967758179 22
1761593246550 0.8234127163887024 23
1761593247441 0.8002382516860962 24
1761593248374 0.7804700136184692 25
1761593249332 0.7771861553192139 26
1761593250309 0.752363383769989 27
1761593251210 0.736907958984375 28
1761593252117 0.7157114744186401 29
1761593253005 0.7021435499191284 30
1761593253889 0.7068436741828918 31
1761593254786 0.6785252690315247 32
1761593255698 0.6757990121841431 33
1761593256620 0.6415173411369324 34
1761593257561 0.6159291863441467 35
1761593258493 0.6121090054512024 36
1761593259596 0.5784322619438171 37
1761593261090 0.581356406211853 38
1761593262213 0.5786179304122925 39
1761593263222 0.5446367859840393 40
1761593264214 0.5172722935676575 41
1761593265180 0.5284908413887024 42
1761593266156 0.4976958632469177 43
1761593267175 0.5237907767295837 44
1761593268164 0.4902028441429138 45
1761593269189 0.4595377743244171 46
1761593270173 0.47900351881980896 47
1761593271154 0.4762263894081116 48
1761593272090 0.439690500497818 49
1761593273077 0.3898720443248749 50
1761593274078 0.4210710823535919 51
1761593275003 0.41509246826171875 52
1761593275944 0.3990541398525238 53
1761593276905 0.37180379033088684 54
1761593277828 0.38523054122924805 55
1761593278857 0.37947872281074524 56
1761593279810 0.34464186429977417 57
1761593280819 0.34688594937324524 58
1761593281892 0.3543149530887604 59
1761593283104 0.32268574833869934 60
1761593284232 0.31243062019348145 61
1761593285337 0.27868202328681946 62
1761593286307 0.3073042035102844 63
1761593287277 0.3442525863647461 64
1761593288210 0.2791288197040558 65
1761593289186 0.30343031883239746 66
1761593290127 0.28971612453460693 67
1761593291122 0.30381879210472107 68
1761593292234 0.27027979493141174 69
1761593293213 0.2563529312610626 70
1761593294279 0.2410789281129837 71
1761593295377 0.244383305311203 72
1761593296499 0.22174648940563202 73
1761593297577 0.24603785574436188 74
1761593298542 0.26657626032829285 75
1761593299540 0.23982861638069153 76
1761593300515 0.22687175869941711 77
1761593301512 0.21960832178592682 78
1761593302481 0.21264676749706268 79
1761593303434 0.2088148444890976 80
1761593304365 0.18700268864631653 81
1761593305396 0.25275278091430664 82
1761593306363 0.22668561339378357 83
1761593307278 0.18473640084266663 84
1761593308200 0.17291909456253052 85
1761593309113 0.20177379250526428 86
1761593310029 0.21812893450260162 87
1761593310992 0.18256136775016785 88
1761593311911 0.21034249663352966 89
1761593312867 0.19539566338062286 90
1761593313781 0.15087059140205383 91
1761593314702 0.16769161820411682 92
1761593315658 0.153038889169693 93
1761593316772 0.15366952121257782 94
1761593317752 0.16716039180755615 95
1761593318733 0.15117180347442627 96
1761593319686 0.14188261330127716 97
1761593320622 0.17193426191806793 98
1761593321579 0.1656268835067749 99
1761593225448 1.0971195697784424 0
