1761590057450 0.4720468819141388 0
1761590057707 0.4747520387172699 1
1761590057980 0.4729486107826233 2
1761590058213 0.5045085549354553 3
1761590058448 0.5058611631393433 4
1761590058678 0.5103697180747986 5
1761590058916 0.5126239657402039 6
1761590059150 0.5139765739440918 7
1761590059387 0.5252479910850525 8
1761590059643 0.5293056964874268 9
1761590059884 0.5293056964874268 10
1761590060156 0.5342651009559631 11
1761590060394 0.5392245054244995 12
1761590060664 0.5302073955535889 13
1761590060901 0.5482416749000549 14
1761590061166 0.546889066696167 15
1761590061444 0.5495942234992981 16
1761590061673 0.5504959225654602 17
1761590061905 0.5554553866386414 18
1761590062129 0.5734896063804626 19
1761590062363 0.5545536279678345 20
1761590062580 0.5685302019119263 21
1761590062818 0.5707845091819763 22
1761590063055 0.582055926322937 23
1761590063278 0.5721370577812195 24
1761590063510 0.5775473117828369 25
1761590063725 0.6027953028678894 26
1761590063957 0.6041478514671326 27
1761590064199 0.5996392965316772 28
1761590064425 0.6032461524009705 29
1761590064664 0.6122633218765259 30
1761590064889 0.6181244254112244 31
1761590065110 0.6226329803466797 32
1761590065348 0.6163210272789001 33
1761590065581 0.6158701777458191 34
1761590065809 0.6230838298797607 35
1761590066026 0.6384130120277405 36
1761590066245 0.6348061561584473 37
1761590066458 0.6330026984214783 38
1761590066688 0.6330026984214783 39
1761590066914 0.6388638615608215 40
1761590067137 0.64472496509552 41
1761590067370 0.6316501498222351 42
1761590067634 0.6429215669631958 43
1761590067879 0.6514878273010254 44
1761590068109 0.6384130120277405 45
1761590068334 0.6627592444419861 46
1761590068556 0.6609557867050171 47
1761590068773 0.6510369777679443 48
1761590068996 0.660504937171936 49
1761590069215 0.6591523885726929 50
1761590069440 0.6654644012451172 51
1761590069676 0.6744815111160278 52
1761590069913 0.6663661003112793 53
1761590070135 0.6704238057136536 54
1761590070342 0.6789900660514832 55
1761590070580 0.6812443733215332 56
1761590070809 0.6731289625167847 57
1761590071043 0.675834059715271 58
1761590071293 0.6893597841262817 59
1761590071528 0.6816952228546143 60
1761590071764 0.6871054768562317 61
1761590072000 0.6803426742553711 62
1761590072229 0.6965734958648682 63
1761590072452 0.6893597841262817 64
1761590072668 0.6875563859939575 65
1761590072894 0.6889089345932007 66
1761590073128 0.6902614831924438 67
1761590073361 0.6938683390617371 68
1761590073615 0.6970243453979492 69
1761590073839 0.6979260444641113 70
1761590074092 0.6943191885948181 71
1761590074375 0.6974751949310303 72
1761590074592 0.7006312012672424 73
1761590074831 0.6983768939971924 74
1761590075074 0.6983768939971924 75
1761590075305 0.7033363580703735 76
1761590075535 0.6965734958648682 77
1761590075763 0.7132551670074463 78
1761590076018 0.7123534679412842 79
1761590076245 0.7155094742774963 80
1761590076471 0.7200180292129517 81
1761590076703 0.711000919342041 82
1761590076938 0.7051397562026978 83
1761590077166 0.7182146310806274 84
1761590077388 0.7222723364830017 85
1761590077610 0.7168620228767395 86
1761590077836 0.7281334400177002 87
1761590078061 0.7222723364830017 88
1761590078345 0.7150586247444153 89
1761590078581 0.7200180292129517 90
1761590078794 0.7209197282791138 91
1761590079018 0.7276825904846191 92
1761590079242 0.7317402958869934 93
1761590079475 0.7312894463539124 94
1761590079710 0.7213705778121948 95
1761590079954 0.7195671796798706 96
1761590080195 0.7240757346153259 97
1761590080426 0.726330041885376 98
1761590080668 0.7236248850822449 99
1761590057450 0.4720468819141388 0
