1761590057450 1.0500121116638184 0
1761590057707 1.0187952518463135 1
1761590057980 1.008711576461792 2
1761590058213 1.0001920461654663 3
1761590058448 0.994537353515625 4
1761590058678 0.988963782787323 5
1761590058916 0.9853456020355225 6
1761590059150 0.9805101156234741 7
1761590059387 0.9764077663421631 8
1761590059643 0.9705390930175781 9
1761590059884 0.9676128625869751 10
1761590060156 0.960167646408081 11
1761590060394 0.959086537361145 12
1761590060664 0.9511750936508179 13
1761590060901 0.9457937479019165 14
1761590061166 0.9431490302085876 15
1761590061444 0.9357326626777649 16
1761590061673 0.9312981963157654 17
1761590061905 0.9292275309562683 18
1761590062129 0.9178879857063293 19
1761590062363 0.9199849367141724 20
1761590062580 0.9154845476150513 21
1761590062818 0.9093935489654541 22
1761590063055 0.9005917906761169 23
1761590063278 0.9026442766189575 24
1761590063510 0.897233247756958 25
1761590063725 0.8835843801498413 26
1761590063957 0.8807203769683838 27
1761590064199 0.8792853355407715 28
1761590064425 0.873509407043457 29
1761590064664 0.8697178959846497 30
1761590064889 0.8610473871231079 31
1761590065110 0.8537166118621826 32
1761590065348 0.8570610284805298 33
1761590065581 0.8474346399307251 34
1761590065809 0.8439592719078064 35
1761590066026 0.8359002470970154 36
1761590066245 0.830934464931488 37
1761590066458 0.8338704705238342 38
1761590066688 0.8287320733070374 39
1761590066914 0.8204074501991272 40
1761590067137 0.8114340305328369 41
1761590067370 0.8156507611274719 42
1761590067634 0.8162121176719666 43
1761590067879 0.8041396737098694 44
1761590068109 0.8130791187286377 45
1761590068334 0.7897503972053528 46
1761590068556 0.7876715064048767 47
1761590068773 0.7918484807014465 48
1761590068996 0.7807372212409973 49
1761590069215 0.7807661294937134 50
1761590069440 0.7768508195877075 51
1761590069676 0.7695167064666748 52
1761590069913 0.7717847228050232 53
1761590070135 0.7721508741378784 54
1761590070342 0.7593640089035034 55
1761590070580 0.7537112236022949 56
1761590070809 0.7654111385345459 57
1761590071043 0.749461829662323 58
1761590071293 0.7451066374778748 59
1761590071528 0.7535951137542725 60
1761590071764 0.7427209615707397 61
1761590072000 0.7443004250526428 62
1761590072229 0.7312564849853516 63
1761590072452 0.7353438138961792 64
1761590072668 0.7307625412940979 65
1761590072894 0.7350311875343323 66
1761590073128 0.7415364384651184 67
1761590073361 0.7195811867713928 68
1761590073615 0.7154127359390259 69
1761590073839 0.7152884006500244 70
1761590074092 0.7205934524536133 71
1761590074375 0.72174072265625 72
1761590074592 0.7155364155769348 73
1761590074831 0.7168080806732178 74
1761590075074 0.7124241590499878 75
1761590075305 0.7039053440093994 76
1761590075535 0.708109974861145 77
1761590075763 0.6939266324043274 78
1761590076018 0.6955288052558899 79
1761590076245 0.6903765201568604 80
1761590076471 0.6869903802871704 81
1761590076703 0.6973001956939697 82
1761590076938 0.6951303482055664 83
1761590077166 0.6817705035209656 84
1761590077388 0.6895952224731445 85
1761590077610 0.6895660161972046 86
1761590077836 0.676695704460144 87
1761590078061 0.6705358028411865 88
1761590078345 0.6811279058456421 89
1761590078581 0.6708047389984131 90
1761590078794 0.6773998141288757 91
1761590079018 0.6573812365531921 92
1761590079242 0.6617423892021179 93
1761590079475 0.6553168296813965 94
1761590079710 0.6726307272911072 95
1761590079954 0.673438549041748 96
1761590080195 0.6519978046417236 97
1761590080426 0.6597557663917542 98
1761590080668 0.6665501594543457 99
1761590057450 1.0500121116638184 0
