1761617548868 0.4860234558582306 0
1761617549560 0.49864742159843445 1
1761617550187 0.49684399366378784 2
1761617550835 0.48917943239212036 3
1761617551437 0.49594229459762573 4
1761617552068 0.5040577054023743 5
1761617552648 0.5072137117385864 6
1761617553263 0.49684399366378784 7
1761617553863 0.4896303117275238 8
1761617554380 0.5036068558692932 9
1761617554754 0.49954915046691895 10
1761617555413 0.5049594044685364 11
1761617556084 0.50225430727005 12
1761617556702 0.5085662603378296 13
1761617557327 0.5067628622055054 14
1761617557933 0.5126239657402039 15
1761617558452 0.5162308216094971 16
1761617558897 0.5094679594039917 17
1761617559527 0.5112714171409607 18
1761617560061 0.5081154108047485 19
1761617560578 0.5072137117385864 20
1761617561104 0.5121731162071228 21
1761617561666 0.5216411352157593 22
1761617562307 0.515329122543335 23
1761617562841 0.5252479910850525 24
1761617563393 0.5189359784126282 25
1761617563964 0.5184851288795471 26
1761617564571 0.5166816711425781 27
1761617565236 0.5130748152732849 28
1761617565810 0.5211902856826782 29
1761617566324 0.5238953828811646 30
1761617566860 0.5184851288795471 31
1761617567450 0.5252479910850525 32
1761617568094 0.5247971415519714 33
1761617568749 0.5270513892173767 34
1761617569338 0.5180342793464661 35
1761617569625 0.5275022387504578 36
1761617569988 0.5266005396842957 37
1761617570537 0.5238953828811646 38
1761617571102 0.5293056964874268 39
1761617571663 0.5297565460205078 40
1761617572296 0.5405771136283875 41
1761617572939 0.5297565460205078 42
1761617573522 0.531559944152832 43
1761617574123 0.5405771136283875 44
1761617574681 0.5202885270118713 45
1761617575327 0.5284039378166199 46
1761617575982 0.5387736558914185 47
1761617576571 0.5360685586929321 48
1761617577193 0.533363401889801 49
1761617548868 0.4860234558582306 0
