1761617548868 0.9832029342651367 0
1761617549560 0.9780954718589783 1
1761617550187 0.9755958318710327 2
1761617550835 0.9739714860916138 3
1761617551437 0.9707762002944946 4
1761617552068 0.9675207138061523 5
1761617552648 0.9689012169837952 6
1761617553263 0.9689818024635315 7
1761617553863 0.97026526927948 8
1761617554380 0.967195451259613 9
1761617554754 0.9689745306968689 10
1761617555413 0.9635117650032043 11
1761617556084 0.9712115526199341 12
1761617556702 0.9653026461601257 13
1761617557327 0.9623786807060242 14
1761617557933 0.9629971981048584 15
1761617558452 0.9612727761268616 16
1761617558897 0.9622454047203064 17
1761617559527 0.9596607685089111 18
1761617560061 0.9600157737731934 19
1761617560578 0.9576574563980103 20
1761617561104 0.9581356048583984 21
1761617561666 0.9566993713378906 22
1761617562307 0.9560129642486572 23
1761617562841 0.9561595916748047 24
1761617563393 0.9555624723434448 25
1761617563964 0.9555408954620361 26
1761617564571 0.9547618627548218 27
1761617565236 0.9581531286239624 28
1761617565810 0.9555215835571289 29
1761617566324 0.9532876014709473 30
1761617566860 0.9550579786300659 31
1761617567450 0.9505078196525574 32
1761617568094 0.9520610570907593 33
1761617568749 0.9514865875244141 34
1761617569338 0.9516382813453674 35
1761617569625 0.9496926069259644 36
1761617569988 0.9499186873435974 37
1761617570537 0.9496053457260132 38
1761617571102 0.9503071308135986 39
1761617571663 0.9506840109825134 40
1761617572296 0.9470469355583191 41
1761617572939 0.9459660053253174 42
1761617573522 0.9471820592880249 43
1761617574123 0.9439277648925781 44
1761617574681 0.9478030204772949 45
1761617575327 0.9445226192474365 46
1761617575982 0.9464520812034607 47
1761617576571 0.942363977432251 48
1761617577193 0.9421235918998718 49
1761617548868 0.9832029342651367 0
