1761585528505 0.5572587847709656 0
1761585528962 0.531559944152832 1
1761585529419 0.5351668000221252 2
1761585529830 0.5378719568252563 3
1761585530239 0.5428313612937927 4
1761585530650 0.5545536279678345 5
1761585531065 0.5545536279678345 6
1761585531487 0.5545536279678345 7
1761585531888 0.5545536279678345 8
1761585532282 0.5545536279678345 9
1761585532699 0.5545536279678345 10
1761585533154 0.5545536279678345 11
1761585533547 0.5545536279678345 12
1761585533944 0.5545536279678345 13
1761585534339 0.5545536279678345 14
1761585534750 0.5545536279678345 15
1761585535174 0.5545536279678345 16
1761585535579 0.5545536279678345 17
1761585535992 0.5541027784347534 18
1761585536415 0.5532010793685913 19
1761585536824 0.5527502298355103 20
1761585537235 0.5541027784347534 21
1761585537654 0.5577096343040466 22
1761585538064 0.5563570857048035 23
1761585538469 0.5631199479103088 24
1761585538882 0.5550045371055603 25
1761585539295 0.5527502298355103 26
1761585539749 0.5586113333702087 27
1761585540168 0.5658250451087952 28
1761585540578 0.564472496509552 29
1761585540999 0.5604147911071777 30
1761585541412 0.562218189239502 31
1761585541823 0.5689810514450073 32
1761585542233 0.5568079352378845 33
1761585542623 0.5613164901733398 34
1761585543019 0.564021646976471 35
1761585543446 0.5712353587150574 36
1761585543839 0.5689810514450073 37
1761585544252 0.5604147911071777 38
1761585544677 0.5613164901733398 39
1761585545097 0.5689810514450073 40
1761585545516 0.5568079352378845 41
1761585545930 0.5599639415740967 42
1761585546323 0.5649233460426331 43
1761585546743 0.5631199479103088 44
1761585547148 0.5613164901733398 45
1761585547566 0.5662758946418762 46
1761585547980 0.5739405155181885 47
1761585548399 0.5721370577812195 48
1761585548807 0.5662758946418762 49
1761585549214 0.5725879073143005 50
1761585549628 0.5712353587150574 51
1761585550037 0.5662758946418762 52
1761585550448 0.5671776533126831 53
1761585550861 0.5716862082481384 54
1761585551279 0.5811541676521301 55
1761585551680 0.5843101739883423 56
1761585552076 0.5861136317253113 57
1761585552497 0.5996392965316772 58
1761585552911 0.5897204875946045 59
1761585553328 0.5951307415962219 60
1761585553738 0.5987375974655151 61
1761585554151 0.5906221866607666 62
1761585554576 0.6032461524009705 63
1761585554987 0.6023444533348083 64
1761585555408 0.6172227263450623 65
1761585555817 0.6118124723434448 66
1761585556233 0.613615870475769 67
1761585556640 0.6239855885505676 68
1761585557078 0.6203787326812744 69
1761585557470 0.6271415948867798 70
1761585557890 0.630748450756073 71
1761585558297 0.6262398362159729 72
1761585558705 0.6298466920852661 73
1761585559146 0.6357078552246094 74
1761585559554 0.6293958425521851 75
1761585559973 0.631199300289154 76
1761585560394 0.6262398362159729 77
1761585560806 0.6325518488883972 78
1761585561217 0.6370604038238525 79
1761585561634 0.6514878273010254 80
1761585562048 0.6438232660293579 81
1761585562458 0.6501352787017822 82
1761585562865 0.6451758146286011 83
1761585563262 0.646528422832489 84
1761585563674 0.6478809714317322 85
1761585564087 0.6483318209648132 86
1761585564502 0.6550946831703186 87
1761585564930 0.6577998399734497 88
1761585565335 0.6546438336372375 89
1761585565748 0.6573489904403687 90
1761585566165 0.6636609435081482 91
1761585566579 0.6568980813026428 92
1761585566997 0.6659152507781982 93
1761585567412 0.6668169498443604 94
1761585567820 0.6591523885726929 95
1761585568227 0.6803426742553711 96
1761585568650 0.6740306615829468 97
1761585569058 0.661857545375824 98
1761585569471 0.6785392165184021 99
1761585528505 0.5572587847709656 0
