1761585528505 0.8819718956947327 0
1761585528962 0.8575565218925476 1
1761585529419 0.8532450199127197 2
1761585529830 0.8567340970039368 3
1761585530239 0.8609611392021179 4
1761585530650 0.8512788414955139 5
1761585531065 0.8501089811325073 6
1761585531487 0.8496800661087036 7
1761585531888 0.8488475680351257 8
1761585532282 0.8498890399932861 9
1761585532699 0.850330114364624 10
1761585533154 0.8523593544960022 11
1761585533547 0.8494508862495422 12
1761585533944 0.848283588886261 13
1761585534339 0.8499017953872681 14
1761585534750 0.8499847650527954 15
1761585535174 0.8482392430305481 16
1761585535579 0.8463520407676697 17
1761585535992 0.8456387519836426 18
1761585536415 0.8451427221298218 19
1761585536824 0.8453013300895691 20
1761585537235 0.8449820280075073 21
1761585537654 0.8417832255363464 22
1761585538064 0.842663049697876 23
1761585538469 0.8415059447288513 24
1761585538882 0.8410947322845459 25
1761585539295 0.8444439768791199 26
1761585539749 0.8399040699005127 27
1761585540168 0.8399695158004761 28
1761585540578 0.8400585055351257 29
1761585540999 0.8398085832595825 30
1761585541412 0.8385140895843506 31
1761585541823 0.8382325768470764 32
1761585542233 0.8372889757156372 33
1761585542623 0.8390512466430664 34
1761585543019 0.8353767991065979 35
1761585543446 0.8378515243530273 36
1761585543839 0.8367394804954529 37
1761585544252 0.8371987342834473 38
1761585544677 0.8346412777900696 39
1761585545097 0.8348901271820068 40
1761585545516 0.8364419341087341 41
1761585545930 0.8348090052604675 42
1761585546323 0.8340651392936707 43
1761585546743 0.8335431218147278 44
1761585547148 0.8334196209907532 45
1761585547566 0.8326392769813538 46
1761585547980 0.8310758471488953 47
1761585548399 0.830138087272644 48
1761585548807 0.8287013173103333 49
1761585549214 0.828957200050354 50
1761585549628 0.829535186290741 51
1761585550037 0.8281606435775757 52
1761585550448 0.8259215354919434 53
1761585550861 0.8204315304756165 54
1761585551279 0.8197705745697021 55
1761585551680 0.8167372345924377 56
1761585552076 0.8135120868682861 57
1761585552497 0.8178149461746216 58
1761585552911 0.8175278306007385 59
1761585553328 0.8149967789649963 60
1761585553738 0.8083980679512024 61
1761585554151 0.8115507960319519 62
1761585554576 0.805105984210968 63
1761585554987 0.801965057849884 64
1761585555408 0.7993640899658203 65
1761585555817 0.8008347749710083 66
1761585556233 0.7984500527381897 67
1761585556640 0.7931604981422424 68
1761585557078 0.7949241399765015 69
1761585557470 0.7913103699684143 70
1761585557890 0.7876662611961365 71
1761585558297 0.7883464097976685 72
1761585558705 0.7858143448829651 73
1761585559146 0.7840072512626648 74
1761585559554 0.7787133455276489 75
1761585559973 0.7773351073265076 76
1761585560394 0.7808561325073242 77
1761585560806 0.7751312851905823 78
1761585561217 0.7749233245849609 79
1761585561634 0.7671175003051758 80
1761585562048 0.7790717482566833 81
1761585562458 0.7659398317337036 82
1761585562865 0.7635944485664368 83
1761585563262 0.7629273533821106 84
1761585563674 0.7626489996910095 85
1761585564087 0.7631209492683411 86
1761585564502 0.7539487481117249 87
1761585564930 0.7508347630500793 88
1761585565335 0.7518007755279541 89
1761585565748 0.7519273161888123 90
1761585566165 0.7490613460540771 91
1761585566579 0.7446788549423218 92
1761585566997 0.7439047694206238 93
1761585567412 0.7411994934082031 94
1761585567820 0.7373950481414795 95
1761585568227 0.7361825704574585 96
1761585568650 0.733610987663269 97
1761585569058 0.7282660007476807 98
1761585569471 0.7292394042015076 99
1761585528505 0.8819718956947327 0
