1761500603695 0.49391618371009827 0
1761500604571 0.5232086777687073 1
1761500605423 0.5556557178497314 2
1761500606272 0.5750337839126587 3
1761500607262 0.5966651439666748 4
1761500608237 0.6282109022140503 5
1761500609181 0.6340693831443787 6
1761500610097 0.63316810131073 7
1761500611062 0.6390265822410583 8
1761500612048 0.6584047079086304 9
1761500612973 0.6606579422950745 10
1761500613861 0.6931049823760986 11
1761500614719 0.6935556530952454 12
1761500615560 0.7034700512886047 13
1761500616401 0.683641254901886 14
1761500617243 0.7237494587898254 15
1761500618097 0.7390716671943665 16
1761500618962 0.7386209964752197 17
1761500619811 0.7561964988708496 18
1761500620641 0.7453808188438416 19
1761500621504 0.7688148021697998 20
1761500622365 0.7764759063720703 21
1761500623264 0.777377188205719 22
1761500624160 0.7917981147766113 23
1761500625038 0.7936007380485535 24
1761500625902 0.8089229464530945 25
1761500626758 0.8048670291900635 26
1761500627613 0.7985579371452332 27
1761500628482 0.8183866739273071 28
1761500629357 0.8287516832351685 29
1761500630220 0.8337088823318481 30
1761500631094 0.8350608348846436 31
1761500631974 0.8409193158149719 32
1761500632853 0.851284384727478 33
1761500633740 0.8639026880264282 34
1761500634614 0.860297441482544 35
1761500635486 0.8621000647544861 36
1761500636361 0.8611987233161926 37
1761500637217 0.8706624507904053 38
1761500638087 0.8783235549926758 39
1761500638955 0.8810274600982666 40
1761500639806 0.8810274600982666 41
1761500640690 0.8796755075454712 42
1761500641558 0.8769716024398804 43
1761500642430 0.8828300833702087 44
1761500643303 0.8990536332130432 45
1761500644161 0.8981522917747498 46
1761500645037 0.8958990573883057 47
1761500645907 0.9008562564849854 48
1761500646763 0.9080666899681091 49
1761500603695 0.49391618371009827 0
