1761500603695 0.8164777159690857 0
1761500604571 0.7882291078567505 1
1761500605423 0.7826075553894043 2
1761500606272 0.7660754323005676 3
1761500607262 0.7436171770095825 4
1761500608237 0.7302220463752747 5
1761500609181 0.7176218628883362 6
1761500610097 0.7069512605667114 7
1761500611062 0.7049742341041565 8
1761500612048 0.6847283244132996 9
1761500612973 0.6798726320266724 10
1761500613861 0.6516555547714233 11
1761500614719 0.6491523385047913 12
1761500615560 0.6340919733047485 13
1761500616401 0.643543541431427 14
1761500617243 0.6068025827407837 15
1761500618097 0.5851759910583496 16
1761500618962 0.5823404788970947 17
1761500619811 0.5590859651565552 18
1761500620641 0.5568620562553406 19
1761500621504 0.5265533328056335 20
1761500622365 0.5137446522712708 21
1761500623264 0.4977101981639862 22
1761500624160 0.4830348789691925 23
1761500625038 0.47939470410346985 24
1761500625902 0.4428514838218689 25
1761500626758 0.45493394136428833 26
1761500627613 0.4589017927646637 27
1761500628482 0.43596962094306946 28
1761500629357 0.4110817313194275 29
1761500630220 0.4087163805961609 30
1761500631094 0.39515334367752075 31
1761500631974 0.3893547058105469 32
1761500632853 0.36886733770370483 33
1761500633740 0.3469564914703369 34
1761500634614 0.33584052324295044 35
1761500635486 0.3388080596923828 36
1761500636361 0.3373856246471405 37
1761500637217 0.31373330950737 38
1761500638087 0.30572080612182617 39
1761500638955 0.29853418469429016 40
1761500639806 0.2963586747646332 41
1761500640690 0.29747316241264343 42
1761500641558 0.2961027920246124 43
1761500642430 0.2818343937397003 44
1761500643303 0.2574988305568695 45
1761500644161 0.2528075575828552 46
1761500645037 0.2562614977359772 47
1761500645907 0.22959288954734802 48
1761500646763 0.24104246497154236 49
1761500603695 0.8164777159690857 0
