1761499135473 0.46101847290992737 0
1761499136417 0.4993240237236023 1
1761499137374 0.524109959602356 2
1761499138296 0.5308697819709778 3
1761499139212 0.5416854619979858 4
1761499140164 0.5624154806137085 5
1761499141043 0.5457413196563721 6
1761499141928 0.5804416537284851 7
1761499142816 0.5840468406677246 8
1761499143742 0.5849481821060181 9
1761499144695 0.5835962295532227 10
1761499145642 0.5984677672386169 11
1761499146628 0.5930599570274353 12
1761499147748 0.6052275896072388 13
1761499148769 0.6106353998184204 14
1761499149739 0.6237043738365173 15
1761499150754 0.624605655670166 16
1761499151642 0.6322667598724365 17
1761499152584 0.6372239589691162 18
1761499153505 0.6516448855400085 19
1761499154382 0.6566020846366882 20
1761499155263 0.6547994613647461 21
1761499156135 0.6611086130142212 22
1761499157022 0.6705723404884338 23
1761499157933 0.6755295395851135 24
1761499158808 0.7093285322189331 25
1761499159681 0.6899504065513611 26
1761499160565 0.7120324373245239 27
1761499161470 0.7115817666053772 28
1761499162350 0.7264533638954163 29
1761499163226 0.7219468355178833 30
1761499164092 0.7165389657020569 31
1761499164961 0.7359170913696289 32
1761499165912 0.7368183732032776 33
1761499166833 0.7494366765022278 34
1761499167712 0.7584497332572937 35
1761499168583 0.7715187072753906 36
1761499169463 0.7629562616348267 37
1761499170342 0.7836863398551941 38
1761499171224 0.7832356691360474 39
1761499172095 0.8039657473564148 40
1761499172976 0.7872915863990784 41
1761499173855 0.8089229464530945 42
1761499174714 0.8111761808395386 43
1761499175576 0.8188372850418091 44
1761499176434 0.8219918608665466 45
1761499177301 0.8269490599632263 46
1761499178169 0.8292023539543152 47
1761499179061 0.8269490599632263 48
1761499179947 0.8395673632621765 49
1761499135473 0.46101847290992737 0
