1761499135473 0.9724032878875732 0
1761499136417 0.9471796751022339 1
1761499137374 0.9258715510368347 2
1761499138296 0.9223006367683411 3
1761499139212 0.9101168513298035 4
1761499140164 0.9041386246681213 5
1761499141043 0.8958593606948853 6
1761499141928 0.8815695643424988 7
1761499142816 0.879098653793335 8
1761499143742 0.8715395331382751 9
1761499144695 0.8549827337265015 10
1761499145642 0.8473677039146423 11
1761499146628 0.8472356796264648 12
1761499147748 0.8318677544593811 13
1761499148769 0.8294906616210938 14
1761499149739 0.8085765838623047 15
1761499150754 0.8025407791137695 16
1761499151642 0.7840701341629028 17
1761499152584 0.7916390895843506 18
1761499153505 0.7716554403305054 19
1761499154382 0.7607687711715698 20
1761499155263 0.7521111965179443 21
1761499156135 0.7363054752349854 22
1761499157022 0.7241138815879822 23
1761499157933 0.7186575531959534 24
1761499158808 0.6835917234420776 25
1761499159681 0.6941964030265808 26
1761499160565 0.6668092012405396 27
1761499161470 0.6561429500579834 28
1761499162350 0.6415146589279175 29
1761499163226 0.6496121883392334 30
1761499164092 0.6218129992485046 31
1761499164961 0.6186366081237793 32
1761499165912 0.5939362645149231 33
1761499166833 0.5754302144050598 34
1761499167712 0.5562633872032166 35
1761499168583 0.5413802862167358 36
1761499169463 0.5432220101356506 37
1761499170342 0.5131086707115173 38
1761499171224 0.5080756545066833 39
1761499172095 0.47580698132514954 40
1761499172976 0.4852714538574219 41
1761499173855 0.4536999464035034 42
1761499174714 0.43563416600227356 43
1761499175576 0.4294217526912689 44
1761499176434 0.41638079285621643 45
1761499177301 0.3878771960735321 46
1761499178169 0.4046401381492615 47
1761499179061 0.4015341103076935 48
1761499179947 0.3808848559856415 49
1761499135473 0.9724032878875732 0
