1761617496361 0.4720468819141388 0
1761617497118 0.5211902856826782 1
1761617497757 0.5279530882835388 2
1761617498399 0.5437331199645996 3
1761617499063 0.5532010793685913 4
1761617499729 0.564021646976471 5
1761617500368 0.566726803779602 6
1761617500926 0.5635707974433899 7
1761617501500 0.5788999199867249 8
1761617502051 0.5865644812583923 9
1761617502643 0.5883678793907166 10
1761617503233 0.5996392965316772 11
1761617503880 0.5987375974655151 12
1761617504495 0.5982867479324341 13
1761617505112 0.6073038578033447 14
1761617505787 0.6163210272789001 15
1761617506384 0.6145175695419312 16
1761617506984 0.6239855885505676 17
1761617507600 0.6167718768119812 18
1761617508249 0.6298466920852661 19
1761617508862 0.6411181092262268 20
1761617509484 0.6388638615608215 21
1761617510133 0.6424707174301147 22
1761617510773 0.6550946831703186 23
1761617511405 0.6591523885726929 24
1761617512034 0.6708746552467346 25
1761617512666 0.6627592444419861 26
1761617513484 0.6690712571144104 27
1761617514148 0.6686204075813293 28
1761617514803 0.6690712571144104 29
1761617515469 0.6767358183860779 30
1761617515841 0.6812443733215332 31
1761617516401 0.6830477714538574 32
1761617517083 0.6848512291908264 33
1761617517475 0.6925157904624939 34
1761617517832 0.6834986209869385 35
1761617518480 0.6938683390617371 36
1761617519095 0.6920649409294128 37
1761617519757 0.7037872076034546 38
1761617520244 0.6970243453979492 39
1761617520835 0.7015329003334045 40
1761617521419 0.71055006980896 41
1761617521969 0.6997295022010803 42
1761617522532 0.7028855085372925 43
1761617523058 0.7146077752113342 44
1761617523639 0.7137060165405273 45
1761617524280 0.7146077752113342 46
1761617524928 0.708746612071991 47
1761617525628 0.7069432139396667 48
1761617526264 0.709197461605072 49
1761617496361 0.4720468819141388 0
