1761617496361 1.0022693872451782 0
1761617497118 0.9681156277656555 1
1761617497757 0.9586876034736633 2
1761617498399 0.9535374641418457 3
1761617499063 0.9455024003982544 4
1761617499729 0.9371299147605896 5
1761617500368 0.9323320984840393 6
1761617500926 0.9266253113746643 7
1761617501500 0.9209625124931335 8
1761617502051 0.9085026979446411 9
1761617502643 0.9038978815078735 10
1761617503233 0.8925428986549377 11
1761617503880 0.8866832256317139 12
1761617504495 0.8765128254890442 13
1761617505112 0.8688589334487915 14
1761617505787 0.8626424670219421 15
1761617506384 0.8560194969177246 16
1761617506984 0.8448251485824585 17
1761617507600 0.839417040348053 18
1761617508249 0.8287457227706909 19
1761617508862 0.819902241230011 20
1761617509484 0.8133596777915955 21
1761617510133 0.8114563822746277 22
1761617510773 0.8013956546783447 23
1761617511405 0.7869517207145691 24
1761617512034 0.7848243117332458 25
1761617512666 0.7813686728477478 26
1761617513484 0.7751832008361816 27
1761617514148 0.7671345472335815 28
1761617514803 0.7637271285057068 29
1761617515469 0.7594843506813049 30
1761617515841 0.7500747442245483 31
1761617516401 0.7475115656852722 32
1761617517083 0.7432549595832825 33
1761617517475 0.7336647510528564 34
1761617517832 0.7431679964065552 35
1761617518480 0.7322931885719299 36
1761617519095 0.7275404930114746 37
1761617519757 0.718982994556427 38
1761617520244 0.7169979810714722 39
1761617520835 0.717933714389801 40
1761617521419 0.7108150720596313 41
1761617521969 0.7127891182899475 42
1761617522532 0.700952410697937 43
1761617523058 0.7016309499740601 44
1761617523639 0.6917222738265991 45
1761617524280 0.683777391910553 46
1761617524928 0.6885095834732056 47
1761617525628 0.6858820915222168 48
1761617526264 0.6905806660652161 49
1761617496361 1.0022693872451782 0
