1761605670432 0.40982866287231445 0
1761605670688 0.43237149715423584 1
1761605670932 0.4440937638282776 2
1761605671176 0.44634807109832764 3
1761605671384 0.459873765707016 4
1761605671603 0.47700631618499756 5
1761605671819 0.48061317205429077 6
1761605672034 0.5040577054023743 7
1761605672258 0.5040577054023743 8
1761605672485 0.515779972076416 9
1761605672706 0.5342651009559631 10
1761605672922 0.5252479910850525 11
1761605673147 0.5423805117607117 12
1761605673373 0.5495942234992981 13
1761605673603 0.5590622425079346 14
1761605673844 0.5631199479103088 15
1761605674071 0.5703336596488953 16
1761605674292 0.5725879073143005 17
1761605674518 0.5874661803245544 18
1761605674734 0.5888187289237976 19
1761605674955 0.5838593244552612 20
1761605675287 0.5987375974655151 21
1761605675516 0.6140667200088501 22
1761605675742 0.6122633218765259 23
1761605675957 0.6253381371498108 24
1761605676171 0.6262398362159729 25
1761605676379 0.6122633218765259 26
1761605676618 0.6348061561584473 27
1761605676837 0.628494143486023 28
1761605677061 0.6330026984214783 29
1761605677282 0.64472496509552 30
1761605677514 0.646528422832489 31
1761605677745 0.6433724164962769 32
1761605677969 0.6433724164962769 33
1761605678184 0.6483318209648132 34
1761605678399 0.6357078552246094 35
1761605678632 0.6483318209648132 36
1761605678908 0.6614066958427429 37
1761605679175 0.6537421345710754 38
1761605679439 0.6627592444419861 39
1761605679680 0.6591523885726929 40
1761605679891 0.6668169498443604 41
1761605680110 0.6681694984436035 42
1761605680326 0.6708746552467346 43
1761605680564 0.6699729561805725 44
1761605680807 0.6717763543128967 45
1761605681033 0.6762849688529968 46
1761605681261 0.6866546273231506 47
1761605681494 0.6816952228546143 48
1761605681714 0.6785392165184021 49
1761605670432 0.40982866287231445 0
