1761605670432 1.075532078742981 0
1761605670688 1.0575296878814697 1
1761605670932 1.0436575412750244 2
1761605671176 1.0328105688095093 3
1761605671384 1.0210787057876587 4
1761605671603 1.009089469909668 5
1761605671819 0.9997753500938416 6
1761605672034 0.9890114665031433 7
1761605672258 0.9815934896469116 8
1761605672485 0.9718121290206909 9
1761605672706 0.9545470476150513 10
1761605672922 0.9527472257614136 11
1761605673147 0.9391208291053772 12
1761605673373 0.9300580024719238 13
1761605673603 0.9203001260757446 14
1761605673844 0.9082998633384705 15
1761605674071 0.9034410715103149 16
1761605674292 0.8906262516975403 17
1761605674518 0.8815261721611023 18
1761605674734 0.8774257898330688 19
1761605674955 0.871498703956604 20
1761605675287 0.8670403361320496 21
1761605675516 0.8512381315231323 22
1761605675742 0.8466978073120117 23
1761605675957 0.8331268429756165 24
1761605676171 0.8348352909088135 25
1761605676379 0.8296146392822266 26
1761605676618 0.8189843893051147 27
1761605676837 0.8236156105995178 28
1761605677061 0.8049041032791138 29
1761605677282 0.7975894212722778 30
1761605677514 0.7952874302864075 31
1761605677745 0.7924031615257263 32
1761605677969 0.7822150588035583 33
1761605678184 0.7840276956558228 34
1761605678399 0.7836058139801025 35
1761605678632 0.7724074721336365 36
1761605678908 0.7661650776863098 37
1761605679175 0.769693911075592 38
1761605679439 0.7512834072113037 39
1761605679680 0.7481992840766907 40
1761605679891 0.7448386549949646 41
1761605680110 0.7490231394767761 42
1761605680326 0.7376502156257629 43
1761605680564 0.730707585811615 44
1761605680807 0.7340312600135803 45
1761605681033 0.7327533960342407 46
1761605681261 0.71817946434021 47
1761605681494 0.7183321714401245 48
1761605681714 0.7151210904121399 49
1761605670432 1.075532078742981 0
