1761499770441 0.4867057204246521 0
1761499771361 0.5146462321281433 1
1761499772302 0.5281658172607422 2
1761499773163 0.5534024238586426 3
1761499774021 0.5610635280609131 4
1761499774869 0.5682740211486816 5
1761499775693 0.5890040397644043 6
1761499776510 0.6034249663352966 7
1761499777339 0.6079314947128296 8
1761499778195 0.6110860705375671 9
1761499779057 0.6106353998184204 10
1761499779890 0.6268589496612549 11
1761499780722 0.6340693831443787 12
1761499781535 0.6336187720298767 13
1761499782380 0.6525461673736572 14
1761499783224 0.657052755355835 15
1761499784072 0.6624605655670166 16
1761499784898 0.6719242930412292 17
1761499785738 0.672374963760376 18
1761499786552 0.6827399730682373 19
1761499787394 0.6976115107536316 20
1761499788219 0.6935556530952454 21
1761499789062 0.7133843898773193 22
1761499789888 0.7129337787628174 23
1761499790711 0.7210454940795898 24
1761499791528 0.7264533638954163 25
1761499792357 0.746732771396637 26
1761499793211 0.746732771396637 27
1761499794073 0.7552951574325562 28
1761499794922 0.7417755722999573 29
1761499795760 0.7516899704933167 30
1761499796610 0.7634069323539734 31
1761499797469 0.7719693779945374 32
1761499798340 0.7841370105743408 33
1761499799202 0.78143310546875 34
1761499800104 0.7886435389518738 35
1761499800994 0.8003605008125305 36
1761499801868 0.7886435389518738 37
1761499802745 0.7850382924079895 38
1761499803647 0.8089229464530945 39
1761499804615 0.8179360032081604 40
1761499805555 0.8170347213745117 41
1761499806441 0.8201892971992493 42
1761499807300 0.8143307566642761 43
1761499808164 0.8237944841384888 44
1761499809011 0.8310049772262573 45
1761499809861 0.836412787437439 46
1761499810710 0.8391166925430298 47
1761499811562 0.8463271856307983 48
1761499812425 0.8431726098060608 49
1761499770441 0.4867057204246521 0
