1761499770441 0.8733714818954468 0
1761499771361 0.8430314064025879 1
1761499772302 0.838822603225708 2
1761499773163 0.8193327784538269 3
1761499774021 0.8152698874473572 4
1761499774869 0.8055639266967773 5
1761499775693 0.7965105772018433 6
1761499776510 0.7849773168563843 7
1761499777339 0.7769587635993958 8
1761499778195 0.768886923789978 9
1761499779057 0.7706315517425537 10
1761499779890 0.7558522820472717 11
1761499780722 0.7427698373794556 12
1761499781535 0.7370089888572693 13
1761499782380 0.7249632477760315 14
1761499783224 0.7230654954910278 15
1761499784072 0.7043028473854065 16
1761499784898 0.6969318389892578 17
1761499785738 0.6902802586555481 18
1761499786552 0.671248733997345 19
1761499787394 0.6580603718757629 20
1761499788219 0.6493130922317505 21
1761499789062 0.6328967213630676 22
1761499789888 0.6254079341888428 23
1761499790711 0.6052815914154053 24
1761499791528 0.6042676568031311 25
1761499792357 0.5806324481964111 26
1761499793211 0.5722149610519409 27
1761499794073 0.5551181435585022 28
1761499794922 0.5732334852218628 29
1761499795760 0.5542299151420593 30
1761499796610 0.5316036939620972 31
1761499797469 0.5214327573776245 32
1761499798340 0.49641624093055725 33
1761499799202 0.49462687969207764 34
1761499800104 0.4879781901836395 35
1761499800994 0.4689579904079437 36
1761499801868 0.4797494113445282 37
1761499802745 0.4814099967479706 38
1761499803647 0.4497351348400116 39
1761499804615 0.4283698797225952 40
1761499805555 0.42988523840904236 41
1761499806441 0.42551422119140625 42
1761499807300 0.41527044773101807 43
1761499808164 0.40240350365638733 44
1761499809011 0.4007226824760437 45
1761499809861 0.38298651576042175 46
1761499810710 0.38080424070358276 47
1761499811562 0.36646589636802673 48
1761499812425 0.3687467873096466 49
1761499770441 0.8733714818954468 0
