1761607230533 1.0811814069747925 0
1761607230804 1.0371336936950684 1
1761607231052 1.0237725973129272 2
1761607231261 1.01112961769104 3
1761607231464 0.9986027479171753 4
1761607231674 0.9865260124206543 5
1761607231883 0.9742002487182617 6
1761607232094 0.9601141810417175 7
1761607232307 0.9477806687355042 8
1761607232523 0.935854971408844 9
1761607232736 0.9281029105186462 10
1761607232950 0.910556435585022 11
1761607233163 0.9011688232421875 12
1761607233376 0.8919700980186462 13
1761607233594 0.8767639398574829 14
1761607233806 0.8679308295249939 15
1761607234016 0.8569812178611755 16
1761607234227 0.845206618309021 17
1761607234443 0.8433947563171387 18
1761607234653 0.8262441754341125 19
1761607234866 0.8236600756645203 20
1761607235078 0.8131082057952881 21
1761607235293 0.8054723739624023 22
1761607235505 0.7973507046699524 23
1761607235718 0.7878586053848267 24
1761607235928 0.785782516002655 25
1761607236139 0.778876006603241 26
1761607236351 0.7764022350311279 27
1761607236568 0.7749009132385254 28
1761607236779 0.7601798176765442 29
1761607236993 0.758863091468811 30
1761607237208 0.7484114170074463 31
1761607237420 0.7428529262542725 32
1761607237691 0.7396336197853088 33
1761607237905 0.7301402688026428 34
1761607238135 0.7352170944213867 35
1761607238367 0.7197661399841309 36
1761607238584 0.7176820635795593 37
1761607238799 0.7138746976852417 38
1761607239011 0.7147025465965271 39
1761607239238 0.7091010212898254 40
1761607239449 0.7018807530403137 41
1761607239661 0.6975517868995667 42
1761607239878 0.6903513669967651 43
1761607240094 0.6892223358154297 44
1761607240306 0.688402533531189 45
1761607240519 0.6786643266677856 46
1761607240746 0.6808809041976929 47
1761607240957 0.6767540574073792 48
1761607241167 0.6693559288978577 49
1761607230533 1.0811814069747925 0
