1761608771030 0.4661857485771179 0
1761608771271 0.45852118730545044 1
1761608771484 0.4702434539794922 2
1761608771717 0.45852118730545044 3
1761608771928 0.46979260444641113 4
1761608772138 0.4783588945865631 5
1761608772354 0.46753832697868347 6
1761608772564 0.47610458731651306 7
1761608772771 0.4616771936416626 8
1761608773052 0.47790801525115967 9
1761608773265 0.4643823206424713 10
1761608773498 0.48286744952201843 11
1761608773711 0.4815148711204529 12
1761608773929 0.4810640215873718 13
1761608774161 0.47700631618499756 14
1761608774375 0.4765554666519165 15
1761608774595 0.4765554666519165 16
1761608774802 0.48196572065353394 17
1761608775016 0.48286744952201843 18
1761608775234 0.4833182990550995 19
1761608775451 0.4905320107936859 20
1761608775661 0.4792605936527252 21
1761608775877 0.4810640215873718 22
1761608776087 0.4833182990550995 23
1761608776302 0.49774572253227234 24
1761608776517 0.49098286032676697 25
1761608776727 0.4923354387283325 26
1761608776942 0.4927862882614136 27
1761608777162 0.4972948729991913 28
1761608777378 0.4860234558582306 29
1761608777591 0.49188458919525146 30
1761608777800 0.50225430727005 31
1761608778010 0.49368801712989807 32
1761608778219 0.4815148711204529 33
1761608778438 0.5031560063362122 34
1761608778650 0.5009016990661621 35
1761608778860 0.4945897161960602 36
1761608779072 0.49954915046691895 37
1761608779284 0.49774572253227234 38
1761608779496 0.5076645612716675 39
1761608779715 0.49368801712989807 40
1761608779935 0.5027051568031311 41
1761608780159 0.49954915046691895 42
1761608780372 0.5085662603378296 43
1761608780591 0.5045085549354553 44
1761608780801 0.5040577054023743 45
1761608781011 0.491433709859848 46
1761608781235 0.5076645612716675 47
1761608781457 0.5094679594039917 48
1761608781703 0.515779972076416 49
1761608771030 0.4661857485771179 0
