1761608771030 1.037316083908081 0
1761608771271 1.0264244079589844 1
1761608771484 1.0276672840118408 2
1761608771717 1.0256365537643433 3
1761608771928 1.0193586349487305 4
1761608772138 1.019582986831665 5
1761608772354 1.0195764303207397 6
1761608772564 1.0166553258895874 7
1761608772771 1.0196611881256104 8
1761608773052 1.017069697380066 9
1761608773265 1.0162293910980225 10
1761608773498 1.0132036209106445 11
1761608773711 1.0135706663131714 12
1761608773929 1.0128062963485718 13
1761608774161 1.0102392435073853 14
1761608774375 1.0115182399749756 15
1761608774595 1.01206636428833 16
1761608774802 1.0117669105529785 17
1761608775016 1.0087580680847168 18
1761608775234 1.0065793991088867 19
1761608775451 1.0059492588043213 20
1761608775661 1.00821852684021 21
1761608775877 1.0078593492507935 22
1761608776087 1.0056201219558716 23
1761608776302 1.0040462017059326 24
1761608776517 1.0040314197540283 25
1761608776727 1.005595326423645 26
1761608776942 0.9991451501846313 27
1761608777162 0.9996894598007202 28
1761608777378 1.001968502998352 29
1761608777591 1.0021225214004517 30
1761608777800 0.9971744418144226 31
1761608778010 1.0039101839065552 32
1761608778219 0.9987233877182007 33
1761608778438 0.9980982542037964 34
1761608778650 0.9986278414726257 35
1761608778860 0.9996470808982849 36
1761608779072 0.997900128364563 37
1761608779284 0.9981439709663391 38
1761608779496 0.9962392449378967 39
1761608779715 0.9937700033187866 40
1761608779935 0.992868185043335 41
1761608780159 0.9957996606826782 42
1761608780372 0.991472601890564 43
1761608780591 0.9902476668357849 44
1761608780801 0.9900338053703308 45
1761608781011 0.995354175567627 46
1761608781235 0.9941847920417786 47
1761608781457 0.989938497543335 48
1761608781703 0.9902471303939819 49
1761608771030 1.037316083908081 0
