1761591602707 0.46573489904403687 0
1761591603192 0.4878268837928772 1
1761591603621 0.4905320107936859 2
1761591604044 0.4729486107826233 3
1761591604508 0.49188458919525146 4
1761591604943 0.4972948729991913 5
1761591605384 0.4972948729991913 6
1761591605823 0.48917943239212036 7
1761591606283 0.4972948729991913 8
1761591606826 0.4869251549243927 9
1761591607394 0.4972948729991913 10
1761591607887 0.48557257652282715 11
1761591608313 0.4972948729991913 12
1761591608747 0.4815148711204529 13
1761591609244 0.4972948729991913 14
1761591609912 0.4972948729991913 15
1761591610359 0.4972948729991913 16
1761591610779 0.4738503098487854 17
1761591611219 0.49323713779449463 18
1761591611666 0.4869251549243927 19
1761591612112 0.4972948729991913 20
1761591612557 0.4972948729991913 21
1761591612996 0.4972948729991913 22
1761591613432 0.4954914450645447 23
1761591613890 0.4972948729991913 24
1761591614329 0.4972948729991913 25
1761591614765 0.49684399366378784 26
1761591615210 0.49504056572914124 27
1761591615646 0.49864742159843445 28
1761591616096 0.49323713779449463 29
1761591616550 0.49504056572914124 30
1761591617003 0.48737600445747375 31
1761591617446 0.4972948729991913 32
1761591617884 0.4972948729991913 33
1761591618326 0.4990983009338379 34
1761591618744 0.5 35
1761591619177 0.4990983009338379 36
1761591619614 0.49774572253227234 37
1761591620063 0.5009016990661621 38
1761591620505 0.48737600445747375 39
1761591620940 0.5013525485992432 40
1761591621381 0.49504056572914124 41
1761591621829 0.4954914450645447 42
1761591622273 0.50225430727005 43
1761591622724 0.491433709859848 44
1761591623134 0.5036068558692932 45
1761591623553 0.4963931441307068 46
1761591623990 0.49594229459762573 47
1761591624429 0.49954915046691895 48
1761591624865 0.500450849533081 49
1761591625290 0.49864742159843445 50
1761591625724 0.4963931441307068 51
1761591626168 0.4972948729991913 52
1761591626601 0.4945897161960602 53
1761591627052 0.5013525485992432 54
1761591627489 0.4972948729991913 55
1761591627928 0.48647430539131165 56
1761591628372 0.49954915046691895 57
1761591628810 0.49864742159843445 58
1761591629263 0.5031560063362122 59
1761591629730 0.5049594044685364 60
1761591630368 0.5013525485992432 61
1761591630795 0.49864742159843445 62
1761591631240 0.49594229459762573 63
1761591631680 0.5018033981323242 64
1761591632133 0.5045085549354553 65
1761591632578 0.5031560063362122 66
1761591633015 0.5045085549354553 67
1761591633460 0.5063120126724243 68
1761591633887 0.5045085549354553 69
1761591634337 0.49954915046691895 70
1761591634779 0.49684399366378784 71
1761591635220 0.4981965720653534 72
1761591635657 0.5031560063362122 73
1761591636098 0.5099188685417175 74
1761591636531 0.5040577054023743 75
1761591636962 0.5031560063362122 76
1761591637413 0.49864742159843445 77
1761591637857 0.5094679594039917 78
1761591638280 0.5117222666740417 79
1761591638707 0.5072137117385864 80
1761591639116 0.500450849533081 81
1761591639566 0.5135257244110107 82
1761591640056 0.5081154108047485 83
1761591640569 0.5130748152732849 84
1761591641003 0.5162308216094971 85
1761591641420 0.5063120126724243 86
1761591641849 0.5081154108047485 87
1761591642282 0.5067628622055054 88
1761591642713 0.5126239657402039 89
1761591643150 0.5112714171409607 90
1761591643586 0.5234445333480835 91
1761591644018 0.517583429813385 92
1761591644457 0.5121731162071228 93
1761591644905 0.5275022387504578 94
1761591645345 0.5184851288795471 95
1761591645791 0.5166816711425781 96
1761591646241 0.5279530882835388 97
1761591646676 0.5198376774787903 98
1761591647122 0.5288548469543457 99
1761591602707 0.46573489904403687 0
