1761591602707 1.0207984447479248 0
1761591603192 1.0064775943756104 1
1761591603621 1.0041706562042236 2
1761591604044 1.00852632522583 3
1761591604508 1.0039098262786865 4
1761591604943 1.0013039112091064 5
1761591605384 0.9985154271125793 6
1761591605823 1.0012472867965698 7
1761591606283 0.998599112033844 8
1761591606826 1.0004174709320068 9
1761591607394 0.9996113181114197 10
1761591607887 1.0030734539031982 11
1761591608313 0.99861079454422 12
1761591608747 1.0002292394638062 13
1761591609244 0.9977638721466064 14
1761591609912 0.9986600875854492 15
1761591610359 0.9985911846160889 16
1761591610779 1.0048022270202637 17
1761591611219 0.9970874786376953 18
1761591611666 0.9987105131149292 19
1761591612112 0.9997849464416504 20
1761591612557 0.9959454536437988 21
1761591612996 0.9962793588638306 22
1761591613432 0.9988752603530884 23
1761591613890 0.9964718222618103 24
1761591614329 0.9952799677848816 25
1761591614765 0.9958639144897461 26
1761591615210 0.9962937235832214 27
1761591615646 0.9956508278846741 28
1761591616096 0.9948554635047913 29
1761591616550 0.9959067106246948 30
1761591617003 0.9958359599113464 31
1761591617446 0.9951193928718567 32
1761591617884 0.9926488399505615 33
1761591618326 0.9950308799743652 34
1761591618744 0.9934756755828857 35
1761591619177 0.9943146705627441 36
1761591619614 0.9916578531265259 37
1761591620063 0.9911256432533264 38
1761591620505 0.9976024031639099 39
1761591620940 0.9927630424499512 40
1761591621381 0.9918753504753113 41
1761591621829 0.9921076893806458 42
1761591622273 0.9905418157577515 43
1761591622724 0.9909488558769226 44
1761591623134 0.9909572005271912 45
1761591623553 0.9901793599128723 46
1761591623990 0.9915196895599365 47
1761591624429 0.9890999794006348 48
1761591624865 0.9875221848487854 49
1761591625290 0.988023042678833 50
1761591625724 0.9902948141098022 51
1761591626168 0.9919043779373169 52
1761591626601 0.9900203943252563 53
1761591627052 0.9878769516944885 54
1761591627489 0.986615002155304 55
1761591627928 0.9865890145301819 56
1761591628372 0.9845550656318665 57
1761591628810 0.9836766719818115 58
1761591629263 0.9854698777198792 59
1761591629730 0.9844245314598083 60
1761591630368 0.9856327772140503 61
1761591630795 0.9831507802009583 62
1761591631240 0.9836553335189819 63
1761591631680 0.9816591739654541 64
1761591632133 0.9822576642036438 65
1761591632578 0.9816614985466003 66
1761591633015 0.981431245803833 67
1761591633460 0.9792125225067139 68
1761591633887 0.981496274471283 69
1761591634337 0.9797871708869934 70
1761591634779 0.9814059138298035 71
1761591635220 0.9784677624702454 72
1761591635657 0.9821174144744873 73
1761591636098 0.9810609221458435 74
1761591636531 0.9799724221229553 75
1761591636962 0.9780187606811523 76
1761591637413 0.9783979654312134 77
1761591637857 0.9783357381820679 78
1761591638280 0.9779524803161621 79
1761591638707 0.9764866828918457 80
1761591639116 0.9757208824157715 81
1761591639566 0.9784585237503052 82
1761591640056 0.9759876728057861 83
1761591640569 0.9743617177009583 84
1761591641003 0.9742245674133301 85
1761591641420 0.9761841893196106 86
1761591641849 0.9733070135116577 87
1761591642282 0.9728974103927612 88
1761591642713 0.971712589263916 89
1761591643150 0.9724118709564209 90
1761591643586 0.9704372882843018 91
1761591644018 0.970177412033081 92
1761591644457 0.9738703370094299 93
1761591644905 0.9671447277069092 94
1761591645345 0.9695899486541748 95
1761591645791 0.9717376828193665 96
1761591646241 0.9684430360794067 97
1761591646676 0.9715501070022583 98
1761591647122 0.9649101495742798 99
1761591602707 1.0207984447479248 0
