1761592878673 0.3981063961982727 0
1761592879079 0.40982866287231445 1
1761592879483 0.419747531414032 2
1761592879846 0.426961213350296 3
1761592880227 0.4310189485549927 4
1761592880606 0.43237149715423584 5
1761592880985 0.44364291429519653 6
1761592881371 0.45175835490226746 7
1761592881739 0.466636598110199 8
1761592882162 0.47790801525115967 9
1761592882573 0.4815148711204529 10
1761592882999 0.49188458919525146 11
1761592883392 0.5067628622055054 12
1761592883820 0.5099188685417175 13
1761592884208 0.5108205676078796 14
1761592884564 0.5351668000221252 15
1761592884941 0.531559944152832 16
1761592885316 0.5635707974433899 17
1761592885686 0.5608656406402588 18
1761592886061 0.5599639415740967 19
1761592886451 0.564472496509552 20
1761592886825 0.582055926322937 21
1761592887221 0.5942290425300598 22
1761592887607 0.5847610235214233 23
1761592887959 0.5951307415962219 24
1761592888339 0.6217312812805176 25
1761592888713 0.6145175695419312 26
1761592889080 0.6118124723434448 27
1761592889458 0.644274115562439 28
1761592889833 0.6411181092262268 29
1761592890204 0.6505861282348633 30
1761592890584 0.6546438336372375 31
1761592890956 0.6591523885726929 32
1761592891334 0.6708746552467346 33
1761592891718 0.6731289625167847 34
1761592892097 0.6789900660514832 35
1761592892464 0.678088366985321 36
1761592892849 0.6821460723876953 37
1761592893232 0.6961226463317871 38
1761592893594 0.692966639995575 39
1761592893971 0.6920649409294128 40
1761592894399 0.7137060165405273 41
1761592894771 0.7082957625389099 42
1761592895133 0.7164111733436584 43
1761592895515 0.726330041885376 44
1761592895918 0.7200180292129517 45
1761592896307 0.7272317409515381 46
1761592896682 0.726780891418457 47
1761592897063 0.7398557066917419 48
1761592897506 0.7398557066917419 49
1761592897887 0.7376014590263367 50
1761592898265 0.7448151707649231 51
1761592898624 0.7601442933082581 52
1761592899014 0.755635678768158 53
1761592899374 0.7642019987106323 54
1761592899759 0.7614968419075012 55
1761592900232 0.7718665599822998 56
1761592900586 0.7551848292350769 57
1761592900971 0.7795311212539673 58
1761592901367 0.7813345193862915 59
1761592901740 0.7880973815917969 60
1761592902110 0.7867448329925537 61
1761592902496 0.7935076355934143 62
1761592902871 0.7817853689193726 63
1761592903240 0.7948602437973022 64
1761592903610 0.7948602437973022 65
1761592904004 0.7808836698532104 66
1761592904379 0.8007213473320007 67
1761592904748 0.790802538394928 68
1761592905129 0.806582510471344 69
1761592905503 0.8025248050689697 70
1761592905927 0.8106402158737183 71
1761592906290 0.8155996203422546 72
1761592906664 0.8246167898178101 73
1761592907033 0.8201082348823547 74
1761592907414 0.8074842095375061 75
1761592907787 0.8192064762115479 76
1761592908154 0.8354373574256897 77
1761592908529 0.8358882069587708 78
1761592908897 0.8300270438194275 79
1761592909270 0.8340847492218018 80
1761592909646 0.8422001600265503 81
1761592910021 0.8444544672966003 82
1761592910392 0.8358882069587708 83
1761592910766 0.8449053168296814 84
1761592911142 0.8435527682304382 85
1761592911513 0.8372407555580139 86
1761592911891 0.8530207276344299 87
1761592912264 0.8597835898399353 88
1761592912640 0.8665464520454407 89
1761592913011 0.8647429943084717 90
1761592913367 0.8593327403068542 91
1761592913738 0.8417493104934692 92
1761592914121 0.8642921447753906 93
1761592914493 0.8773670196533203 94
1761592914886 0.8575292825698853 95
1761592915272 0.8512173295021057 96
1761592915655 0.8854824304580688 97
1761592916027 0.8665464520454407 98
1761592916402 0.8629395961761475 99
1761592878673 0.3981063961982727 0
