1761468599146 0.3870246112346649 0
1761468599974 0.3750932216644287 1
1761468600902 0.3795674741268158 2
1761468601365 0.3736017942428589 3
1761468602135 0.37733036279678345 4
1761468602894 0.40044742822647095 5
1761468603610 0.37807607650756836 6
1761468604478 0.38777032494544983 7
1761468605105 0.3736017942428589 8
1761468605707 0.37658464908599854 9
1761468606423 0.3795674741268158 10
1761468607135 0.38404175639152527 11
1761468607842 0.38851603865623474 12
1761468608555 0.3929902911186218 13
1761468609247 0.3795674741268158 14
1761468610006 0.3967188596725464 15
1761468610873 0.3847874701023102 16
1761468611631 0.4026845693588257 17
1761468612478 0.4153616726398468 18
1761468613166 0.41163310408592224 19
1761468614011 0.42356449365615845 20
1761468614835 0.3847874701023102 21
1761468615670 0.4161073863506317 22
1761468616473 0.41759881377220154 23
1761468617237 0.43475019931793213 24
1761468618006 0.4377330243587494 25
1761468618768 0.42505592107772827 26
1761468619551 0.45413869619369507 27
1761468620382 0.4451901614665985 28
1761468621164 0.44146159291267395 29
1761468621961 0.4511558413505554 30
1761468622845 0.4399701654911041 31
1761468623680 0.44891873002052307 32
1761468624596 0.45339298248291016 33
1761468625476 0.44146159291267395 34
1761468626350 0.45264726877212524 35
1761468627001 0.4638329744338989 36
1761468627675 0.45488440990448 37
1761468628583 0.46010440587997437 38
1761468629425 0.46457865834236145 39
1761468630141 0.4615958333015442 40
1761468630528 0.4660700857639313 41
1761468631108 0.4660700857639313 42
1761468631819 0.45413869619369507 43
1761468632535 0.47054436802864075 44
1761468633378 0.4675615131855011 45
1761468634231 0.4668157994747162 46
1761468635003 0.4668157994747162 47
1761468635910 0.4668157994747162 48
1761468637193 0.468307226896286 49
1761468599146 0.3870246112346649 0
