1761468599146 1.0821683406829834 0
1761468599974 1.0904182195663452 1
1761468600902 1.0983004570007324 2
1761468601365 1.0934127569198608 3
1761468602135 1.0818331241607666 4
1761468602894 1.0790793895721436 5
1761468603610 1.0826759338378906 6
1761468604478 1.0791655778884888 7
1761468605105 1.0896027088165283 8
1761468605707 1.0812656879425049 9
1761468606423 1.0781837701797485 10
1761468607135 1.0801030397415161 11
1761468607842 1.0798808336257935 12
1761468608555 1.0754154920578003 13
1761468609247 1.0800960063934326 14
1761468610006 1.077182412147522 15
1761468610873 1.0785892009735107 16
1761468611631 1.078505039215088 17
1761468612478 1.0754321813583374 18
1761468613166 1.0749061107635498 19
1761468614011 1.072370171546936 20
1761468614835 1.0819518566131592 21
1761468615670 1.0677131414413452 22
1761468616473 1.0756456851959229 23
1761468617237 1.063639521598816 24
1761468618006 1.0612047910690308 25
1761468618768 1.058471918106079 26
1761468619551 1.0541514158248901 27
1761468620382 1.0542155504226685 28
1761468621164 1.0545117855072021 29
1761468621961 1.0525540113449097 30
1761468622845 1.049657940864563 31
1761468623680 1.0512535572052002 32
1761468624596 1.0494917631149292 33
1761468625476 1.0470759868621826 34
1761468626350 1.0445274114608765 35
1761468627001 1.041086196899414 36
1761468627675 1.0407837629318237 37
1761468628583 1.0441033840179443 38
1761468629425 1.03755784034729 39
1761468630141 1.0375900268554688 40
1761468630528 1.035465955734253 41
1761468631108 1.0339666604995728 42
1761468631819 1.031595230102539 43
1761468632535 1.0292167663574219 44
1761468633378 1.029314637184143 45
1761468634231 1.0290882587432861 46
1761468635003 1.028548002243042 47
1761468635910 1.0239781141281128 48
1761468637193 1.0214850902557373 49
1761468599146 1.0821683406829834 0
