1761608328493 0.49504056572914124 0
1761608328738 0.517132580280304 1
1761608328981 0.5504959225654602 2
1761608329191 0.5703336596488953 3
1761608329410 0.5716862082481384 4
1761608329620 0.5906221866607666 5
1761608329830 0.597835898399353 6
1761608330070 0.6036970019340515 7
1761608330301 0.628494143486023 8
1761608330530 0.6429215669631958 9
1761608330744 0.6456266641616821 10
1761608330977 0.6659152507781982 11
1761608331199 0.6717763543128967 12
1761608331415 0.6722272038459778 13
1761608331641 0.6844003796577454 14
1761608331861 0.6974751949310303 15
1761608332079 0.6943191885948181 16
1761608332306 0.6947700381278992 17
1761608332551 0.7195671796798706 18
1761608332786 0.7227231860160828 19
1761608333015 0.7159603238105774 20
1761608333263 0.7366997003555298 21
1761608333496 0.7452660202980042 22
1761608333719 0.7362488508224487 23
1761608333937 0.755635678768158 24
1761608334166 0.7560865879058838 25
1761608334396 0.7610459923744202 26
1761608334620 0.7633002996444702 27
1761608334842 0.773669958114624 28
1761608335070 0.775473415851593 29
1761608335293 0.7804328203201294 30
1761608335531 0.7804328203201294 31
1761608335768 0.7867448329925537 32
1761608335979 0.7835888266563416 33
1761608336210 0.7975654006004333 34
1761608336440 0.7989179491996765 35
1761608336667 0.8038773536682129 36
1761608336903 0.804328203201294 37
1761608337131 0.7926059365272522 38
1761608337355 0.8178539276123047 39
1761608337581 0.8151487708091736 40
1761608337808 0.8192064762115479 41
1761608338053 0.8110910654067993 42
1761608338272 0.8322813510894775 43
1761608338495 0.8327322006225586 44
1761608338718 0.8458070158958435 45
1761608338930 0.8385933041572571 46
1761608339149 0.8372407555580139 47
1761608339371 0.8458070158958435 48
1761608339584 0.8440036177635193 49
1761608328493 0.49504056572914124 0
