1761608328493 1.0101029872894287 0
1761608328738 0.9793551564216614 1
1761608328981 0.952419638633728 2
1761608329191 0.9341154098510742 3
1761608329410 0.916606068611145 4
1761608329620 0.9032307267189026 5
1761608329830 0.8925694227218628 6
1761608330070 0.8655691742897034 7
1761608330301 0.8452745079994202 8
1761608330530 0.8219165205955505 9
1761608330744 0.8010342717170715 10
1761608330977 0.775989830493927 11
1761608331199 0.7665882706642151 12
1761608331415 0.7576755881309509 13
1761608331641 0.7398191094398499 14
1761608331861 0.7178046107292175 15
1761608332079 0.709446132183075 16
1761608332306 0.7014381289482117 17
1761608332551 0.6654703617095947 18
1761608332786 0.6626046895980835 19
1761608333015 0.6663722395896912 20
1761608333263 0.6296567320823669 21
1761608333496 0.6244803071022034 22
1761608333719 0.6268553733825684 23
1761608333937 0.593872606754303 24
1761608334166 0.5780265927314758 25
1761608334396 0.5713911056518555 26
1761608334620 0.5755143761634827 27
1761608334842 0.5422659516334534 28
1761608335070 0.5574556589126587 29
1761608335293 0.5319863557815552 30
1761608335531 0.5191987156867981 31
1761608335768 0.5166419744491577 32
1761608335979 0.5027555227279663 33
1761608336210 0.48764145374298096 34
1761608336440 0.48067259788513184 35
1761608336667 0.4587233364582062 36
1761608336903 0.4682662785053253 37
1761608337131 0.5001393556594849 38
1761608337355 0.45626696944236755 39
1761608337581 0.44345080852508545 40
1761608337808 0.43743574619293213 41
1761608338053 0.44460150599479675 42
1761608338272 0.4209507405757904 43
1761608338495 0.4063781797885895 44
1761608338718 0.3970451056957245 45
1761608338930 0.3907269537448883 46
1761608339149 0.3923419415950775 47
1761608339371 0.3771831691265106 48
1761608339584 0.3877074122428894 49
1761608328493 1.0101029872894287 0
