1761607271295 0.419747531414032 0
1761607271553 0.47339946031570435 1
1761607271825 0.49954915046691895 2
1761607272046 0.5180342793464661 3
1761607272269 0.5356176495552063 4
1761607272489 0.5504959225654602 5
1761607272714 0.5829576253890991 6
1761607272939 0.5910730361938477 7
1761607273170 0.6073038578033447 8
1761607273391 0.6032461524009705 9
1761607273613 0.6397655606269836 10
1761607273836 0.6487826704978943 11
1761607274063 0.6559963822364807 12
1761607274284 0.6686204075813293 13
1761607274505 0.6771866679191589 14
1761607274727 0.6875563859939575 15
1761607274951 0.7024345993995667 16
1761607275178 0.7046889066696167 17
1761607275402 0.7073940634727478 18
1761607275626 0.7132551670074463 19
1761607275848 0.7064923644065857 20
1761607276070 0.724977433681488 21
1761607276290 0.7371506094932556 22
1761607276513 0.7520288825035095 23
1761607276733 0.7470694184303284 24
1761607276955 0.7614968419075012 25
1761607277185 0.755635678768158 26
1761607277406 0.7569882869720459 27
1761607277625 0.7790802717208862 28
1761607277847 0.7727682590484619 29
1761607278072 0.7795311212539673 30
1761607278292 0.790802538394928 31
1761607278514 0.7899008393287659 32
1761607278736 0.7935076355934143 33
1761607278959 0.7948602437973022 34
1761607279179 0.7984670996665955 35
1761607279403 0.8052299618721008 36
1761607279628 0.7862939834594727 37
1761607279852 0.8205590844154358 38
1761607280076 0.8124436140060425 39
1761607280298 0.807033360004425 40
1761607280518 0.8119927644729614 41
1761607280746 0.8210099339485168 42
1761607280970 0.8237150311470032 43
1761607281196 0.8313795924186707 44
1761607281415 0.8273218870162964 45
1761607281634 0.8336338996887207 46
1761607281856 0.8525698781013489 47
1761607282081 0.8385933041572571 48
1761607282305 0.839495062828064 49
1761607271295 0.419747531414032 0
