1761607271295 1.05060613155365 0
1761607271553 1.013875961303711 1
1761607271825 0.9879051446914673 2
1761607272046 0.9656214118003845 3
1761607272269 0.9504655599594116 4
1761607272489 0.920189380645752 5
1761607272714 0.8951731324195862 6
1761607272939 0.874817967414856 7
1761607273170 0.851352334022522 8
1761607273391 0.8315019011497498 9
1761607273613 0.8038756251335144 10
1761607273836 0.783666729927063 11
1761607274063 0.7595353722572327 12
1761607274284 0.7368232607841492 13
1761607274505 0.7228253483772278 14
1761607274727 0.701458752155304 15
1761607274951 0.6868346929550171 16
1761607275178 0.6744877099990845 17
1761607275402 0.6612234711647034 18
1761607275626 0.6427121758460999 19
1761607275848 0.6520830988883972 20
1761607276070 0.6236705780029297 21
1761607276290 0.5976330041885376 22
1761607276513 0.5929911732673645 23
1761607276733 0.5826513171195984 24
1761607276955 0.5568352341651917 25
1761607277185 0.5749495029449463 26
1761607277406 0.5507633090019226 27
1761607277625 0.5224161744117737 28
1761607277847 0.5234456658363342 29
1761607278072 0.511311411857605 30
1761607278292 0.4900314509868622 31
1761607278514 0.49680283665657043 32
1761607278736 0.4824713468551636 33
1761607278959 0.47696635127067566 34
1761607279179 0.48820027709007263 35
1761607279403 0.46451711654663086 36
1761607279628 0.4791613221168518 37
1761607279852 0.4434312582015991 38
1761607280076 0.43561220169067383 39
1761607280298 0.44885677099227905 40
1761607280518 0.43617162108421326 41
1761607280746 0.41976574063301086 42
1761607280970 0.4171457588672638 43
1761607281196 0.4177338480949402 44
1761607281415 0.40889713168144226 45
1761607281634 0.40325668454170227 46
1761607281856 0.38280659914016724 47
1761607282081 0.3814200460910797 48
1761607282305 0.38134267926216125 49
1761607271295 1.05060613155365 0
