1761606002428 0.42200180888175964 0
1761606002989 0.44634807109832764 1
1761606003516 0.47249773144721985 2
1761606004008 0.484220027923584 3
1761606004560 0.50225430727005 4
1761606005069 0.5090171098709106 5
1761606005586 0.531109094619751 6
1761606006092 0.547339916229248 7
1761606006642 0.564472496509552 8
1761606007178 0.6086564660072327 9
1761606007676 0.6122633218765259 10
1761606008205 0.6293958425521851 11
1761606008704 0.6366095542907715 12
1761606009210 0.6645626425743103 13
1761606009726 0.678088366985321 14
1761606010241 0.6938683390617371 15
1761606010769 0.708746612071991 16
1761606011274 0.7186654806137085 17
1761606011786 0.7281334400177002 18
1761606012300 0.7376014590263367 19
1761606012812 0.7380523085594177 20
1761606013339 0.7497745752334595 21
1761606013860 0.7601442933082581 22
1761606014450 0.7623985409736633 23
1761606014939 0.7655545473098755 24
1761606015440 0.775473415851593 25
1761606015953 0.7975654006004333 26
1761606016444 0.790802538394928 27
1761606016958 0.8029756546020508 28
1761606017498 0.7989179491996765 29
1761606018028 0.8178539276123047 30
1761606018555 0.8052299618721008 31
1761606019091 0.806582510471344 32
1761606019585 0.8300270438194275 33
1761606020096 0.8255184888839722 34
1761606020596 0.8327322006225586 35
1761606021103 0.8322813510894775 36
1761606021624 0.8282236456871033 37
1761606022131 0.8358882069587708 38
1761606022668 0.8561767339706421 39
1761606023161 0.8471596240997314 40
1761606023686 0.8597835898399353 41
1761606024186 0.868800699710846 42
1761606024710 0.8719567060470581 43
1761606025218 0.8683498501777649 44
1761606025766 0.8633904457092285 45
1761606026335 0.8724075555801392 46
1761606026875 0.8706041574478149 47
1761606027460 0.8787195682525635 48
1761606028040 0.8845807313919067 49
1761606002428 0.42200180888175964 0
