1761512600478 0.5200541019439697 0
1761512601472 0.5416854619979858 1
1761512602435 0.5687246322631836 2
1761512603351 0.5808922648429871 3
1761512604266 0.6079314947128296 4
1761512605213 0.617845892906189 5
1761512606140 0.6155925989151001 6
1761512607050 0.6300135254859924 7
1761512607961 0.6421811580657959 8
1761512608809 0.6588553190231323 9
1761512609672 0.6579540371894836 10
1761512610535 0.6755295395851135 11
1761512611392 0.6881478428840637 12
1761512612258 0.7093285322189331 13
1761512613128 0.6980621814727783 14
1761512613995 0.6913023591041565 15
1761512614904 0.7048220038414001 16
1761512615975 0.7111311554908752 17
1761512616997 0.731410562992096 18
1761512618168 0.7390716671943665 19
1761512619040 0.7440288662910461 20
1761512619970 0.7548445463180542 21
1761512620881 0.7539432048797607 22
1761512621762 0.7787291407585144 23
1761512622693 0.7737719416618347 24
1761512623596 0.788192868232727 25
1761512624522 0.788192868232727 26
1761512625608 0.7985579371452332 27
1761512626477 0.7958539724349976 28
1761512627530 0.8129788041114807 29
1761512628532 0.8152320981025696 30
1761512629463 0.8287516832351685 31
1761512630385 0.8255971074104309 32
1761512631328 0.8449752330780029 33
1761512632217 0.8409193158149719 34
1761512633088 0.8386660814285278 35
1761512633937 0.860297441482544 36
1761512634813 0.8589454889297485 37
1761512635663 0.871113121509552 38
1761512636511 0.8742676973342896 39
1761512637365 0.8751689791679382 40
1761512638210 0.8706624507904053 41
1761512639057 0.8882379531860352 42
1761512639903 0.8765209317207336 43
1761512640770 0.8873366117477417 44
1761512641620 0.8855340480804443 45
1761512642526 0.890941858291626 46
1761512643374 0.8995043039321899 47
1761512644228 0.8891392350196838 48
1761512645078 0.9125732183456421 49
1761512600478 0.5200541019439697 0
