1761512600478 0.8196280598640442 0
1761512601472 0.7809069752693176 1
1761512602435 0.7684416770935059 2
1761512603351 0.7551057934761047 3
1761512604266 0.7422168850898743 4
1761512605213 0.7240004539489746 5
1761512606140 0.7293343544006348 6
1761512607050 0.7199264764785767 7
1761512607961 0.6879937648773193 8
1761512608809 0.6881524324417114 9
1761512609672 0.6817946434020996 10
1761512610535 0.6802384853363037 11
1761512611392 0.6586676836013794 12
1761512612258 0.6361096501350403 13
1761512613128 0.6316604018211365 14
1761512613995 0.6342301964759827 15
1761512614904 0.6161386370658875 16
1761512615975 0.6119523048400879 17
1761512616997 0.5876755714416504 18
1761512618168 0.5668968558311462 19
1761512619040 0.5625396370887756 20
1761512619970 0.5520501136779785 21
1761512620881 0.5473953485488892 22
1761512621762 0.517851710319519 23
1761512622693 0.5123392939567566 24
1761512623596 0.48726579546928406 25
1761512624522 0.4789773225784302 26
1761512625608 0.4689975082874298 27
1761512626477 0.4588930010795593 28
1761512627530 0.4412960708141327 29
1761512628532 0.440353661775589 30
1761512629463 0.406413197517395 31
1761512630385 0.4225209951400757 32
1761512631328 0.3702464997768402 33
1761512632217 0.37934306263923645 34
1761512633088 0.3725830316543579 35
1761512633937 0.33423444628715515 36
1761512634813 0.33549439907073975 37
1761512635663 0.3154852092266083 38
1761512636511 0.30553895235061646 39
1761512637365 0.29491397738456726 40
1761512638210 0.2921561002731323 41
1761512639057 0.2663120627403259 42
1761512639903 0.27211233973503113 43
1761512640770 0.24821889400482178 44
1761512641620 0.25355684757232666 45
1761512642526 0.24714861810207367 46
1761512643374 0.23916465044021606 47
1761512644228 0.24296404421329498 48
1761512645078 0.21925510466098785 49
1761512600478 0.8196280598640442 0
