1761596848896 0.533363401889801 0
1761596849163 0.5477908253669739 1
1761596849400 0.5500450730323792 2
1761596849638 0.5532010793685913 3
1761596849929 0.5532010793685913 4
1761596850158 0.5572587847709656 5
1761596850392 0.5608656406402588 6
1761596850623 0.5613164901733398 7
1761596850855 0.5653741955757141 8
1761596851113 0.5631199479103088 9
1761596851370 0.5698827505111694 10
1761596851604 0.5748422145843506 11
1761596851838 0.5748422145843506 12
1761596852072 0.582055926322937 13
1761596852311 0.5698827505111694 14
1761596852540 0.5847610235214233 15
1761596852772 0.5861136317253113 16
1761596853012 0.5906221866607666 17
1761596853251 0.5883678793907166 18
1761596853485 0.5883678793907166 19
1761596853726 0.6041478514671326 20
1761596853962 0.5991884469985962 21
1761596854199 0.6023444533348083 22
1761596854435 0.597835898399353 23
1761596854680 0.6027953028678894 24
1761596854936 0.6059513092041016 25
1761596855182 0.6172227263450623 26
1761596855427 0.6064021587371826 27
1761596855659 0.6158701777458191 28
1761596855901 0.6149684190750122 29
1761596856140 0.6122633218765259 30
1761596856382 0.6190261244773865 31
1761596856615 0.6212804317474365 32
1761596856848 0.6176735758781433 33
1761596857089 0.6208295822143555 34
1761596857330 0.6275924444198608 35
1761596857570 0.6230838298797607 36
1761596857819 0.6293958425521851 37
1761596858062 0.6339043974876404 38
1761596858295 0.631199300289154 39
1761596858534 0.6343552470207214 40
1761596858767 0.6330026984214783 41
1761596859021 0.6397655606269836 42
1761596859463 0.6361587047576904 43
1761596859723 0.6348061561584473 44
1761596859981 0.6406672596931458 45
1761596860219 0.6546438336372375 46
1761596860464 0.6523895263671875 47
1761596860703 0.6519386768341064 48
1761596860934 0.6456266641616821 49
1761596848896 0.533363401889801 0
