1761596848896 0.9901751279830933 0
1761596849163 0.9673860669136047 1
1761596849400 0.9608420729637146 2
1761596849638 0.9532578587532043 3
1761596849929 0.9512850046157837 4
1761596850158 0.946148157119751 5
1761596850392 0.9419329762458801 6
1761596850623 0.9360902905464172 7
1761596850855 0.9317725896835327 8
1761596851113 0.9301977753639221 9
1761596851370 0.9253493547439575 10
1761596851604 0.9197438359260559 11
1761596851838 0.9171290993690491 12
1761596852072 0.9132140874862671 13
1761596852311 0.9109281301498413 14
1761596852540 0.9045875072479248 15
1761596852772 0.8982395529747009 16
1761596853012 0.8989811539649963 17
1761596853251 0.8943707942962646 18
1761596853485 0.8880639672279358 19
1761596853726 0.8803535103797913 20
1761596853962 0.8804383873939514 21
1761596854199 0.8793513178825378 22
1761596854435 0.8722009062767029 23
1761596854680 0.8649319410324097 24
1761596854936 0.8595098257064819 25
1761596855182 0.8536504507064819 26
1761596855427 0.8608959317207336 27
1761596855659 0.8539325594902039 28
1761596855901 0.8444189429283142 29
1761596856140 0.8453414440155029 30
1761596856382 0.8359730839729309 31
1761596856615 0.8342419862747192 32
1761596856848 0.8330215811729431 33
1761596857089 0.8248435258865356 34
1761596857330 0.8232999444007874 35
1761596857570 0.8255389928817749 36
1761596857819 0.8194288611412048 37
1761596858062 0.8132635354995728 38
1761596858295 0.8053804039955139 39
1761596858534 0.8033055663108826 40
1761596858767 0.8018965125083923 41
1761596859021 0.7973333597183228 42
1761596859463 0.7939284443855286 43
1761596859723 0.7913684844970703 44
1761596859981 0.7894515991210938 45
1761596860219 0.7800829410552979 46
1761596860464 0.7781400084495544 47
1761596860703 0.7723789215087891 48
1761596860934 0.7736567258834839 49
1761596848896 0.9901751279830933 0
