1761588798481 0.42110008001327515 0
1761588798774 0.45266005396842957 1
1761588799000 0.46032461524009705 2
1761588799258 0.4765554666519165 3
1761588799517 0.4833182990550995 4
1761588799795 0.49864742159843445 5
1761588800024 0.4927862882614136 6
1761588800280 0.5072137117385864 7
1761588800532 0.5121731162071228 8
1761588800769 0.5207393765449524 9
1761588801042 0.5229936838150024 10
1761588801304 0.5288548469543457 11
1761588801565 0.531559944152832 12
1761588801797 0.5414788126945496 13
1761588802039 0.5482416749000549 14
1761588802273 0.5518485307693481 15
1761588802506 0.5554553866386414 16
1761588802731 0.5689810514450073 17
1761588802961 0.5698827505111694 18
1761588803243 0.579801619052887 19
1761588803490 0.5829576253890991 20
1761588803732 0.5933273434638977 21
1761588803977 0.6032461524009705 22
1761588804257 0.5964832901954651 23
1761588804496 0.5982867479324341 24
1761588804810 0.6032461524009705 25
1761588805143 0.611361563205719 26
1761588805409 0.6185752749443054 27
1761588805644 0.6298466920852661 28
1761588805865 0.6235347390174866 29
1761588806144 0.6275924444198608 30
1761588806372 0.6411181092262268 31
1761588806601 0.6361587047576904 32
1761588806833 0.64472496509552 33
1761588807063 0.644274115562439 34
1761588807301 0.644274115562439 35
1761588807535 0.6411181092262268 36
1761588807760 0.6528403759002686 37
1761588807990 0.6483318209648132 38
1761588808214 0.6501352787017822 39
1761588808446 0.6411181092262268 40
1761588808667 0.6686204075813293 41
1761588808894 0.660504937171936 42
1761588809116 0.6668169498443604 43
1761588809346 0.6641117930412292 44
1761588809566 0.67763751745224 45
1761588809784 0.6708746552467346 46
1761588810014 0.6916140913963318 47
1761588810260 0.6749323606491089 48
1761588810603 0.6839495301246643 49
1761588810844 0.6880072355270386 50
1761588811077 0.6794409155845642 51
1761588811301 0.6785392165184021 52
1761588811522 0.6866546273231506 53
1761588811744 0.6898106336593628 54
1761588812024 0.7006312012672424 55
1761588812259 0.6965734958648682 56
1761588812491 0.6983768939971924 57
1761588812721 0.693417489528656 58
1761588812950 0.709197461605072 59
1761588813176 0.6943191885948181 60
1761588813406 0.7006312012672424 61
1761588813632 0.7073940634727478 62
1761588813864 0.7024345993995667 63
1761588814098 0.6961226463317871 64
1761588814324 0.7114517688751221 65
1761588814552 0.7128043174743652 66
1761588814783 0.7141569256782532 67
1761588815011 0.7128043174743652 68
1761588815243 0.7195671796798706 69
1761588815473 0.7177637219429016 70
1761588815703 0.7073940634727478 71
1761588815925 0.7132551670074463 72
1761588816155 0.7191163301467896 73
1761588816393 0.7200180292129517 74
1761588816632 0.7276825904846191 75
1761588816857 0.7204688787460327 76
1761588817087 0.7159603238105774 77
1761588817322 0.7335437536239624 78
1761588817555 0.7290351390838623 79
1761588817791 0.726330041885376 80
1761588818028 0.7186654806137085 81
1761588818277 0.7168620228767395 82
1761588818516 0.7398557066917419 83
1761588818760 0.7308385968208313 84
1761588819004 0.7389540076255798 85
1761588819240 0.7339946031570435 86
1761588819465 0.7412083148956299 87
1761588819698 0.7357980012893677 88
1761588819925 0.7335437536239624 89
1761588820158 0.7317402958869934 90
1761588820391 0.7357980012893677 91
1761588820622 0.7493237257003784 92
1761588820854 0.7520288825035095 93
1761588821092 0.7457168698310852 94
1761588821336 0.744364321231842 95
1761588821558 0.7430117130279541 96
1761588821779 0.7412083148956299 97
1761588822012 0.7565374374389648 98
1761588822254 0.7448151707649231 99
1761588798481 0.42110008001327515 0
