1761588506426 0.4328223764896393 0
1761588507484 0.4467989206314087 1
1761588508480 0.4711451828479767 2
1761588509719 0.46979260444641113 3
1761588510763 0.4720468819141388 4
1761588511758 0.491433709859848 5
1761588512761 0.5031560063362122 6
1761588513763 0.5085662603378296 7
1761588514871 0.5009016990661621 8
1761588516027 0.5482416749000549 9
1761588517062 0.5288548469543457 10
1761588518068 0.5437331199645996 11
1761588519064 0.5459873676300049 12
1761588520103 0.5757439136505127 13
1761588521299 0.5766456127166748 14
1761588522333 0.5906221866607666 15
1761588523369 0.5915238857269287 16
1761588524376 0.5964832901954651 17
1761588525394 0.6154192686080933 18
1761588526537 0.6230838298797607 19
1761588527699 0.6402164101600647 20
1761588528996 0.6361587047576904 21
1761588530172 0.6510369777679443 22
1761588531471 0.6541929841041565 23
1761588533090 0.6717763543128967 24
1761588534171 0.6785392165184021 25
1761588535383 0.6798917651176453 26
1761588536610 0.6997295022010803 27
1761588537913 0.695671796798706 28
1761588539201 0.7064923644065857 29
1761588542464 0.7159603238105774 30
1761588544160 0.7173128724098206 31
1761588546113 0.7240757346153259 32
1761588548237 0.7470694184303284 33
1761588550287 0.7439134120941162 34
1761588552226 0.7439134120941162 35
1761588554007 0.7678088545799255 36
1761588555590 0.7673580050468445 37
1761588557016 0.7628493905067444 38
1761588558475 0.7786294221878052 39
1761588559710 0.7790802717208862 40
1761588560938 0.7826871275901794 41
1761588562332 0.8016231060028076 42
1761588563839 0.7903516888618469 43
1761588565071 0.8020739555358887 44
1761588566173 0.8183047771453857 45
1761588567352 0.8268710374832153 46
1761588568592 0.8246167898178101 47
1761588569802 0.8074842095375061 48
1761588570910 0.8259693384170532 49
1761588572402 0.8403967618942261 50
1761588573791 0.8476104736328125 51
1761588575003 0.8422001600265503 52
1761588576144 0.8498647212982178 53
1761588577264 0.853922426700592 54
1761588578872 0.8579801917076111 55
1761588579866 0.8575292825698853 56
1761588580873 0.8669973015785217 57
1761588581954 0.8764652609825134 58
1761588583019 0.8827772736549377 59
1761588584241 0.8579801917076111 60
1761588585287 0.8800721168518066 61
1761588586368 0.8854824304580688 62
1761588587443 0.8683498501777649 63
1761588588589 0.8908926844596863 64
1761588589759 0.8823264241218567 65
1761588590848 0.8922452926635742 66
1761588591922 0.8972046971321106 67
1761588592915 0.8809738755226135 68
1761588593914 0.8976555466651917 69
1761588594998 0.8881875276565552 70
1761588596231 0.8990080952644348 71
1761588597283 0.902614951133728 72
1761588598299 0.9120829701423645 73
1761588599330 0.9098286628723145 74
1761588600350 0.9035167098045349 75
1761588601462 0.8728584051132202 76
1761588602602 0.9125338196754456 77
1761588603609 0.9165915250778198 78
1761588604602 0.9242560863494873 79
1761588605661 0.933273196220398 80
1761588606704 0.9296663403511047 81
1761588607902 0.9174932241439819 82
1761588608914 0.9368800520896912 83
1761588609927 0.9287646412849426 84
1761588610946 0.9278629422187805 85
1761588611962 0.9337241053581238 86
1761588613096 0.935978353023529 87
1761588614246 0.9440937638282776 88
1761588615272 0.9278629422187805 89
1761588616290 0.9229035377502441 90
1761588617329 0.9287646412849426 91
1761588618360 0.8832281231880188 92
1761588619614 0.9251577854156494 93
1761588620691 0.9147881269454956 94
1761588621707 0.9224526882171631 95
1761588622718 0.9143372178077698 96
1761588623736 0.9341749548912048 97
1761588624925 0.9463480710983276 98
1761588626052 0.9540126323699951 99
1761588506426 0.4328223764896393 0
