1761588506426 1.0666698217391968 0
1761588507484 1.056366205215454 1
1761588508480 1.0411618947982788 2
1761588509719 1.03995943069458 3
1761588510763 1.0325109958648682 4
1761588511758 1.0211663246154785 5
1761588512761 1.0078809261322021 6
1761588513763 0.9968730807304382 7
1761588514871 0.9986403584480286 8
1761588516027 0.9675197005271912 9
1761588517062 0.9698264002799988 10
1761588518068 0.9479897022247314 11
1761588519064 0.9398869276046753 12
1761588520103 0.9171310663223267 13
1761588521299 0.9076144695281982 14
1761588522333 0.8922027349472046 15
1761588523369 0.8737943768501282 16
1761588524376 0.8544487953186035 17
1761588525394 0.8340152502059937 18
1761588526537 0.8228325843811035 19
1761588527699 0.8045211434364319 20
1761588528996 0.7846371531486511 21
1761588530172 0.7676669955253601 22
1761588531471 0.7544993758201599 23
1761588533090 0.7261464595794678 24
1761588534171 0.7164031267166138 25
1761588535383 0.7199153900146484 26
1761588536610 0.6938334703445435 27
1761588537913 0.6809186339378357 28
1761588539201 0.6504287123680115 29
1761588542464 0.6420060992240906 30
1761588544160 0.6223411560058594 31
1761588546113 0.6113010048866272 32
1761588548237 0.587215781211853 33
1761588550287 0.5756731033325195 34
1761588552226 0.5895025134086609 35
1761588554007 0.5361544489860535 36
1761588555590 0.5266703963279724 37
1761588557016 0.5318095684051514 38
1761588558475 0.5130847096443176 39
1761588559710 0.5027352571487427 40
1761588560938 0.49277263879776 41
1761588562332 0.4588307738304138 42
1761588563839 0.476195752620697 43
1761588565071 0.44207900762557983 44
1761588566173 0.4349510073661804 45
1761588567352 0.4023057520389557 46
1761588568592 0.40180036425590515 47
1761588569802 0.4203505218029022 48
1761588570910 0.38131946325302124 49
1761588572402 0.3839884400367737 50
1761588573791 0.35825446248054504 51
1761588575003 0.36722517013549805 52
1761588576144 0.35334745049476624 53
1761588577264 0.331937313079834 54
1761588578872 0.31626245379447937 55
1761588579866 0.3224424719810486 56
1761588580873 0.3225572109222412 57
1761588581954 0.27742838859558105 58
1761588583019 0.2769275903701782 59
1761588584241 0.3402755558490753 60
1761588585287 0.27293622493743896 61
1761588586368 0.2756062150001526 62
1761588587443 0.29992538690567017 63
1761588588589 0.2605458199977875 64
1761588589759 0.2854604721069336 65
1761588590848 0.24402089416980743 66
1761588591922 0.2479221373796463 67
1761588592915 0.2861957252025604 68
1761588593914 0.23887264728546143 69
1761588594998 0.2580375373363495 70
1761588596231 0.2482559233903885 71
1761588597283 0.2460499107837677 72
1761588598299 0.1993960291147232 73
1761588599330 0.20678673684597015 74
1761588600350 0.23180945217609406 75
1761588601462 0.31801483035087585 76
1761588602602 0.19724421203136444 77
1761588603609 0.19780637323856354 78
1761588604602 0.18072526156902313 79
1761588605661 0.15763252973556519 80
1761588606704 0.17685677111148834 81
1761588607902 0.18879105150699615 82
1761588608914 0.15076227486133575 83
1761588609927 0.1813584566116333 84
1761588610946 0.18561479449272156 85
1761588611962 0.16972588002681732 86
1761588613096 0.16079428791999817 87
1761588614246 0.14143046736717224 88
1761588615272 0.18385276198387146 89
1761588616290 0.18492907285690308 90
1761588617329 0.18467800319194794 91
1761588618360 0.30037829279899597 92
1761588619614 0.17995649576187134 93
1761588620691 0.2014322280883789 94
1761588621707 0.19559554755687714 95
1761588622718 0.21433237195014954 96
1761588623736 0.16252440214157104 97
1761588624925 0.12611794471740723 98
1761588626052 0.11496801674365997 99
1761588506426 1.0666698217391968 0
