1761532690625 0.5065344572067261 0
1761532690937 0.5497971773147583 1
1761532691150 0.5515998005867004 2
1761532691361 0.5515998005867004 3
1761532691583 0.565570056438446 4
1761532691819 0.5579089522361755 5
1761532692030 0.5597115755081177 6
1761532692251 0.5439386963844299 7
1761532692463 0.5538530945777893 8
1761532692705 0.5682740211486816 9
1761532692920 0.5570076704025269 10
1761532693140 0.558810293674469 11
1761532693342 0.5583596229553223 12
1761532693569 0.5637674331665039 13
1761532693777 0.5439386963844299 14
1761532694005 0.558810293674469 15
1761532694209 0.5610635280609131 16
1761532694413 0.5565569996833801 17
1761532694635 0.5624154806137085 18
1761532694840 0.5646687746047974 19
1761532695044 0.5646687746047974 20
1761532695251 0.558810293674469 21
1761532695456 0.5669220089912415 22
1761532695664 0.5493465662002563 23
1761532695874 0.565570056438446 24
1761532696080 0.5723298788070679 25
1761532696287 0.5597115755081177 26
1761532696499 0.5574583411216736 27
1761532696744 0.5772870779037476 28
1761532696954 0.5651194453239441 29
1761532697165 0.5705272555351257 30
1761532697404 0.5660207271575928 31
1761532697604 0.5678233504295349 32
1761532697815 0.5651194453239441 33
1761532698034 0.5651194453239441 34
1761532698265 0.5745831727981567 35
1761532698492 0.5718792080879211 36
1761532698694 0.559260904788971 37
1761532698903 0.5709779262542725 38
1761532699122 0.5664713978767395 39
1761532699326 0.5736818313598633 40
1761532699557 0.5826948881149292 41
1761532699764 0.5628661513328552 42
1761532699966 0.5750337839126587 43
1761532700180 0.5781883597373962 44
1761532700399 0.5718792080879211 45
1761532700605 0.5826948881149292 46
1761532700810 0.5826948881149292 47
1761532701015 0.5813429355621338 48
1761532701234 0.5795403122901917 49
1761532701436 0.5835962295532227 50
1761532701640 0.5876520872116089 51
1761532701845 0.5844975113868713 52
1761532702059 0.5813429355621338 53
1761532702272 0.5808922648429871 54
1761532702487 0.5885534286499023 55
1761532702688 0.5831455588340759 56
1761532702907 0.5822442770004272 57
1761532703117 0.5908066630363464 58
1761532703322 0.5948625802993774 59
1761532703529 0.5863001346588135 60
1761532703737 0.5872014164924622 61
1761532703941 0.5872014164924622 62
1761532704146 0.5858494639396667 63
1761532704352 0.5849481821060181 64
1761532704559 0.589454710483551 65
1761532704769 0.5962145328521729 66
1761532704996 0.5881027579307556 67
1761532705200 0.5903559923171997 68
1761532705411 0.5872014164924622 69
1761532705621 0.5844975113868713 70
1761532705828 0.589454710483551 71
1761532706052 0.5844975113868713 72
1761532706323 0.5971158146858215 73
1761532706533 0.5935105681419373 74
1761532706825 0.5948625802993774 75
1761532707080 0.5966651439666748 76
1761532707291 0.5953131914138794 77
1761532707499 0.5984677672386169 78
1761532707713 0.5917080044746399 79
1761532707924 0.589454710483551 80
1761532708123 0.5921586155891418 81
1761532708326 0.5890040397644043 82
1761532708535 0.5926092863082886 83
1761532708741 0.5993691086769104 84
1761532708980 0.5921586155891418 85
1761532709189 0.6011716723442078 86
1761532709399 0.5908066630363464 87
1761532709608 0.6020730137825012 88
1761532709822 0.5953131914138794 89
1761532710027 0.5957638621330261 90
1761532710235 0.5935105681419373 91
1761532710443 0.5989184379577637 92
1761532710655 0.5930599570274353 93
1761532710871 0.5993691086769104 94
1761532711180 0.6002703905105591 95
1761532711441 0.5948625802993774 96
1761532711699 0.5980170965194702 97
1761532711931 0.5944119095802307 98
1761532712191 0.6029742956161499 99
1761532690625 0.5065344572067261 0
