1761532690625 0.9205560088157654 0
1761532690937 0.8494781851768494 1
1761532691150 0.8464016318321228 2
1761532691361 0.8444455862045288 3
1761532691583 0.8436875343322754 4
1761532691819 0.8448407649993896 5
1761532692030 0.8431354761123657 6
1761532692251 0.8453615307807922 7
1761532692463 0.8414134383201599 8
1761532692705 0.8424592018127441 9
1761532692920 0.8412372469902039 10
1761532693140 0.8429707884788513 11
1761532693342 0.8403418660163879 12
1761532693569 0.840722382068634 13
1761532693777 0.8425299525260925 14
1761532694005 0.8392540216445923 15
1761532694209 0.8439751267433167 16
1761532694413 0.8412549495697021 17
1761532694635 0.8393132090568542 18
1761532694840 0.8422898054122925 19
1761532695044 0.8385926485061646 20
1761532695251 0.8375691771507263 21
1761532695456 0.8373516798019409 22
1761532695664 0.8419229984283447 23
1761532695874 0.8391162753105164 24
1761532696080 0.8378894329071045 25
1761532696287 0.8384648561477661 26
1761532696499 0.8354314565658569 27
1761532696744 0.835293710231781 28
1761532696954 0.8332889676094055 29
1761532697165 0.8353740572929382 30
1761532697404 0.8374385237693787 31
1761532697604 0.8343661427497864 32
1761532697815 0.8325741291046143 33
1761532698034 0.833380401134491 34
1761532698265 0.8331395387649536 35
1761532698492 0.8338478207588196 36
1761532698694 0.8333696126937866 37
1761532698903 0.8290331363677979 38
1761532699122 0.833335280418396 39
1761532699326 0.8272294402122498 40
1761532699557 0.8286556005477905 41
1761532699764 0.8305649757385254 42
1761532699966 0.8280958533287048 43
1761532700180 0.8259243965148926 44
1761532700399 0.824944794178009 45
1761532700605 0.8246565461158752 46
1761532700810 0.825810432434082 47
1761532701015 0.8252261281013489 48
1761532701234 0.8219156265258789 49
1761532701436 0.8265677094459534 50
1761532701640 0.8223130702972412 51
1761532701845 0.8214975595474243 52
1761532702059 0.8199632167816162 53
1761532702272 0.8209963440895081 54
1761532702487 0.8204590678215027 55
1761532702688 0.8187567591667175 56
1761532702907 0.8202670216560364 57
1761532703117 0.8163222074508667 58
1761532703322 0.8171725273132324 59
1761532703529 0.8181158304214478 60
1761532703737 0.8196936845779419 61
1761532703941 0.815508246421814 62
1761532704146 0.8162330389022827 63
1761532704352 0.8177343606948853 64
1761532704559 0.8140572905540466 65
1761532704769 0.8130673170089722 66
1761532704996 0.8122920393943787 67
1761532705200 0.8134047985076904 68
1761532705411 0.8092337250709534 69
1761532705621 0.8146288394927979 70
1761532705828 0.8102933168411255 71
1761532706052 0.8107796907424927 72
1761532706323 0.8075647354125977 73
1761532706533 0.8095507621765137 74
1761532706825 0.8099133372306824 75
1761532707080 0.8063744306564331 76
1761532707291 0.8082457184791565 77
1761532707499 0.8052113652229309 78
1761532707713 0.8047868013381958 79
1761532707924 0.8052325248718262 80
1761532708123 0.8057506680488586 81
1761532708326 0.8030230402946472 82
1761532708535 0.802514374256134 83
1761532708741 0.8046036958694458 84
1761532708980 0.8030269742012024 85
1761532709189 0.8034014701843262 86
1761532709399 0.8015856146812439 87
1761532709608 0.7998011112213135 88
1761532709822 0.8043907284736633 89
1761532710027 0.8007943630218506 90
1761532710235 0.8009077310562134 91
1761532710443 0.8005304932594299 92
1761532710655 0.7988079190254211 93
1761532710871 0.7966200709342957 94
1761532711180 0.7971989512443542 95
1761532711441 0.7972444891929626 96
1761532711699 0.7960503697395325 97
1761532711931 0.8016591668128967 98
1761532712191 0.7967637777328491 99
1761532690625 0.9205560088157654 0
