1761611068704 0.4431920647621155 0
1761611069050 0.4905320107936859 1
1761611069384 0.4851217269897461 2
1761611069684 0.4887285828590393 3
1761611070000 0.4801623225212097 4
1761611070321 0.4990983009338379 5
1761611070639 0.4954914450645447 6
1761611070933 0.49774572253227234 7
1761611071254 0.5144274234771729 8
1761611071928 0.5184851288795471 9
1761611072900 0.5162308216094971 10
1761611073274 0.5031560063362122 11
1761611073782 0.5238953828811646 12
1761611074079 0.5252479910850525 13
1761611074396 0.515779972076416 14
1761611074710 0.5229936838150024 15
1761611075374 0.5275022387504578 16
1761611075711 0.53291255235672 17
1761611076022 0.5428313612937927 18
1761611076357 0.5545536279678345 19
1761611076703 0.5365194082260132 20
1761611077014 0.5572587847709656 21
1761611077324 0.531559944152832 22
1761611077644 0.5626690983772278 23
1761611077967 0.5545536279678345 24
1761611078283 0.5577096343040466 25
1761611078590 0.5608656406402588 26
1761611078885 0.5748422145843506 27
1761611079199 0.5703336596488953 28
1761611079502 0.5694319009780884 29
1761611079802 0.5757439136505127 30
1761611080111 0.580252468585968 31
1761611080430 0.5924255847930908 32
1761611080738 0.5910730361938477 33
1761611081048 0.6005410552024841 34
1761611081358 0.6176735758781433 35
1761611081667 0.6149684190750122 36
1761611081973 0.6059513092041016 37
1761611082276 0.6199278831481934 38
1761611082586 0.6226329803466797 39
1761611082901 0.628944993019104 40
1761611083216 0.6248872876167297 41
1761611083535 0.6339043974876404 42
1761611083851 0.6406672596931458 43
1761611084163 0.6469792723655701 44
1761611084472 0.6537421345710754 45
1761611084782 0.6523895263671875 46
1761611085086 0.6591523885726929 47
1761611085393 0.6641117930412292 48
1761611085711 0.6609557867050171 49
1761611068704 0.4431920647621155 0
