1761611068704 1.0586096048355103 0
1761611069050 1.0131868124008179 1
1761611069384 1.0174623727798462 2
1761611069684 1.014420986175537 3
1761611070000 1.0144376754760742 4
1761611070321 1.004469871520996 5
1761611070639 1.008401870727539 6
1761611070933 1.000623345375061 7
1761611071254 0.9931325912475586 8
1761611071928 0.9922012686729431 9
1761611072900 0.9912945032119751 10
1761611073274 0.9914101958274841 11
1761611073782 0.981194257736206 12
1761611074079 0.9852316975593567 13
1761611074396 0.9832841753959656 14
1761611074710 0.9786397814750671 15
1761611075374 0.9771711826324463 16
1761611075711 0.9716315865516663 17
1761611076022 0.9625388383865356 18
1761611076357 0.9596648216247559 19
1761611076703 0.9704408049583435 20
1761611077014 0.9551587104797363 21
1761611077324 0.9596737623214722 22
1761611077644 0.9481020569801331 23
1761611077967 0.9442090392112732 24
1761611078283 0.9384912252426147 25
1761611078590 0.9314932227134705 26
1761611078885 0.9218045473098755 27
1761611079199 0.9239181876182556 28
1761611079502 0.9181557297706604 29
1761611079802 0.9157643914222717 30
1761611080111 0.900547444820404 31
1761611080430 0.889069676399231 32
1761611080738 0.8932715654373169 33
1761611081048 0.8824072480201721 34
1761611081358 0.8673738241195679 35
1761611081667 0.8619235157966614 36
1761611081973 0.8647496700286865 37
1761611082276 0.8489280343055725 38
1761611082586 0.851514995098114 39
1761611082901 0.8362748622894287 40
1761611083216 0.8349495530128479 41
1761611083535 0.823056161403656 42
1761611083851 0.8104782104492188 43
1761611084163 0.8083196878433228 44
1761611084472 0.79226154088974 45
1761611084782 0.7936027646064758 46
1761611085086 0.7912138104438782 47
1761611085393 0.7804896235466003 48
1761611085711 0.7754082083702087 49
1761611068704 1.0586096048355103 0
