1761502909963 0.5371789336204529 0
1761502910760 0.5610635280609131 1
1761502911417 0.5858494639396667 2
1761502911974 0.5998197197914124 3
1761502912487 0.6097341179847717 4
1761502913160 0.63316810131073 5
1761502913817 0.6385759115219116 6
1761502914434 0.6507436037063599 7
1761502915102 0.6746281981468201 8
1761502915842 0.6804866790771484 9
1761502916598 0.6777827739715576 10
1761502917335 0.6917530298233032 11
1761502917818 0.7097792029380798 12
1761502918420 0.6949076056480408 13
1761502919151 0.7052726745605469 14
1761502919878 0.7111311554908752 15
1761502920583 0.7169896364212036 16
1761502921314 0.7255520224571228 17
1761502921951 0.7264533638954163 18
1761502922619 0.7386209964752197 19
1761502923182 0.7417755722999573 20
1761502923714 0.7440288662910461 21
1761502924352 0.7444794774055481 22
1761502924952 0.7539432048797607 23
1761502925471 0.7566471099853516 24
1761502926033 0.7557458281517029 25
1761502926678 0.7634069323539734 26
1761502927317 0.7746732831001282 27
1761502927891 0.7598016858100891 28
1761502928494 0.7674628496170044 29
1761502929095 0.7665615081787109 30
1761502929729 0.7656602263450623 31
1761502930444 0.7701667547225952 32
1761502931194 0.7715187072753906 33
1761502932113 0.7751239538192749 34
1761502932924 0.7841370105743408 35
1761502933636 0.7751239538192749 36
1761502934399 0.781883716583252 37
1761502934983 0.7850382924079895 38
1761502935567 0.7877421975135803 39
1761502936302 0.7940513491630554 40
1761502937060 0.7868409156799316 41
1761502937835 0.7940513491630554 42
1761502939153 0.79269939661026 43
1761502940062 0.7899954915046692 44
1761502940710 0.8003605008125305 45
1761502941455 0.797205924987793 46
1761502942061 0.808021605014801 47
1761502942928 0.7990085482597351 48
1761502944144 0.801261842250824 49
1761502909963 0.5371789336204529 0
