1761502909963 0.8336842656135559 0
1761502910760 0.7634880542755127 1
1761502911417 0.7491046786308289 2
1761502911974 0.7394154667854309 3
1761502912487 0.7310751676559448 4
1761502913160 0.7195366621017456 5
1761502913817 0.7112196683883667 6
1761502914434 0.7004901766777039 7
1761502915102 0.6881784200668335 8
1761502915842 0.6758657693862915 9
1761502916598 0.6672013401985168 10
1761502917335 0.6572970747947693 11
1761502917818 0.6455022096633911 12
1761502918420 0.6441659331321716 13
1761502919151 0.6284765601158142 14
1761502919878 0.6255181431770325 15
1761502920583 0.6153849959373474 16
1761502921314 0.6086666584014893 17
1761502921951 0.6000246405601501 18
1761502922619 0.5924149751663208 19
1761502923182 0.5859336256980896 20
1761502923714 0.5801948308944702 21
1761502924352 0.5777788758277893 22
1761502924952 0.5728555917739868 23
1761502925471 0.5621034502983093 24
1761502926033 0.5625391602516174 25
1761502926678 0.5490241050720215 26
1761502927317 0.5421649217605591 27
1761502927891 0.5468685626983643 28
1761502928494 0.5355605483055115 29
1761502929095 0.5369153022766113 30
1761502929729 0.5361841320991516 31
1761502930444 0.5230575799942017 32
1761502931194 0.5223919749259949 33
1761502932113 0.5209308862686157 34
1761502932924 0.5169581174850464 35
1761502933636 0.5254373550415039 36
1761502934399 0.5135076642036438 37
1761502934983 0.5076850652694702 38
1761502935567 0.49788910150527954 39
1761502936302 0.49673643708229065 40
1761502937060 0.4953247904777527 41
1761502937835 0.49173063039779663 42
1761502939153 0.49270278215408325 43
1761502940062 0.4965270161628723 44
1761502940710 0.4805127680301666 45
1761502941455 0.4783709943294525 46
1761502942061 0.47821205854415894 47
1761502942928 0.4838331937789917 48
1761502944144 0.4787551462650299 49
1761502909963 0.8336842656135559 0
