1761595767401 0.988107442855835 0
1761595767812 0.9624747633934021 1
1761595768207 0.9521869421005249 2
1761595768610 0.9397938847541809 3
1761595768970 0.9343430399894714 4
1761595769327 0.9183745980262756 5
1761595769717 0.9087265729904175 6
1761595770076 0.9054577946662903 7
1761595770439 0.8909547328948975 8
1761595770816 0.8786168098449707 9
1761595771200 0.8750602602958679 10
1761595771580 0.8654094934463501 11
1761595771951 0.8546186685562134 12
1761595772344 0.8580077886581421 13
1761595772738 0.8516707420349121 14
1761595773133 0.8406503200531006 15
1761595773512 0.8260630369186401 16
1761595773897 0.8121305108070374 17
1761595774267 0.8237789869308472 18
1761595774645 0.8147629499435425 19
1761595775015 0.7966206669807434 20
1761595775398 0.7883613109588623 21
1761595775765 0.7820633053779602 22
1761595776147 0.7606995701789856 23
1761595776522 0.7620928883552551 24
1761595776903 0.7447148561477661 25
1761595777278 0.730884850025177 26
1761595777658 0.7299936413764954 27
1761595778053 0.7206586599349976 28
1761595778419 0.7101199626922607 29
1761595778806 0.7164500951766968 30
1761595779201 0.6953147649765015 31
1761595779594 0.7070671319961548 32
1761595779988 0.6889572143554688 33
1761595780363 0.6692661643028259 34
1761595780724 0.672263503074646 35
1761595781102 0.6437100768089294 36
1761595781497 0.6574521660804749 37
1761595781873 0.6461802124977112 38
1761595782259 0.6394033432006836 39
1761595782642 0.6238818764686584 40
1761595783040 0.6136998534202576 41
1761595783431 0.61030113697052 42
1761595783871 0.6019753217697144 43
1761595784296 0.6010855436325073 44
1761595784662 0.5870212912559509 45
1761595785036 0.5810722708702087 46
1761595785411 0.5643249750137329 47
1761595785777 0.5697155594825745 48
1761595786155 0.5395650863647461 49
1761595767401 0.988107442855835 0
