1761594945074 0.3877367079257965 0
1761594946367 0.40892696380615234 1
1761594947463 0.41343551874160767 2
1761594948492 0.41929665207862854 3
1761594949549 0.43688008189201355 4
1761594950526 0.4607754647731781 5
1761594951490 0.45761948823928833 6
1761594952562 0.4679891765117645 7
1761594954709 0.48917943239212036 8
1761594955921 0.4905320107936859 9
1761594956972 0.5094679594039917 10
1761594957995 0.5130748152732849 11
1761594958990 0.5234445333480835 12
1761594960183 0.5405771136283875 13
1761594961310 0.5536519289016724 14
1761594962501 0.5550045371055603 15
1761594963573 0.5536519289016724 16
1761594964630 0.5811541676521301 17
1761594966305 0.5919747352600098 18
1761594967809 0.595581591129303 19
1761594968944 0.6199278831481934 20
1761594970001 0.6145175695419312 21
1761594970988 0.6275924444198608 22
1761594972185 0.6348061561584473 23
1761594973724 0.6298466920852661 24
1761594975894 0.6451758146286011 25
1761594977040 0.6573489904403687 26
1761594978143 0.6573489904403687 27
1761594979205 0.6614066958427429 28
1761594980322 0.6708746552467346 29
1761594981495 0.6884580850601196 30
1761594982570 0.6834986209869385 31
1761594983690 0.7006312012672424 32
1761594984794 0.7055906057357788 33
1761594985833 0.7209197282791138 34
1761594986836 0.7308385968208313 35
1761594987754 0.7186654806137085 36
1761594988679 0.7412083148956299 37
1761594989608 0.7389540076255798 38
1761594990519 0.7484220266342163 39
1761594991452 0.7547339797019958 40
1761594992357 0.757439136505127 41
1761594993261 0.759693443775177 42
1761594994219 0.7799819707870483 43
1761594995178 0.7853922247886658 44
1761594996138 0.7826871275901794 45
1761594997085 0.7975654006004333 46
1761594998149 0.8160504698753357 47
1761594999189 0.8092876672744751 48
1761595000123 0.808836817741394 49
1761595001055 0.8061316609382629 50
1761595002007 0.808836817741394 51
1761595002940 0.82236248254776 52
1761595003856 0.8358882069587708 53
1761595004781 0.8255184888839722 54
1761595005728 0.8471596240997314 55
1761595006671 0.8417493104934692 56
1761595007620 0.8273218870162964 57
1761595008561 0.8647429943084717 58
1761595009493 0.873309314250946 59
1761595010413 0.8611361384391785 60
1761595011343 0.8624887466430664 61
1761595012285 0.8530207276344299 62
1761595013318 0.8818755745887756 63
1761595014450 0.8760144114494324 64
1761595015485 0.8773670196533203 65
1761595016493 0.8796212673187256 66
1761595017573 0.888638436794281 67
1761595018569 0.8845807313919067 68
1761595019614 0.8845807313919067 69
1761595020646 0.8949503898620605 70
1761595021630 0.9003607034683228 71
1761595022680 0.9048692584037781 72
1761595023779 0.8922452926635742 73
1761595024854 0.9030658006668091 74
1761595025804 0.8972046971321106 75
1761595026827 0.8972046971321106 76
1761595027855 0.9111812710762024 77
1761595028865 0.9215509295463562 78
1761595029880 0.9287646412849426 79
1761595030902 0.9287646412849426 80
1761595031932 0.9093778133392334 81
1761595032947 0.9368800520896912 82
1761595034038 0.9188458323478699 83
1761595035097 0.9147881269454956 84
1761595036005 0.9089269638061523 85
1761595036909 0.904418408870697 86
1761595037849 0.9229035377502441 87
1761595038746 0.9161406755447388 88
1761595039659 0.9310189485549927 89
1761595040601 0.9035167098045349 90
1761595041544 0.9229035377502441 91
1761595042488 0.9427412152290344 92
1761595043447 0.9323714971542358 93
1761595044474 0.9409377574920654 94
1761595045423 0.9373309016227722 95
1761595046352 0.9305680990219116 96
1761595047311 0.9165915250778198 97
1761595048400 0.9283137917518616 98
1761595049430 0.9296663403511047 99
1761594945074 0.3877367079257965 0
