1761594945074 1.10220205783844 0
1761594946367 1.0839086771011353 1
1761594947463 1.078744649887085 2
1761594948492 1.0709866285324097 3
1761594949549 1.064367413520813 4
1761594950526 1.0509790182113647 5
1761594951490 1.0423468351364136 6
1761594952562 1.0325922966003418 7
1761594954709 1.0142468214035034 8
1761594955921 1.0109483003616333 9
1761594956972 0.9906797409057617 10
1761594957995 0.985558807849884 11
1761594958990 0.9647465348243713 12
1761594960183 0.9483793377876282 13
1761594961310 0.9289953708648682 14
1761594962501 0.9297696352005005 15
1761594963573 0.9166285395622253 16
1761594964630 0.8948966264724731 17
1761594966305 0.8758260607719421 18
1761594967809 0.8646484613418579 19
1761594968944 0.8272884488105774 20
1761594970001 0.8267133831977844 21
1761594970988 0.8174018263816833 22
1761594972185 0.7989459037780762 23
1761594973724 0.8106105923652649 24
1761594975894 0.7681004405021667 25
1761594977040 0.7505396604537964 26
1761594978143 0.7469729781150818 27
1761594979205 0.7310287952423096 28
1761594980322 0.7218174934387207 29
1761594981495 0.6861971020698547 30
1761594982570 0.6904627680778503 31
1761594983690 0.6653065085411072 32
1761594984794 0.6599060297012329 33
1761594985833 0.6232296228408813 34
1761594986836 0.6163085699081421 35
1761594987754 0.6170133948326111 36
1761594988679 0.5930035710334778 37
1761594989608 0.5884262919425964 38
1761594990519 0.5578213334083557 39
1761594991452 0.5507941246032715 40
1761594992357 0.5527280569076538 41
1761594993261 0.5249461531639099 42
1761594994219 0.5082849860191345 43
1761594995178 0.49068450927734375 44
1761594996138 0.5000321269035339 45
1761594997085 0.46285274624824524 46
1761594998149 0.4332234859466553 47
1761594999189 0.4359591007232666 48
1761595000123 0.43355414271354675 49
1761595001055 0.43162572383880615 50
1761595002007 0.43802610039711 51
1761595002940 0.4119666814804077 52
1761595003856 0.3887918293476105 53
1761595004781 0.3985595703125 54
1761595005728 0.3635191023349762 55
1761595006671 0.37048056721687317 56
1761595007620 0.39898085594177246 57
1761595008561 0.3279748558998108 58
1761595009493 0.29950833320617676 59
1761595010413 0.33575883507728577 60
1761595011343 0.3282594680786133 61
1761595012285 0.342024564743042 62
1761595013318 0.2750980257987976 63
1761595014450 0.28344306349754333 64
1761595015485 0.29751038551330566 65
1761595016493 0.2781575322151184 66
1761595017573 0.26858803629875183 67
1761595018569 0.27623993158340454 68
1761595019614 0.2593093812465668 69
1761595020646 0.252641499042511 70
1761595021630 0.244282528758049 71
1761595022680 0.22208020091056824 72
1761595023779 0.2595076858997345 73
1761595024854 0.23912160098552704 74
1761595025804 0.2586999535560608 75
1761595026827 0.2701115012168884 76
1761595027855 0.23101940751075745 77
1761595028865 0.19176693260669708 78
1761595029880 0.17185565829277039 79
1761595030902 0.18732134997844696 80
1761595031932 0.216964989900589 81
1761595032947 0.1668015867471695 82
1761595034038 0.20423302054405212 83
1761595035097 0.20425163209438324 84
1761595036005 0.21456271409988403 85
1761595036909 0.2462233006954193 86
1761595037849 0.18336252868175507 87
1761595038746 0.19616995751857758 88
1761595039659 0.16142424941062927 89
1761595040601 0.27554044127464294 90
1761595041544 0.19402478635311127 91
1761595042488 0.152992382645607 92
1761595043447 0.16838064789772034 93
1761595044474 0.1538025289773941 94
1761595045423 0.14982667565345764 95
1761595046352 0.1726144701242447 96
1761595047311 0.23365473747253418 97
1761595048400 0.18021932244300842 98
1761595049430 0.18401378393173218 99
1761594945074 1.10220205783844 0
