1761524873770 0.4691302478313446 0
1761524874307 0.4867057204246521 1
1761524874801 0.49346551299095154 2
1761524875346 0.49887335300445557 3
1761524875934 0.5074357986450195 4
1761524876489 0.5105903744697571 5
1761524877004 0.5069851279258728 6
1761524877475 0.5137449502944946 7
1761524878083 0.5029292702674866 8
1761524878631 0.5092384219169617 9
1761524879182 0.5029292702674866 10
1761524879805 0.5119423270225525 11
1761524880551 0.5168995261192322 12
1761524881112 0.51509690284729 13
1761524881492 0.5132942795753479 14
1761524882097 0.5182514786720276 15
1761524882659 0.4966200888156891 16
1761524883260 0.4993240237236023 17
1761524883893 0.5047318339347839 18
1761524884577 0.5132942795753479 19
1761524885212 0.5146462321281433 20
1761524885785 0.5078864097595215 21
1761524886348 0.5200541019439697 22
1761524886908 0.5164488554000854 23
1761524887475 0.511040985584259 24
1761524887968 0.5191527605056763 25
1761524888525 0.5232086777687073 26
1761524889080 0.5096890330314636 27
1761524889635 0.5218566656112671 28
1761524890182 0.5187020897865295 29
1761524890748 0.5223073363304138 30
1761524891301 0.5168995261192322 31
1761524891860 0.5096890330314636 32
1761524892409 0.5326723456382751 33
1761524892970 0.5168995261192322 34
1761524893525 0.5205047130584717 35
1761524894078 0.5277152061462402 36
1761524894624 0.5200541019439697 37
1761524895181 0.5236592888832092 38
1761524895589 0.5232086777687073 39
1761524896027 0.5236592888832092 40
1761524896417 0.5250112414360046 41
1761524897010 0.5322217345237732 42
1761524897335 0.5317710638046265 43
1761524897845 0.5367282629013062 44
1761524898284 0.5331230163574219 45
1761524898779 0.5317710638046265 46
1761524899341 0.5317710638046265 47
1761524899894 0.5358269214630127 48
1761524900450 0.5353763103485107 49
1761524873770 0.4691302478313446 0
