1761524873770 1.041949987411499 0
1761524874307 1.0302644968032837 1
1761524874801 1.030274748802185 2
1761524875346 1.026100754737854 3
1761524875934 1.0252492427825928 4
1761524876489 1.024436116218567 5
1761524877004 1.0241191387176514 6
1761524877475 1.0247108936309814 7
1761524878083 1.0220433473587036 8
1761524878631 1.01901113986969 9
1761524879182 1.0238538980484009 10
1761524879805 1.0221055746078491 11
1761524880551 1.0207774639129639 12
1761524881112 1.0180246829986572 13
1761524881492 1.0188654661178589 14
1761524882097 1.0206279754638672 15
1761524882659 1.0209882259368896 16
1761524883260 1.0200562477111816 17
1761524883893 1.0222665071487427 18
1761524884577 1.0143380165100098 19
1761524885212 1.0184251070022583 20
1761524885785 1.0169272422790527 21
1761524886348 1.0123685598373413 22
1761524886908 1.0131934881210327 23
1761524887475 1.0147255659103394 24
1761524887968 1.0113800764083862 25
1761524888525 1.0094808340072632 26
1761524889080 1.0126546621322632 27
1761524889635 1.0065698623657227 28
1761524890182 1.0075523853302002 29
1761524890748 1.0080336332321167 30
1761524891301 1.0041327476501465 31
1761524891860 1.005180835723877 32
1761524892409 1.0008347034454346 33
1761524892970 1.0058071613311768 34
1761524893525 1.001251459121704 35
1761524894078 1.0010249614715576 36
1761524894624 1.0003234148025513 37
1761524895181 0.9971149563789368 38
1761524895589 0.9995074272155762 39
1761524896027 0.9985207319259644 40
1761524896417 0.9962447881698608 41
1761524897010 0.991905152797699 42
1761524897335 0.9930423498153687 43
1761524897845 0.9914903044700623 44
1761524898284 0.9920475482940674 45
1761524898779 0.9922154545783997 46
1761524899341 0.9891087412834167 47
1761524899894 0.9862976670265198 48
1761524900450 0.986961305141449 49
1761524873770 1.041949987411499 0
