1761444717802 0.4146011769771576 0
1761444719288 0.4465975761413574 1
1761444720645 0.45470932126045227 2
1761444721967 0.4686795771121979 3
1761444723402 0.48625507950782776 4
1761444724618 0.4907616078853607 5
1761444725827 0.5020279288291931 6
1761444727088 0.5024785995483398 7
1761444728309 0.5141955614089966 8
1761444729557 0.5209553837776184 9
1761444730629 0.5236592888832092 10
1761444731767 0.5367282629013062 11
1761444732861 0.5479946136474609 12
1761444733903 0.5403335094451904 13
1761444735422 0.5520504713058472 14
1761444736657 0.5664713978767395 15
1761444737870 0.569625973701477 16
1761444739116 0.5705272555351257 17
1761444740250 0.5957638621330261 18
1761444741498 0.5804416537284851 19
1761444742781 0.5921586155891418 20
1761444744011 0.5957638621330261 21
1761444745265 0.604776918888092 22
1761444746411 0.6205497980117798 23
1761444747439 0.5926092863082886 24
1761444748284 0.6187471747398376 25
1761444749394 0.6300135254859924 26
1761444750673 0.6241550445556641 27
1761444751830 0.6219017505645752 28
1761444752862 0.613789975643158 29
1761444754089 0.6255069971084595 30
1761444755255 0.6448850631713867 31
1761444756622 0.6516448855400085 32
1761444758084 0.6354213356971741 33
1761444759455 0.6575033664703369 34
1761444761123 0.6489409804344177 35
1761444762345 0.6611086130142212 36
1761444763313 0.6385759115219116 37
1761444764408 0.6728255748748779 38
1761444765462 0.6773321032524109 39
1761444766659 0.683190643787384 40
1761444767790 0.6858945488929749 41
1761444768998 0.6741775870323181 42
1761444770259 0.6827399730682373 43
1761444771620 0.679134726524353 44
1761444772883 0.6746281981468201 45
1761444774011 0.6813880205154419 46
1761444775126 0.6904010772705078 47
1761444776226 0.7043713331222534 48
1761444777308 0.6976115107536316 49
1761444717802 0.4146011769771576 0
