1761444717802 1.0806642770767212 0
1761444719288 1.0532150268554688 1
1761444720645 1.0362462997436523 2
1761444721967 1.0251507759094238 3
1761444723402 1.0076522827148438 4
1761444724618 0.9977869987487793 5
1761444725827 0.9816281795501709 6
1761444727088 0.9754051566123962 7
1761444728309 0.9683448672294617 8
1761444729557 0.9629276990890503 9
1761444730629 0.9565548300743103 10
1761444731767 0.9326560497283936 11
1761444732861 0.9254798889160156 12
1761444733903 0.9266126751899719 13
1761444735422 0.9170766472816467 14
1761444736657 0.9009678363800049 15
1761444737870 0.8948215842247009 16
1761444739116 0.8888909220695496 17
1761444740250 0.8664522171020508 18
1761444741498 0.880567729473114 19
1761444742781 0.8722469806671143 20
1761444744011 0.8546399474143982 21
1761444745265 0.8451727628707886 22
1761444746411 0.8485048413276672 23
1761444747439 0.8550956845283508 24
1761444748284 0.8474465608596802 25
1761444749394 0.8132758140563965 26
1761444750673 0.8145698308944702 27
1761444751830 0.8220248818397522 28
1761444752862 0.8235747218132019 29
1761444754089 0.8055797219276428 30
1761444755255 0.7747443318367004 31
1761444756622 0.7748466730117798 32
1761444758084 0.7897974252700806 33
1761444759455 0.7580371499061584 34
1761444761123 0.7692075967788696 35
1761444762345 0.7493937015533447 36
1761444763313 0.7695861458778381 37
1761444764408 0.7428414821624756 38
1761444765462 0.7318298816680908 39
1761444766659 0.7158884406089783 40
1761444767790 0.7170867323875427 41
1761444768998 0.7088264226913452 42
1761444770259 0.7154554128646851 43
1761444771620 0.7243781089782715 44
1761444772883 0.7222200632095337 45
1761444774011 0.7108429074287415 46
1761444775126 0.6859440803527832 47
1761444776226 0.6825512051582336 48
1761444777308 0.6782153844833374 49
1761444717802 1.0806642770767212 0
