1761601380651 0.47610458731651306 0
1761601381222 0.46483317017555237 1
1761601382062 0.49008116126060486 2
1761601382583 0.4684400260448456 3
1761601383230 0.48376914858818054 4
1761601383859 0.49684399366378784 5
1761601384517 0.49684399366378784 6
1761601385118 0.4869251549243927 7
1761601385762 0.48286744952201843 8
1761601386363 0.49684399366378784 9
1761601386916 0.49684399366378784 10
1761601387425 0.49684399366378784 11
1761601387971 0.49684399366378784 12
1761601388529 0.49684399366378784 13
1761601389076 0.49684399366378784 14
1761601389638 0.49684399366378784 15
1761601390171 0.49684399366378784 16
1761601390699 0.49684399366378784 17
1761601391237 0.49684399366378784 18
1761601391789 0.49684399366378784 19
1761601392329 0.49684399366378784 20
1761601392826 0.49684399366378784 21
1761601393344 0.49684399366378784 22
1761601393848 0.49684399366378784 23
1761601394368 0.49684399366378784 24
1761601394883 0.49684399366378784 25
1761601395397 0.49684399366378784 26
1761601395936 0.49684399366378784 27
1761601396464 0.49684399366378784 28
1761601397006 0.49684399366378784 29
1761601397507 0.49684399366378784 30
1761601398030 0.49684399366378784 31
1761601398551 0.49684399366378784 32
1761601399102 0.49684399366378784 33
1761601399613 0.49684399366378784 34
1761601400152 0.49684399366378784 35
1761601400737 0.49684399366378784 36
1761601401286 0.49684399366378784 37
1761601401873 0.49684399366378784 38
1761601402413 0.49684399366378784 39
1761601402952 0.49684399366378784 40
1761601403480 0.49684399366378784 41
1761601404039 0.49684399366378784 42
1761601404649 0.49684399366378784 43
1761601405257 0.49684399366378784 44
1761601405831 0.49684399366378784 45
1761601406378 0.49684399366378784 46
1761601406895 0.49684399366378784 47
1761601407414 0.49684399366378784 48
1761601407946 0.49684399366378784 49
1761601380651 0.47610458731651306 0
