1761601380651 1.0218188762664795 0
1761601381222 1.008866310119629 1
1761601382062 1.0054233074188232 2
1761601382583 1.0087491273880005 3
1761601383230 1.0025084018707275 4
1761601383859 1.0009044408798218 5
1761601384517 1.0005000829696655 6
1761601385118 1.0024484395980835 7
1761601385762 1.0025948286056519 8
1761601386363 1.002422571182251 9
1761601386916 0.9998190402984619 10
1761601387425 0.9992902278900146 11
1761601387971 0.9985148906707764 12
1761601388529 1.0003106594085693 13
1761601389076 0.9982837438583374 14
1761601389638 0.9992103576660156 15
1761601390171 1.000756859779358 16
1761601390699 0.9995284676551819 17
1761601391237 0.9977248907089233 18
1761601391789 1.0001155138015747 19
1761601392329 0.9989792108535767 20
1761601392826 0.9983929395675659 21
1761601393344 0.9978278279304504 22
1761601393848 0.9987041354179382 23
1761601394368 0.998671293258667 24
1761601394883 0.9985448718070984 25
1761601395397 0.9990761876106262 26
1761601395936 1.0000094175338745 27
1761601396464 0.999176025390625 28
1761601397006 0.9987710118293762 29
1761601397507 0.997527003288269 30
1761601398030 0.9982300400733948 31
1761601398551 0.9988665580749512 32
1761601399102 0.9990009665489197 33
1761601399613 1.0004801750183105 34
1761601400152 0.9987635612487793 35
1761601400737 0.9991316199302673 36
1761601401286 0.9985133409500122 37
1761601401873 0.9987319707870483 38
1761601402413 0.999562680721283 39
1761601402952 0.9982856512069702 40
1761601403480 0.9984476566314697 41
1761601404039 0.998944103717804 42
1761601404649 0.9993730187416077 43
1761601405257 0.9999200701713562 44
1761601405831 0.9991057515144348 45
1761601406378 0.997955858707428 46
1761601406895 0.9984503984451294 47
1761601407414 0.9986624121665955 48
1761601407946 0.999609112739563 49
1761601380651 1.0218188762664795 0
