1761500734013 0.5403335094451904 0
1761500734264 0.5678233504295349 1
1761500734490 0.5705272555351257 2
1761500734714 0.5867508053779602 3
1761500734938 0.6097341179847717 4
1761500735200 0.6214510798454285 5
1761500735417 0.6210004687309265 6
1761500735705 0.6327174305915833 7
1761500735919 0.6327174305915833 8
1761500736135 0.6498422622680664 9
1761500736350 0.6489409804344177 10
1761500736554 0.659305989742279 11
1761500736767 0.6525461673736572 12
1761500736984 0.6705723404884338 13
1761500737201 0.6755295395851135 14
1761500737414 0.6845425963401794 15
1761500737629 0.6746281981468201 16
1761500737844 0.6917530298233032 17
1761500738051 0.6940063238143921 18
1761500738265 0.6935556530952454 19
1761500738479 0.694456934928894 20
1761500738691 0.7016674280166626 21
1761500738908 0.7142857313156128 22
1761500739117 0.7066246271133423 23
1761500739333 0.718341588973999 24
1761500739546 0.7070752382278442 25
1761500739760 0.7237494587898254 26
1761500739974 0.7223974466323853 27
1761500740236 0.7156376838684082 28
1761500740453 0.7174403071403503 29
1761500740668 0.7196935415267944 30
1761500740902 0.7178909182548523 31
1761500741143 0.7196935415267944 32
1761500741386 0.726904034614563 33
1761500741603 0.7309598922729492 34
1761500741813 0.7327625155448914 35
1761500742030 0.7512392997741699 36
1761500742248 0.7395222783088684 37
1761500742461 0.7345651388168335 38
1761500742678 0.746732771396637 39
1761500742889 0.748986005783081 40
1761500743116 0.7570977807044983 41
1761500743340 0.7557458281517029 42
1761500743605 0.7607030272483826 43
1761500743827 0.7589004039764404 44
1761500744041 0.7561964988708496 45
1761500744260 0.7661108374595642 46
1761500744478 0.7530419230461121 47
1761500744695 0.7566471099853516 48
1761500744909 0.7625056505203247 49
1761500734013 0.5403335094451904 0
