1761502862237 0.5534024238586426 0
1761502863022 0.6007210612297058 1
1761502863568 0.6029742956161499 2
1761502863917 0.6354213356971741 3
1761502864346 0.6205497980117798 4
1761502864903 0.6394772529602051 5
1761502865429 0.6426318287849426 6
1761502865924 0.6475890278816223 7
1761502866440 0.6642631888389587 8
1761502867092 0.6566020846366882 9
1761502867748 0.6764308214187622 10
1761502868309 0.6750788688659668 11
1761502868925 0.6705723404884338 12
1761502869551 0.6840919256210327 13
1761502870142 0.6818386912345886 14
1761502870715 0.6867958307266235 15
1761502871260 0.6885984539985657 16
1761502871784 0.698512852191925 17
1761502872339 0.7156376838684082 18
1761502872876 0.7039206624031067 19
1761502873429 0.7102298140525818 20
1761502873989 0.7084271907806396 21
1761502874591 0.7156376838684082 22
1761502875150 0.7201442122459412 23
1761502875707 0.7309598922729492 24
1761502876310 0.731410562992096 25
1761502876862 0.7390716671943665 26
1761502877362 0.7372690439224243 27
1761502878011 0.7453808188438416 28
1761502878579 0.7521405816078186 29
1761502879345 0.7476340532302856 30
1761502880104 0.7579991221427917 31
1761502881259 0.7462821006774902 32
1761502881927 0.7602523565292358 33
1761502882676 0.7557458281517029 34
1761502883252 0.7661108374595642 35
1761502883883 0.7719693779945374 36
1761502884396 0.7751239538192749 37
1761502885042 0.7737719416618347 38
1761502885442 0.7724199891090393 39
1761502885974 0.7643082737922668 40
1761502886523 0.7733213305473328 41
1761502887076 0.7904461622238159 42
1761502887631 0.7841370105743408 43
1761502888191 0.788192868232727 44
1761502888837 0.7872915863990784 45
1761502889468 0.7863902449607849 46
1761502890004 0.7724199891090393 47
1761502890347 0.7931500673294067 48
1761502890868 0.7994592189788818 49
1761502862237 0.5534024238586426 0
