1761502862237 0.7956399321556091 0
1761502863022 0.7442741394042969 1
1761502863568 0.7308772206306458 2
1761502863917 0.721535861492157 3
1761502864346 0.7215018272399902 4
1761502864903 0.7092932462692261 5
1761502865429 0.6996324062347412 6
1761502865924 0.6995874643325806 7
1761502866440 0.6827894449234009 8
1761502867092 0.685020923614502 9
1761502867748 0.6705145835876465 10
1761502868309 0.6681989431381226 11
1761502868925 0.6650689244270325 12
1761502869551 0.6544026732444763 13
1761502870142 0.6512457132339478 14
1761502870715 0.6446449756622314 15
1761502871260 0.6407500505447388 16
1761502871784 0.6351610422134399 17
1761502872339 0.6241036653518677 18
1761502872876 0.6218069791793823 19
1761502873429 0.6156081557273865 20
1761502873989 0.6143224835395813 21
1761502874591 0.6081506013870239 22
1761502875150 0.6027207374572754 23
1761502875707 0.5947102904319763 24
1761502876310 0.594179630279541 25
1761502876862 0.5880252718925476 26
1761502877362 0.5793294906616211 27
1761502878011 0.5774803757667542 28
1761502878579 0.5658273696899414 29
1761502879345 0.5647425651550293 30
1761502880104 0.556576669216156 31
1761502881259 0.5618564486503601 32
1761502881927 0.5508736371994019 33
1761502882676 0.5504363775253296 34
1761502883252 0.5479822158813477 35
1761502883883 0.5396149158477783 36
1761502884396 0.5359665751457214 37
1761502885042 0.5278802514076233 38
1761502885442 0.5275436043739319 39
1761502885974 0.5343160629272461 40
1761502886523 0.527743399143219 41
1761502887076 0.5132831335067749 42
1761502887631 0.5098079442977905 43
1761502888191 0.5065105557441711 44
1761502888837 0.5081753134727478 45
1761502889468 0.5060350298881531 46
1761502890004 0.5114763975143433 47
1761502890347 0.49534475803375244 48
1761502890868 0.49293577671051025 49
1761502862237 0.7956399321556091 0
