1761533748765 0.932339072227478 0
1761533749006 0.8362114429473877 1
1761533749220 0.8243366479873657 2
1761533749476 0.8165406584739685 3
1761533749766 0.8096333146095276 4
1761533750006 0.8013704419136047 5
1761533750228 0.797504723072052 6
1761533750433 0.7879577279090881 7
1761533750638 0.7838040590286255 8
1761533750849 0.7760684490203857 9
1761533751064 0.7727172374725342 10
1761533751296 0.7694903612136841 11
1761533751523 0.7593435645103455 12
1761533751743 0.753887414932251 13
1761533751985 0.7460819482803345 14
1761533752200 0.7449253797531128 15
1761533752418 0.7359691262245178 16
1761533752638 0.7374662756919861 17
1761533752852 0.7270486354827881 18
1761533753070 0.7210104465484619 19
1761533753284 0.7183331847190857 20
1761533753495 0.7128560543060303 21
1761533753721 0.7051196694374084 22
1761533753945 0.7031896114349365 23
1761533754158 0.6985874176025391 24
1761533754380 0.6859363913536072 25
1761533754600 0.6901434063911438 26
1761533754819 0.6757254004478455 27
1761533755033 0.6770505309104919 28
1761533755251 0.6681205034255981 29
1761533755482 0.6638796925544739 30
1761533755712 0.6615871787071228 31
1761533755928 0.6624398231506348 32
1761533756151 0.6506883502006531 33
1761533756368 0.6464829444885254 34
1761533756604 0.6522839665412903 35
1761533756836 0.6450891494750977 36
1761533757070 0.6320882439613342 37
1761533757288 0.6399314999580383 38
1761533757516 0.6376307010650635 39
1761533757729 0.6203008890151978 40
1761533757957 0.6234834790229797 41
1761533758176 0.6126593351364136 42
1761533758388 0.6167111396789551 43
1761533758621 0.6202262043952942 44
1761533758849 0.6107805967330933 45
1761533759107 0.5994240641593933 46
1761533759410 0.6008868217468262 47
1761533759646 0.6066505312919617 48
1761533759863 0.5880562663078308 49
1761533760099 0.5892665386199951 50
1761533760320 0.5910620093345642 51
1761533760553 0.5821048617362976 52
1761533760775 0.5860878825187683 53
1761533760999 0.5810803174972534 54
1761533761230 0.5750373005867004 55
1761533761442 0.5838101506233215 56
1761533761655 0.5728647112846375 57
1761533761868 0.575016975402832 58
1761533762086 0.57173091173172 59
1761533762303 0.5632272958755493 60
1761533762518 0.5591521859169006 61
1761533762720 0.5575104355812073 62
1761533762932 0.5603443384170532 63
1761533763144 0.5527061820030212 64
1761533763358 0.5561790466308594 65
1761533763574 0.5428270697593689 66
1761533763799 0.546776294708252 67
1761533764011 0.5470806956291199 68
1761533764284 0.548163890838623 69
1761533764504 0.5385714769363403 70
1761533764709 0.5382419228553772 71
1761533764933 0.5344215631484985 72
1761533765151 0.5324903130531311 73
1761533765376 0.5240734815597534 74
1761533765609 0.5299112200737 75
1761533765831 0.5224379897117615 76
1761533766051 0.5261675119400024 77
1761533766268 0.5232689380645752 78
1761533766490 0.526636004447937 79
1761533766702 0.5181224942207336 80
1761533766913 0.5105464458465576 81
1761533767138 0.5131894946098328 82
1761533767365 0.5082613825798035 83
1761533767589 0.510689914226532 84
1761533767806 0.5099537372589111 85
1761533768026 0.4999493956565857 86
1761533768254 0.5079297423362732 87
1761533768471 0.4993475079536438 88
1761533768697 0.5037362575531006 89
1761533768908 0.49537894129753113 90
1761533769115 0.5007498264312744 91
1761533769325 0.49522292613983154 92
1761533769535 0.4936318099498749 93
1761533769754 0.4876878559589386 94
1761533769968 0.5169819593429565 95
1761533770191 0.49598005414009094 96
1761533770410 0.48437148332595825 97
1761533770621 0.49174219369888306 98
1761533770839 0.4888041317462921 99
1761533748765 0.932339072227478 0
