1761496916767 0.4042361378669739 0
1761496918383 0.400630921125412 1
1761496920159 0.40288418531417847 2
1761496921755 0.39882829785346985 3
1761496923021 0.4096439778804779 4
1761496924374 0.42136096954345703 5
1761496926129 0.4173050820827484 6
1761496927763 0.4236142337322235 7
1761496929566 0.4236142337322235 8
1761496930791 0.4236142337322235 9
1761496932044 0.4236142337322235 10
1761496933370 0.4236142337322235 11
1761496934636 0.4236142337322235 12
1761496936436 0.4073907136917114 13
1761496938095 0.4123479127883911 14
1761496939447 0.40919333696365356 15
1761496940951 0.4186570644378662 16
1761496942334 0.4136998653411865 17
1761496943568 0.4326273202896118 18
1761496944970 0.42586749792099 19
1761496946110 0.4348805844783783 20
1761496947569 0.4299233853816986 21
1761496948921 0.43037405610084534 22
1761496950259 0.4222622811794281 23
1761496951994 0.4236142337322235 24
1761496953317 0.4236142337322235 25
1761496954628 0.43533122539520264 26
1761496956024 0.44434431195259094 27
1761496957426 0.4371338486671448 28
1761496958640 0.4447949528694153 29
1761496960156 0.4285714328289032 30
1761496961520 0.45200541615486145 31
1761496963029 0.43037405610084534 32
1761496964855 0.43307796120643616 33
1761496965975 0.4371338486671448 34
1761496966974 0.4308246970176697 35
1761496968051 0.43533122539520264 36
1761496969090 0.44164037704467773 37
1761496969944 0.4402884244918823 38
1761496971201 0.4362325370311737 39
1761496972211 0.46101847290992737 40
1761496973183 0.4375844895839691 41
1761496974434 0.4452455937862396 42
1761496975384 0.45606130361557007 43
1761496976561 0.45831456780433655 44
1761496977609 0.4465975761413574 45
1761496978524 0.4740874171257019 46
1761496979539 0.4565119445323944 47
1761496980627 0.47048220038414 48
1761496981982 0.4740874171257019 49
1761496916767 0.4042361378669739 0
