1761496916767 1.0953339338302612 0
1761496918383 1.0920298099517822 1
1761496920159 1.0906280279159546 2
1761496921755 1.0840582847595215 3
1761496923021 1.0873191356658936 4
1761496924374 1.0830755233764648 5
1761496926129 1.0865788459777832 6
1761496927763 1.0832312107086182 7
1761496929566 1.0839494466781616 8
1761496930791 1.0829920768737793 9
1761496932044 1.080487847328186 10
1761496933370 1.0809727907180786 11
1761496934636 1.0795282125473022 12
1761496936436 1.0814160108566284 13
1761496938095 1.080532193183899 14
1761496939447 1.0754904747009277 15
1761496940951 1.0770220756530762 16
1761496942334 1.0714315176010132 17
1761496943568 1.0673586130142212 18
1761496944970 1.0689153671264648 19
1761496946110 1.067460060119629 20
1761496947569 1.0658481121063232 21
1761496948921 1.0655993223190308 22
1761496950259 1.0646778345108032 23
1761496951994 1.061454176902771 24
1761496953317 1.062813401222229 25
1761496954628 1.0622105598449707 26
1761496956024 1.0627014636993408 27
1761496957426 1.0580129623413086 28
1761496958640 1.0597264766693115 29
1761496960156 1.0573667287826538 30
1761496961520 1.0544527769088745 31
1761496963029 1.0553488731384277 32
1761496964855 1.0539474487304688 33
1761496965975 1.0523900985717773 34
1761496966974 1.052555799484253 35
1761496968051 1.0488429069519043 36
1761496969090 1.04893159866333 37
1761496969944 1.0476839542388916 38
1761496971201 1.0453346967697144 39
1761496972211 1.0422606468200684 40
1761496973183 1.0439670085906982 41
1761496974434 1.0403623580932617 42
1761496975384 1.0402123928070068 43
1761496976561 1.0351866483688354 44
1761496977609 1.0328607559204102 45
1761496978524 1.0304908752441406 46
1761496979539 1.0315781831741333 47
1761496980627 1.0295075178146362 48
1761496981982 1.027813196182251 49
1761496916767 1.0953339338302612 0
