1761603025095 0.7484220266342163 0
1761603026027 0.7587916851043701 1
1761603026937 0.7587916851043701 2
1761603027953 0.7587916851043701 3
1761603028943 0.7587916851043701 4
1761603029898 0.7587916851043701 5
1761603030880 0.7587916851043701 6
1761603031846 0.7587916851043701 7
1761603032811 0.7587916851043701 8
1761603033807 0.757889986038208 9
1761603034794 0.7601442933082581 10
1761603035728 0.7587916851043701 11
1761603036623 0.759693443775177 12
1761603037607 0.759693443775177 13
1761603038504 0.7637511491775513 14
1761603039404 0.7637511491775513 15
1761603040297 0.7660053968429565 16
1761603041229 0.7723174095153809 17
1761603042200 0.7714157104492188 18
1761603043133 0.7759242653846741 19
1761603044027 0.7723174095153809 20
1761603044932 0.775473415851593 21
1761603045870 0.7849413752555847 22
1761603046778 0.790802538394928 23
1761603047659 0.788999080657959 24
1761603048640 0.7957619428634644 25
1761603049586 0.791253387928009 26
1761603050535 0.806582510471344 27
1761603051480 0.8056808114051819 28
1761603052425 0.8101893663406372 29
1761603053394 0.8106402158737183 30
1761603054325 0.821911633014679 31
1761603055274 0.8187556266784668 32
1761603056244 0.8286744952201843 33
1761603057188 0.839495062828064 34
1761603058173 0.8327322006225586 35
1761603059145 0.839945912361145 36
1761603060276 0.853471577167511 37
1761603061282 0.8489630222320557 38
1761603062165 0.8561767339706421 39
1761603063097 0.8724075555801392 40
1761603064037 0.8575292825698853 41
1761603064994 0.8805229663848877 42
1761603065974 0.8764652609825134 43
1761603066996 0.8755635619163513 44
1761603068055 0.8922452926635742 45
1761603069051 0.8872858285903931 46
1761603070085 0.8827772736549377 47
1761603071164 0.8954012393951416 48
1761603072158 0.902164101600647 49
1761603025095 0.7484220266342163 0
