1761603025095 0.7457737922668457 0
1761603026027 0.7157894372940063 1
1761603026937 0.7068130373954773 2
1761603027953 0.704927384853363 3
1761603028943 0.7163899540901184 4
1761603029898 0.7006122469902039 5
1761603030880 0.6946860551834106 6
1761603031846 0.6890550851821899 7
1761603032811 0.6871950626373291 8
1761603033807 0.6763010025024414 9
1761603034794 0.6762246489524841 10
1761603035728 0.6720119118690491 11
1761603036623 0.6566247940063477 12
1761603037607 0.652206301689148 13
1761603038504 0.6456122398376465 14
1761603039404 0.6389455199241638 15
1761603040297 0.6270429491996765 16
1761603041229 0.6256380081176758 17
1761603042200 0.6071344614028931 18
1761603043133 0.5983222723007202 19
1761603044027 0.5891751050949097 20
1761603044932 0.587897002696991 21
1761603045870 0.5680682063102722 22
1761603046778 0.5525006651878357 23
1761603047659 0.5363733172416687 24
1761603048640 0.5206791758537292 25
1761603049586 0.5182509422302246 26
1761603050535 0.4886716306209564 27
1761603051480 0.4891480803489685 28
1761603052425 0.4925782084465027 29
1761603053394 0.4676044285297394 30
1761603054325 0.4464607536792755 31
1761603055274 0.4370611906051636 32
1761603056244 0.42719778418540955 33
1761603057188 0.3975680470466614 34
1761603058173 0.4234943091869354 35
1761603059145 0.3843939006328583 36
1761603060276 0.37012946605682373 37
1761603061282 0.3705173432826996 38
1761603062165 0.35942012071609497 39
1761603063097 0.32320934534072876 40
1761603064037 0.33569052815437317 41
1761603064994 0.2990928590297699 42
1761603065974 0.3005407750606537 43
1761603066996 0.310696005821228 44
1761603068055 0.2645892798900604 45
1761603069051 0.271921843290329 46
1761603070085 0.26149991154670715 47
1761603071164 0.25347158312797546 48
1761603072158 0.22427819669246674 49
1761603025095 0.7457737922668457 0
