1761589215834 0.38548243045806885 0
1761589216327 0.39224526286125183 1
1761589216806 0.41433724761009216 2
1761589217242 0.39765554666519165 3
1761589217708 0.4093778133392334 4
1761589218153 0.4017132520675659 5
1761589218589 0.41433724761009216 6
1761589219066 0.395401269197464 7
1761589219511 0.40036067366600037 8
1761589219992 0.40036067366600037 9
1761589220435 0.4129846692085266 10
1761589220877 0.41343551874160767 11
1761589221367 0.41433724761009216 12
1761589221843 0.41433724761009216 13
1761589222260 0.41433724761009216 14
1761589222735 0.4093778133392334 15
1761589223218 0.4066726863384247 16
1761589223646 0.40982866287231445 17
1761589224083 0.41433724761009216 18
1761589224534 0.4129846692085266 19
1761589224967 0.4035166800022125 20
1761589225415 0.4138863980770111 21
1761589225859 0.40982866287231445 22
1761589226299 0.40982866287231445 23
1761589226771 0.4170423746109009 24
1761589227193 0.40982866287231445 25
1761589227618 0.40532010793685913 26
1761589228057 0.4066726863384247 27
1761589228520 0.4066726863384247 28
1761589228974 0.4066726863384247 29
1761589229429 0.42380523681640625 30
1761589229863 0.40036067366600037 31
1761589230301 0.41073039174079895 32
1761589230743 0.41118124127388 33
1761589231182 0.4147880971431732 34
1761589231602 0.40126240253448486 35
1761589232054 0.41118124127388 36
1761589232485 0.40982866287231445 37
1761589232915 0.40622180700302124 38
1761589233342 0.4165915250778198 39
1761589233774 0.41073039174079895 40
1761589234233 0.40892696380615234 41
1761589234682 0.4048692584037781 42
1761589235119 0.4188458025455475 43
1761589235551 0.4075743854045868 44
1761589236001 0.4129846692085266 45
1761589236457 0.40712353587150574 46
1761589236923 0.40892696380615234 47
1761589237360 0.41118124127388 48
1761589237804 0.4147880971431732 49
1761589238248 0.42110008001327515 50
1761589238683 0.41839495301246643 51
1761589239118 0.40982866287231445 52
1761589239571 0.4084761142730713 53
1761589240028 0.4170423746109009 54
1761589240495 0.40802523493766785 55
1761589240987 0.41839495301246643 56
1761589241443 0.41073039174079895 57
1761589241897 0.41118124127388 58
1761589242344 0.41343551874160767 59
1761589242756 0.40892696380615234 60
1761589243226 0.41118124127388 61
1761589243700 0.4066726863384247 62
1761589244152 0.4215509593486786 63
1761589244609 0.4120829701423645 64
1761589245069 0.41839495301246643 65
1761589245534 0.41614067554473877 66
1761589245980 0.41749322414398193 67
1761589246453 0.41343551874160767 68
1761589246904 0.4188458025455475 69
1761589247334 0.42741209268569946 70
1761589247800 0.42651036381721497 71
1761589248270 0.4129846692085266 72
1761589248737 0.41343551874160767 73
1761589249164 0.4165915250778198 74
1761589249619 0.4242560863494873 75
1761589250097 0.42380523681640625 76
1761589250547 0.4296663701534271 77
1761589250979 0.4170423746109009 78
1761589251467 0.4260595142841339 79
1761589251899 0.4224526584148407 80
1761589252319 0.43237149715423584 81
1761589252740 0.4328223764896393 82
1761589253191 0.4242560863494873 83
1761589253670 0.4337240755558014 84
1761589254129 0.4170423746109009 85
1761589254558 0.43146979808807373 86
1761589254996 0.4251577854156494 87
1761589255460 0.42470693588256836 88
1761589255928 0.4382326304912567 89
1761589256379 0.43417492508888245 90
1761589256835 0.43327322602272034 91
1761589257265 0.4364292025566101 92
1761589257726 0.4337240755558014 93
1761589258175 0.4418394863605499 94
1761589258642 0.4449954926967621 95
1761589259095 0.43868350982666016 96
1761589259541 0.4431920647621155 97
1761589260003 0.43237149715423584 98
1761589260485 0.43778178095817566 99
1761589215834 0.38548243045806885 0
