1761589215834 1.1037185192108154 0
1761589216327 1.1074386835098267 1
1761589216806 1.0883620977401733 2
1761589217242 1.0931302309036255 3
1761589217708 1.091976284980774 4
1761589218153 1.0907196998596191 5
1761589218589 1.0870304107666016 6
1761589219066 1.0931771993637085 7
1761589219511 1.0886948108673096 8
1761589219992 1.091609239578247 9
1761589220435 1.0867153406143188 10
1761589220877 1.0905089378356934 11
1761589221367 1.0876175165176392 12
1761589221843 1.0859867334365845 13
1761589222260 1.0896844863891602 14
1761589222735 1.0845011472702026 15
1761589223218 1.0852203369140625 16
1761589223646 1.0850346088409424 17
1761589224083 1.0807703733444214 18
1761589224534 1.0785577297210693 19
1761589224967 1.0863800048828125 20
1761589225415 1.0814334154129028 21
1761589225859 1.0777695178985596 22
1761589226299 1.0774635076522827 23
1761589226771 1.078736662864685 24
1761589227193 1.081138253211975 25
1761589227618 1.078620433807373 26
1761589228057 1.0768009424209595 27
1761589228520 1.076430082321167 28
1761589228974 1.0748140811920166 29
1761589229429 1.0761762857437134 30
1761589229863 1.0760434865951538 31
1761589230301 1.0743526220321655 32
1761589230743 1.074528694152832 33
1761589231182 1.0746861696243286 34
1761589231602 1.0765249729156494 35
1761589232054 1.0723824501037598 36
1761589232485 1.0752134323120117 37
1761589232915 1.0763291120529175 38
1761589233342 1.0723224878311157 39
1761589233774 1.072671890258789 40
1761589234233 1.0733009576797485 41
1761589234682 1.070868968963623 42
1761589235119 1.0735045671463013 43
1761589235551 1.0729304552078247 44
1761589236001 1.0728824138641357 45
1761589236457 1.0722774267196655 46
1761589236923 1.0729541778564453 47
1761589237360 1.0747407674789429 48
1761589237804 1.070905089378357 49
1761589238248 1.069515585899353 50
1761589238683 1.0722087621688843 51
1761589239118 1.0711867809295654 52
1761589239571 1.0712151527404785 53
1761589240028 1.0692694187164307 54
1761589240495 1.0723053216934204 55
1761589240987 1.0682570934295654 56
1761589241443 1.0683754682540894 57
1761589241897 1.0702009201049805 58
1761589242344 1.0685769319534302 59
1761589242756 1.0685956478118896 60
1761589243226 1.0680944919586182 61
1761589243700 1.0663981437683105 62
1761589244152 1.0645314455032349 63
1761589244609 1.0653620958328247 64
1761589245069 1.06662118434906 65
1761589245534 1.0643510818481445 66
1761589245980 1.0642151832580566 67
1761589246453 1.0629181861877441 68
1761589246904 1.0654146671295166 69
1761589247334 1.0633305311203003 70
1761589247800 1.063754677772522 71
1761589248270 1.0622464418411255 72
1761589248737 1.0617488622665405 73
1761589249164 1.0610641241073608 74
1761589249619 1.0625078678131104 75
1761589250097 1.0596269369125366 76
1761589250547 1.0581954717636108 77
1761589250979 1.0581306219100952 78
1761589251467 1.0632498264312744 79
1761589251899 1.058349370956421 80
1761589252319 1.056848168373108 81
1761589252740 1.055832862854004 82
1761589253191 1.055302381515503 83
1761589253670 1.056427240371704 84
1761589254129 1.0563009977340698 85
1761589254558 1.0554677248001099 86
1761589254996 1.0533413887023926 87
1761589255460 1.0527454614639282 88
1761589255928 1.0515847206115723 89
1761589256379 1.0515105724334717 90
1761589256835 1.050195336341858 91
1761589257265 1.0513513088226318 92
1761589257726 1.0509040355682373 93
1761589258175 1.0510175228118896 94
1761589258642 1.0504262447357178 95
1761589259095 1.0507434606552124 96
1761589259541 1.0489228963851929 97
1761589260003 1.051688551902771 98
1761589260485 1.047582983970642 99
1761589215834 1.1037185192108154 0
