1761520434017 0.5425867438316345 0
1761520434862 0.5475439429283142 1
1761520435410 0.5529517531394958 2
1761520435738 0.5525011420249939 3
1761520436180 0.5552050471305847 4
1761520436742 0.5520504713058472 5
1761520437257 0.554754376411438 6
1761520437673 0.5610635280609131 7
1761520438125 0.5520504713058472 8
1761520438626 0.5556557178497314 9
1761520438977 0.554754376411438 10
1761520439457 0.5574583411216736 11
1761520439983 0.5570076704025269 12
1761520440633 0.5488958954811096 13
1761520441265 0.543488085269928 14
1761520441922 0.550247848033905 15
1761520442603 0.5534024238586426 16
1761520443266 0.5606129169464111 17
1761520444124 0.5506985187530518 18
1761520445130 0.5601622462272644 19
1761520446048 0.5597115755081177 20
1761520446690 0.5664713978767395 21
1761520447254 0.559260904788971 22
1761520447967 0.5574583411216736 23
1761520448674 0.5610635280609131 24
1761520449383 0.5628661513328552 25
1761520449797 0.5610635280609131 26
1761520450544 0.5565569996833801 27
1761520451357 0.565570056438446 28
1761520452025 0.5628661513328552 29
1761520452824 0.5691753029823303 30
1761520453424 0.5723298788070679 31
1761520454035 0.5664713978767395 32
1761520454699 0.5678233504295349 33
1761520455257 0.5619648694992065 34
1761520455820 0.5597115755081177 35
1761520456370 0.570076584815979 36
1761520456710 0.5669220089912415 37
1761520457274 0.5673726797103882 38
1761520457836 0.5723298788070679 39
1761520458387 0.5723298788070679 40
1761520458950 0.57413250207901 41
1761520459547 0.5754844546318054 42
1761520460217 0.5727805495262146 43
1761520460783 0.5858494639396667 44
1761520461300 0.5637674331665039 45
1761520461966 0.5714285969734192 46
1761520462582 0.5799909830093384 47
1761520463143 0.5718792080879211 48
1761520463704 0.578639030456543 49
1761520434017 0.5425867438316345 0
