1761512847489 0.4740874171257019 0
1761512847730 0.5168995261192322 1
1761512847970 0.5520504713058472 2
1761512848180 0.5412347912788391 3
1761512848391 0.5407841205596924 4
1761512848602 0.5552050471305847 5
1761512848812 0.5615141987800598 6
1761512849027 0.5615141987800598 7
1761512849239 0.565570056438446 8
1761512849450 0.5452906489372253 9
1761512849665 0.5768364071846008 10
1761512849878 0.5538530945777893 11
1761512850089 0.5610635280609131 12
1761512850305 0.5768364071846008 13
1761512850536 0.57413250207901 14
1761512850766 0.5795403122901917 15
1761512850981 0.5872014164924622 16
1761512851200 0.578639030456543 17
1761512851414 0.5714285969734192 18
1761512851634 0.5718792080879211 19
1761512851861 0.5817936062812805 20
1761512852070 0.5858494639396667 21
1761512852281 0.5754844546318054 22
1761512852502 0.5669220089912415 23
1761512852718 0.5917080044746399 24
1761512852944 0.5908066630363464 25
1761512853162 0.5921586155891418 26
1761512853380 0.5853988528251648 27
1761512853594 0.5822442770004272 28
1761512853837 0.565570056438446 29
1761512854055 0.5885534286499023 30
1761512854282 0.5844975113868713 31
1761512854504 0.5844975113868713 32
1761512854764 0.5876520872116089 33
1761512854966 0.5948625802993774 34
1761512855178 0.5849481821060181 35
1761512855398 0.5813429355621338 36
1761512855608 0.5844975113868713 37
1761512855822 0.5813429355621338 38
1761512856040 0.5849481821060181 39
1761512856249 0.5750337839126587 40
1761512856461 0.5709779262542725 41
1761512856674 0.5980170965194702 42
1761512856887 0.5935105681419373 43
1761512857100 0.5966651439666748 44
1761512857310 0.5863001346588135 45
1761512857525 0.5966651439666748 46
1761512857734 0.5948625802993774 47
1761512857945 0.5948625802993774 48
1761512858159 0.6007210612297058 49
1761512847489 0.4740874171257019 0
