1761512847489 0.8387376070022583 0
1761512847730 0.7899325489997864 1
1761512847970 0.7842561602592468 2
1761512848180 0.7823331356048584 3
1761512848391 0.7816934585571289 4
1761512848602 0.7797739505767822 5
1761512848812 0.7767327427864075 6
1761512849027 0.7746328711509705 7
1761512849239 0.7744207382202148 8
1761512849450 0.7779862284660339 9
1761512849665 0.7726552486419678 10
1761512849878 0.7767452597618103 11
1761512850089 0.7742598056793213 12
1761512850305 0.7717809677124023 13
1761512850536 0.7714851498603821 14
1761512850766 0.7690600752830505 15
1761512850981 0.7690900564193726 16
1761512851200 0.7717452645301819 17
1761512851414 0.7691882252693176 18
1761512851634 0.7688915729522705 19
1761512851861 0.7674119472503662 20
1761512852070 0.7674616575241089 21
1761512852281 0.7668775916099548 22
1761512852502 0.766985297203064 23
1761512852718 0.7672045826911926 24
1761512852944 0.7641981244087219 25
1761512853162 0.7662646174430847 26
1761512853380 0.7664490342140198 27
1761512853594 0.7659692764282227 28
1761512853837 0.7694513201713562 29
1761512854055 0.7647808790206909 30
1761512854282 0.7640725374221802 31
1761512854504 0.7664295434951782 32
1761512854764 0.7622652053833008 33
1761512854966 0.7620547413825989 34
1761512855178 0.7621833086013794 35
1761512855398 0.7609164714813232 36
1761512855608 0.7619866132736206 37
1761512855822 0.7597814202308655 38
1761512856040 0.7596756815910339 39
1761512856249 0.759127140045166 40
1761512856461 0.7614686489105225 41
1761512856674 0.7570424675941467 42
1761512856887 0.7557969093322754 43
1761512857100 0.7563651204109192 44
1761512857310 0.757310688495636 45
1761512857525 0.7560365200042725 46
1761512857734 0.7546596527099609 47
1761512857945 0.7543802857398987 48
1761512858159 0.7537540793418884 49
1761512847489 0.8387376070022583 0
