1761603130905 0.7587916851043701 0
1761603131489 0.7587916851043701 1
1761603131737 0.7587916851043701 2
1761603131977 0.7587916851043701 3
1761603132201 0.7587916851043701 4
1761603132426 0.7587916851043701 5
1761603132720 0.7587916851043701 6
1761603132971 0.7587916851043701 7
1761603133205 0.7587916851043701 8
1761603133430 0.7587916851043701 9
1761603133672 0.7587916851043701 10
1761603133915 0.7587916851043701 11
1761603134129 0.7587916851043701 12
1761603134345 0.7587916851043701 13
1761603134555 0.7587916851043701 14
1761603134773 0.7587916851043701 15
1761603135015 0.7587916851043701 16
1761603135229 0.7587916851043701 17
1761603135440 0.7587916851043701 18
1761603135653 0.7587916851043701 19
1761603135868 0.7587916851043701 20
1761603136081 0.7587916851043701 21
1761603136295 0.7587916851043701 22
1761603136507 0.7587916851043701 23
1761603136719 0.7587916851043701 24
1761603136932 0.7587916851043701 25
1761603137156 0.7587916851043701 26
1761603137390 0.7587916851043701 27
1761603137652 0.7587916851043701 28
1761603137880 0.7587916851043701 29
1761603138103 0.7587916851043701 30
1761603138337 0.7587916851043701 31
1761603138578 0.7587916851043701 32
1761603138794 0.7587916851043701 33
1761603139039 0.7587916851043701 34
1761603139286 0.7587916851043701 35
1761603139505 0.7587916851043701 36
1761603139723 0.7587916851043701 37
1761603139942 0.7587916851043701 38
1761603140155 0.7587916851043701 39
1761603140392 0.7587916851043701 40
1761603140609 0.7587916851043701 41
1761603140826 0.7587916851043701 42
1761603141045 0.7587916851043701 43
1761603141254 0.7587916851043701 44
1761603141467 0.7587916851043701 45
1761603141680 0.7592425346374512 46
1761603141895 0.7587916851043701 47
1761603142106 0.7587916851043701 48
1761603142318 0.7587916851043701 49
1761603130905 0.7587916851043701 0
