1761603130905 0.7273688912391663 0
1761603131489 0.7195038795471191 1
1761603131737 0.7124672532081604 2
1761603131977 0.7142646312713623 3
1761603132201 0.7123963832855225 4
1761603132426 0.7112960815429688 5
1761603132720 0.7102872729301453 6
1761603132971 0.7116604447364807 7
1761603133205 0.7114771008491516 8
1761603133430 0.7095195055007935 9
1761603133672 0.7126878499984741 10
1761603133915 0.7090416550636292 11
1761603134129 0.7096887230873108 12
1761603134345 0.7090471982955933 13
1761603134555 0.7102721929550171 14
1761603134773 0.7095805406570435 15
1761603135015 0.7100949883460999 16
1761603135229 0.708585262298584 17
1761603135440 0.7057355642318726 18
1761603135653 0.7086012959480286 19
1761603135868 0.7068109512329102 20
1761603136081 0.7078049778938293 21
1761603136295 0.7075302600860596 22
1761603136507 0.7072319388389587 23
1761603136719 0.7047320604324341 24
1761603136932 0.7052744626998901 25
1761603137156 0.7041370868682861 26
1761603137390 0.7053744196891785 27
1761603137652 0.702076256275177 28
1761603137880 0.70472252368927 29
1761603138103 0.7021688222885132 30
1761603138337 0.7010077834129333 31
1761603138578 0.7012677192687988 32
1761603138794 0.7011229395866394 33
1761603139039 0.7012722492218018 34
1761603139286 0.7027060985565186 35
1761603139505 0.7008654475212097 36
1761603139723 0.6988863945007324 37
1761603139942 0.6983674764633179 38
1761603140155 0.7019439935684204 39
1761603140392 0.6996369361877441 40
1761603140609 0.700813889503479 41
1761603140826 0.6978548169136047 42
1761603141045 0.6982945799827576 43
1761603141254 0.6960952877998352 44
1761603141467 0.696641743183136 45
1761603141680 0.6976503729820251 46
1761603141895 0.6982941627502441 47
1761603142106 0.6961060762405396 48
1761603142318 0.6952181458473206 49
1761603130905 0.7273688912391663 0
