1761515819448 0.4916629195213318 0
1761515820368 0.5164488554000854 1
1761515821290 0.5466426610946655 2
1761515822185 0.5750337839126587 3
1761515823141 0.5853988528251648 4
1761515824028 0.6128886938095093 5
1761515824923 0.6101847887039185 6
1761515825801 0.6480396389961243 7
1761515826806 0.6358720064163208 8
1761515827855 0.6575033664703369 9
1761515828809 0.6566020846366882 10
1761515829725 0.679134726524353 11
1761515830701 0.6795853972434998 12
1761515831620 0.6940063238143921 13
1761515832574 0.687697172164917 14
1761515833576 0.7012167572975159 15
1761515834527 0.7129337787628174 16
1761515835520 0.7345651388168335 17
1761515836580 0.7291572690010071 18
1761515837694 0.7471834421157837 19
1761515838830 0.7548445463180542 20
1761515840034 0.7607030272483826 21
1761515841191 0.7534925937652588 22
1761515842212 0.7760252356529236 23
1761515843262 0.7706173658370972 24
1761515844436 0.7976565957069397 25
1761515845382 0.7890942096710205 26
1761515846314 0.796755313873291 27
1761515847191 0.8044164180755615 28
1761515848121 0.8003605008125305 29
1761515848999 0.8035150766372681 30
1761515849972 0.8039657473564148 31
1761515850878 0.821090579032898 32
1761515851819 0.8305543065071106 33
1761515852792 0.8246958255767822 34
1761515853759 0.84046870470047 35
1761515854615 0.8458765149116516 36
1761515855483 0.8467778563499451 37
1761515856374 0.8539882898330688 38
1761515857387 0.85173499584198 39
1761515858784 0.8553402423858643 40
1761515859678 0.8503830432891846 41
1761515860550 0.862550675868988 42
1761515861417 0.8679585456848145 43
1761515862297 0.8724650740623474 44
1761515863260 0.8571428656578064 45
1761515864248 0.8526363372802734 46
1761515865094 0.8715637922286987 47
1761515865945 0.8841820359230042 48
1761515866785 0.8873366117477417 49
1761515819448 0.4916629195213318 0
