1761515819448 0.8830497860908508 0
1761515820368 0.8616756796836853 1
1761515821290 0.8548982739448547 2
1761515822185 0.8384657502174377 3
1761515823141 0.8235829472541809 4
1761515824028 0.805389404296875 5
1761515824923 0.7974540591239929 6
1761515825801 0.7761611938476562 7
1761515826806 0.7738092541694641 8
1761515827855 0.7561850547790527 9
1761515828809 0.7428797483444214 10
1761515829725 0.7214295268058777 11
1761515830701 0.7090970873832703 12
1761515831620 0.6914235353469849 13
1761515832574 0.6923731565475464 14
1761515833576 0.6765719652175903 15
1761515834527 0.6700451374053955 16
1761515835520 0.6322170495986938 17
1761515836580 0.6358320116996765 18
1761515837694 0.6046319007873535 19
1761515838830 0.5976815819740295 20
1761515840034 0.5675452351570129 21
1761515841191 0.5712909698486328 22
1761515842212 0.5478246212005615 23
1761515843262 0.5493803024291992 24
1761515844436 0.515068769454956 25
1761515845382 0.5144057869911194 26
1761515846314 0.49636968970298767 27
1761515847191 0.4926535487174988 28
1761515848121 0.4797474443912506 29
1761515848999 0.4650558829307556 30
1761515849972 0.4820227026939392 31
1761515850878 0.4469141662120819 32
1761515851819 0.4257372319698334 33
1761515852792 0.4297214448451996 34
1761515853759 0.398355633020401 35
1761515854615 0.378174751996994 36
1761515855483 0.38949665427207947 37
1761515856374 0.37476781010627747 38
1761515857387 0.3839121460914612 39
1761515858784 0.3656274080276489 40
1761515859678 0.3630533516407013 41
1761515860550 0.3403679132461548 42
1761515861417 0.3331381380558014 43
1761515862297 0.32452118396759033 44
1761515863260 0.34051254391670227 45
1761515864248 0.3628574013710022 46
1761515865094 0.3146872818470001 47
1761515865945 0.2944776713848114 48
1761515866785 0.2870894968509674 49
1761515819448 0.8830497860908508 0
