1761598830809 0.459873765707016 0
1761598831267 0.4531109035015106 1
1761598831728 0.45085662603378296 2
1761598832169 0.4458971917629242 3
1761598832575 0.4418394863605499 4
1761598833013 0.44364291429519653 5
1761598833371 0.4616771936416626 6
1761598833784 0.4418394863605499 7
1761598834193 0.451307475566864 8
1761598834602 0.4400360584259033 9
1761598835008 0.46122634410858154 10
1761598835418 0.4504057765007019 11
1761598835827 0.4409377872943878 12
1761598836235 0.45942291617393494 13
1761598836642 0.44229036569595337 14
1761598837043 0.4607754647731781 15
1761598837447 0.43778178095817566 16
1761598837855 0.45446348190307617 17
1761598838299 0.4535617530345917 18
1761598838704 0.44634807109832764 19
1761598839098 0.4553651809692383 20
1761598839501 0.44544634222984314 21
1761598839908 0.4522092044353485 22
1761598840313 0.4589720368385315 23
1761598840721 0.4346257746219635 24
1761598841127 0.4486023485660553 25
1761598841567 0.4431920647621155 26
1761598842000 0.4486023485660553 27
1761598842405 0.47880974411964417 28
1761598842809 0.46122634410858154 29
1761598843201 0.46212804317474365 30
1761598843606 0.4634806215763092 31
1761598844013 0.45852118730545044 32
1761598844414 0.4652840495109558 33
1761598844823 0.4661857485771179 34
1761598845235 0.4738503098487854 35
1761598845637 0.4869251549243927 36
1761598846048 0.47700631618499756 37
1761598846460 0.4738503098487854 38
1761598846866 0.4869251549243927 39
1761598847277 0.4878268837928772 40
1761598847682 0.48286744952201843 41
1761598848087 0.48737600445747375 42
1761598848490 0.4833182990550995 43
1761598848899 0.4923354387283325 44
1761598849311 0.48827773332595825 45
1761598849713 0.5031560063362122 46
1761598850106 0.5027051568031311 47
1761598850513 0.5045085549354553 48
1761598850914 0.5162308216094971 49
1761598830809 0.459873765707016 0
