1761598830809 0.9661914706230164 0
1761598831267 0.960732638835907 1
1761598831728 0.9581320881843567 2
1761598832169 0.9598205089569092 3
1761598832575 0.9635602831840515 4
1761598833013 0.9601725935935974 5
1761598833371 0.9547997713088989 6
1761598833784 0.9571959376335144 7
1761598834193 0.9575011730194092 8
1761598834602 0.9567016959190369 9
1761598835008 0.954190194606781 10
1761598835418 0.9613329768180847 11
1761598835827 0.9582801461219788 12
1761598836235 0.9551410675048828 13
1761598836642 0.9555209279060364 14
1761598837043 0.9553633332252502 15
1761598837447 0.9557771682739258 16
1761598837855 0.9575563073158264 17
1761598838299 0.9553780555725098 18
1761598838704 0.9559293389320374 19
1761598839098 0.9540525674819946 20
1761598839501 0.9538617134094238 21
1761598839908 0.952782154083252 22
1761598840313 0.9547340273857117 23
1761598840721 0.9531755447387695 24
1761598841127 0.9529688954353333 25
1761598841567 0.9534736275672913 26
1761598842000 0.9534775614738464 27
1761598842405 0.949827253818512 28
1761598842809 0.9528075456619263 29
1761598843201 0.9490537643432617 30
1761598843606 0.9505348801612854 31
1761598844013 0.9492243528366089 32
1761598844414 0.9504061937332153 33
1761598844823 0.9527455568313599 34
1761598845235 0.9492605924606323 35
1761598845637 0.9473198652267456 36
1761598846048 0.9508448243141174 37
1761598846460 0.9462542533874512 38
1761598846866 0.947939932346344 39
1761598847277 0.9458343386650085 40
1761598847682 0.943564236164093 41
1761598848087 0.9439807534217834 42
1761598848490 0.9436114430427551 43
1761598848899 0.940443754196167 44
1761598849311 0.9434289336204529 45
1761598849713 0.9378561973571777 46
1761598850106 0.9382786750793457 47
1761598850513 0.9357476234436035 48
1761598850914 0.934384286403656 49
1761598830809 0.9661914706230164 0
