1761467466513 0.948035478591919 0
1761467466931 0.9243286848068237 1
1761467467751 0.8966933488845825 2
1761467468972 0.8868544101715088 3
1761467469550 0.8821258544921875 4
1761467470164 0.8686720728874207 5
1761467470798 0.846197247505188 6
1761467471411 0.839206337928772 7
1761467471829 0.8392041921615601 8
1761467472556 0.830608069896698 9
1761467473204 0.8064934015274048 10
1761467474079 0.8250401020050049 11
1761467474834 0.8070084452629089 12
1761467475480 0.8027324676513672 13
1761467476142 0.8028215765953064 14
1761467476810 0.7867103815078735 15
1761467477490 0.779219388961792 16
1761467477952 0.7772676348686218 17
1761467478726 0.7739107608795166 18
1761467479463 0.7606287002563477 19
1761467480214 0.7691584825515747 20
1761467480913 0.7449507117271423 21
1761467481507 0.7490785121917725 22
1761467482124 0.7395702600479126 23
1761467482734 0.7275537252426147 24
1761467483518 0.7214563488960266 25
1761467484811 0.7319736480712891 26
1761467485613 0.7211788296699524 27
1761467486313 0.7264040112495422 28
1761467487019 0.7385109066963196 29
1761467487742 0.7066859602928162 30
1761467488440 0.700585126876831 31
1761467489062 0.7010156512260437 32
1761467489588 0.6884243488311768 33
1761467489999 0.7029818296432495 34
1761467490641 0.7038077116012573 35
1761467491409 0.6919387578964233 36
1761467492002 0.6778234243392944 37
1761467492610 0.6824343800544739 38
1761467493181 0.6767582893371582 39
1761467493794 0.6640908718109131 40
1761467494401 0.6546810865402222 41
1761467495060 0.6688181161880493 42
1761467496332 0.6397159099578857 43
1761467496818 0.6424717307090759 44
1761467497326 0.6374320387840271 45
1761467497995 0.6441904306411743 46
1761467498610 0.6218526363372803 47
1761467499355 0.6216166615486145 48
1761467499898 0.623977780342102 49
1761467466513 0.948035478591919 0
