1761608123176 0.48917943239212036 0
1761608124154 0.5018033981323242 1
1761608125280 0.5202885270118713 2
1761608126182 0.5441839694976807 3
1761608127108 0.5504959225654602 4
1761608128044 0.5504959225654602 5
1761608129000 0.5685302019119263 6
1761608129948 0.5834084749221802 7
1761608131022 0.6032461524009705 8
1761608132166 0.6082056164741516 9
1761608133341 0.6167718768119812 10
1761608134254 0.630748450756073 11
1761608135504 0.6474301218986511 12
1761608136479 0.6532912254333496 13
1761608137834 0.6708746552467346 14
1761608138800 0.6627592444419861 15
1761608139866 0.6735798120498657 16
1761608140936 0.6825969219207764 17
1761608141911 0.695671796798706 18
1761608142843 0.7069432139396667 19
1761608143757 0.708746612071991 20
1761608144688 0.7168620228767395 21
1761608145602 0.7218214869499207 22
1761608146582 0.7195671796798706 23
1761608147534 0.726330041885376 24
1761608148452 0.7308385968208313 25
1761608149394 0.7394048571586609 26
1761608150360 0.7542831301689148 27
1761608151281 0.7646528482437134 28
1761608152258 0.7637511491775513 29
1761608153148 0.7822362780570984 30
1761608154097 0.7777276635169983 31
1761608155070 0.7741208076477051 32
1761608156019 0.7822362780570984 33
1761608157017 0.775022566318512 34
1761608158002 0.7989179491996765 35
1761608158955 0.7939585447311401 36
1761608160011 0.8115419149398804 37
1761608160959 0.8029756546020508 38
1761608161846 0.8097385168075562 39
1761608162923 0.8110910654067993 40
1761608163951 0.8128945231437683 41
1761608164954 0.8237150311470032 42
1761608165996 0.8106402158737183 43
1761608166931 0.8196573257446289 44
1761608167935 0.8210099339485168 45
1761608168904 0.8390442132949829 46
1761608169851 0.8512173295021057 47
1761608170751 0.8453561663627625 48
1761608171661 0.8570784330368042 49
1761608123176 0.48917943239212036 0
