1761529520586 0.559260904788971 0
1761529521189 0.5538530945777893 1
1761529521863 0.5651194453239441 2
1761529522559 0.5529517531394958 3
1761529523167 0.5651194453239441 4
1761529523618 0.5651194453239441 5
1761529524159 0.5651194453239441 6
1761529524671 0.5651194453239441 7
1761529525189 0.5651194453239441 8
1761529525765 0.5651194453239441 9
1761529526523 0.5651194453239441 10
1761529527037 0.5651194453239441 11
1761529527509 0.5651194453239441 12
1761529528124 0.563316822052002 13
1761529528701 0.5651194453239441 14
1761529529158 0.5651194453239441 15
1761529529652 0.5628661513328552 16
1761529530088 0.5651194453239441 17
1761529530569 0.5601622462272644 18
1761529531188 0.5610635280609131 19
1761529531800 0.5705272555351257 20
1761529532241 0.5646687746047974 21
1761529532721 0.5727805495262146 22
1761529533388 0.5795403122901917 23
1761529533963 0.5826948881149292 24
1761529534596 0.5808922648429871 25
1761529535353 0.5637674331665039 26
1761529535923 0.5718792080879211 27
1761529536471 0.5736818313598633 28
1761529536961 0.563316822052002 29
1761529537439 0.5705272555351257 30
1761529537919 0.5790897011756897 31
1761529538427 0.5768364071846008 32
1761529538909 0.5763857364654541 33
1761529539340 0.5772870779037476 34
1761529539889 0.57413250207901 35
1761529540371 0.5844975113868713 36
1761529540892 0.5772870779037476 37
1761529541341 0.5804416537284851 38
1761529541804 0.5835962295532227 39
1761529542366 0.589454710483551 40
1761529542983 0.5844975113868713 41
1761529543588 0.5844975113868713 42
1761529544181 0.5840468406677246 43
1761529544811 0.5899053812026978 44
1761529545446 0.5831455588340759 45
1761529545936 0.5853988528251648 46
1761529546404 0.5844975113868713 47
1761529546928 0.5867508053779602 48
1761529547453 0.5844975113868713 49
1761529520586 0.559260904788971 0
