1761517202157 0.5367282629013062 0
1761517202462 0.5407841205596924 1
1761517202710 0.565570056438446 2
1761517202932 0.5705272555351257 3
1761517203212 0.5826948881149292 4
1761517203420 0.5790897011756897 5
1761517203632 0.5993691086769104 6
1761517203840 0.6020730137825012 7
1761517204054 0.6128886938095093 8
1761517204264 0.6173952221870422 9
1761517204477 0.6327174305915833 10
1761517204689 0.6363226771354675 11
1761517204899 0.6381253004074097 12
1761517205102 0.6336187720298767 13
1761517205305 0.6480396389961243 14
1761517205515 0.657052755355835 15
1761517205731 0.6714736223220825 16
1761517205943 0.6579540371894836 17
1761517206155 0.6854438781738281 18
1761517206365 0.6854438781738281 19
1761517206577 0.6917530298233032 20
1761517206788 0.6971608996391296 21
1761517207001 0.698512852191925 22
1761517207222 0.6989635229110718 23
1761517207442 0.7052726745605469 24
1761517207653 0.7070752382278442 25
1761517207863 0.7192429304122925 26
1761517208074 0.7070752382278442 27
1761517208287 0.718341588973999 28
1761517208497 0.7246507406234741 29
1761517208707 0.7296079397201538 30
1761517208918 0.7151870131492615 31
1761517209129 0.7291572690010071 32
1761517209349 0.7223974466323853 33
1761517209560 0.7278053164482117 34
1761517209773 0.7309598922729492 35
1761517209992 0.7372690439224243 36
1761517210204 0.7413249015808105 37
1761517210417 0.7390716671943665 38
1761517210627 0.7530419230461121 39
1761517210836 0.7525912523269653 40
1761517211048 0.7557458281517029 41
1761517211259 0.7408742904663086 42
1761517211476 0.7498873472213745 43
1761517211686 0.7516899704933167 44
1761517211894 0.7566471099853516 45
1761517212102 0.757548451423645 46
1761517212313 0.7656602263450623 47
1761517212525 0.757548451423645 48
1761517212733 0.7670121788978577 49
1761517202157 0.5367282629013062 0
