1761517202157 0.9171316027641296 0
1761517202462 0.8636956214904785 1
1761517202710 0.8550058603286743 2
1761517202932 0.8437150120735168 3
1761517203212 0.8356379866600037 4
1761517203420 0.8305967450141907 5
1761517203632 0.8231407403945923 6
1761517203840 0.8176708817481995 7
1761517204054 0.8091179728507996 8
1761517204264 0.8020318746566772 9
1761517204477 0.794550895690918 10
1761517204689 0.7903361916542053 11
1761517204899 0.7811563014984131 12
1761517205102 0.7763155102729797 13
1761517205305 0.7678040862083435 14
1761517205515 0.7610727548599243 15
1761517205731 0.7475417852401733 16
1761517205943 0.7552739977836609 17
1761517206155 0.7430245876312256 18
1761517206365 0.7263105511665344 19
1761517206577 0.7262623310089111 20
1761517206788 0.7200098037719727 21
1761517207001 0.7138525247573853 22
1761517207222 0.7092878818511963 23
1761517207442 0.7025753855705261 24
1761517207653 0.6981486678123474 25
1761517207863 0.6912452578544617 26
1761517208074 0.6914239525794983 27
1761517208287 0.6861903667449951 28
1761517208497 0.6695723533630371 29
1761517208707 0.6698771119117737 30
1761517208918 0.674667477607727 31
1761517209129 0.6580634117126465 32
1761517209349 0.6565094590187073 33
1761517209560 0.6585036516189575 34
1761517209773 0.6530901193618774 35
1761517209992 0.6435964703559875 36
1761517210204 0.6394091844558716 37
1761517210417 0.6412606835365295 38
1761517210627 0.6371018290519714 39
1761517210836 0.6286659240722656 40
1761517211048 0.6249739527702332 41
1761517211259 0.6321925520896912 42
1761517211476 0.6191624402999878 43
1761517211686 0.6117238998413086 44
1761517211894 0.6112211346626282 45
1761517212102 0.6071489453315735 46
1761517212313 0.6197376251220703 47
1761517212525 0.6075208187103271 48
1761517212733 0.5968228578567505 49
1761517202157 0.9171316027641296 0
