1761515933548 0.524109959602356 0
1761515933825 0.5646687746047974 1
1761515934069 0.5691753029823303 2
1761515934297 0.5853988528251648 3
1761515934512 0.5948625802993774 4
1761515934737 0.6119873523712158 5
1761515934951 0.6182965040206909 6
1761515935166 0.6336187720298767 7
1761515935379 0.629112184047699 8
1761515935593 0.6363226771354675 9
1761515935808 0.6448850631713867 10
1761515936023 0.6575033664703369 11
1761515936239 0.6552501320838928 12
1761515936458 0.6714736223220825 13
1761515936675 0.6773321032524109 14
1761515936894 0.6854438781738281 15
1761515937119 0.6746281981468201 16
1761515937325 0.6840919256210327 17
1761515937528 0.694456934928894 18
1761515937737 0.7003154754638672 19
1761515937955 0.694456934928894 20
1761515938167 0.6998648047447205 21
1761515938378 0.7003154754638672 22
1761515938606 0.7156376838684082 23
1761515938824 0.7138350605964661 24
1761515939123 0.7061739563941956 25
1761515939341 0.7237494587898254 26
1761515939562 0.7210454940795898 27
1761515939780 0.7300586104393005 28
1761515940001 0.7255520224571228 29
1761515940237 0.7192429304122925 30
1761515940472 0.7359170913696289 31
1761515940701 0.7368183732032776 32
1761515940939 0.7458314299583435 33
1761515941183 0.7417755722999573 34
1761515941408 0.7480847239494324 35
1761515941635 0.7498873472213745 36
1761515941844 0.7444794774055481 37
1761515942064 0.7525912523269653 38
1761515942277 0.7480847239494324 39
1761515942482 0.7593510746955872 40
1761515942696 0.7435781955718994 41
1761515942908 0.762054979801178 42
1761515943138 0.7625056505203247 43
1761515943353 0.7647588849067688 44
1761515943567 0.7589004039764404 45
1761515943794 0.7611536979675293 46
1761515944002 0.7674628496170044 47
1761515944221 0.7656602263450623 48
1761515944431 0.7643082737922668 49
1761515933548 0.524109959602356 0
