1761515933548 0.8906954526901245 0
1761515933825 0.8430401682853699 1
1761515934069 0.8322084546089172 2
1761515934297 0.8205127120018005 3
1761515934512 0.8123535513877869 4
1761515934737 0.7989445924758911 5
1761515934951 0.7896018028259277 6
1761515935166 0.7799102663993835 7
1761515935379 0.7721423506736755 8
1761515935593 0.764738917350769 9
1761515935808 0.757142186164856 10
1761515936023 0.7509610652923584 11
1761515936239 0.7449519038200378 12
1761515936458 0.7331742644309998 13
1761515936675 0.7269359827041626 14
1761515936894 0.719109296798706 15
1761515937119 0.720630407333374 16
1761515937325 0.7106791138648987 17
1761515937528 0.6998266577720642 18
1761515937737 0.691165566444397 19
1761515937955 0.6998135447502136 20
1761515938167 0.6864718198776245 21
1761515938378 0.6877080798149109 22
1761515938606 0.6729881167411804 23
1761515938824 0.6668543219566345 24
1761515939123 0.6657083034515381 25
1761515939341 0.6531992554664612 26
1761515939562 0.6529091596603394 27
1761515939780 0.6428915858268738 28
1761515940001 0.6458317637443542 29
1761515940237 0.6472156047821045 30
1761515940472 0.6326472163200378 31
1761515940701 0.6279143691062927 32
1761515940939 0.6215492486953735 33
1761515941183 0.6160535216331482 34
1761515941408 0.6168793439865112 35
1761515941635 0.6110432147979736 36
1761515941844 0.6010112762451172 37
1761515942064 0.5980129837989807 38
1761515942277 0.5975229740142822 39
1761515942482 0.5906140804290771 40
1761515942696 0.6009529232978821 41
1761515942908 0.5839490294456482 42
1761515943138 0.5772827863693237 43
1761515943353 0.5818970203399658 44
1761515943567 0.5746731162071228 45
1761515943794 0.5810660123825073 46
1761515944002 0.5663336515426636 47
1761515944221 0.5682466626167297 48
1761515944431 0.5652486085891724 49
1761515933548 0.8906954526901245 0
