1761603176766 0.7439134120941162 0
1761603177089 0.7592425346374512 1
1761603177403 0.7583408355712891 2
1761603177729 0.7587916851043701 3
1761603178032 0.7592425346374512 4
1761603178330 0.7587916851043701 5
1761603178624 0.7592425346374512 6
1761603178923 0.7592425346374512 7
1761603179226 0.7601442933082581 8
1761603179528 0.759693443775177 9
1761603179816 0.7605951428413391 10
1761603180121 0.7610459923744202 11
1761603180415 0.757889986038208 12
1761603180724 0.7587916851043701 13
1761603181009 0.7583408355712891 14
1761603181308 0.7605951428413391 15
1761603181600 0.7601442933082581 16
1761603181907 0.7592425346374512 17
1761603182215 0.7610459923744202 18
1761603182514 0.7587916851043701 19
1761603182813 0.759693443775177 20
1761603183106 0.7614968419075012 21
1761603183405 0.7610459923744202 22
1761603183702 0.7623985409736633 23
1761603183995 0.7601442933082581 24
1761603184332 0.757439136505127 25
1761603184781 0.7637511491775513 26
1761603185158 0.757889986038208 27
1761603185585 0.7637511491775513 28
1761603185910 0.7619476914405823 29
1761603186198 0.7601442933082581 30
1761603186505 0.7569882869720459 31
1761603186880 0.7614968419075012 32
1761603187378 0.7633002996444702 33
1761603187736 0.7592425346374512 34
1761603188081 0.7628493905067444 35
1761603188417 0.7637511491775513 36
1761603188767 0.7619476914405823 37
1761603189106 0.7646528482437134 38
1761603189416 0.7601442933082581 39
1761603189749 0.7623985409736633 40
1761603190096 0.7642019987106323 41
1761603190456 0.7655545473098755 42
1761603190821 0.7651036977767944 43
1761603191145 0.7660053968429565 44
1761603191461 0.7614968419075012 45
1761603191795 0.7651036977767944 46
1761603192156 0.7642019987106323 47
1761603192514 0.7678088545799255 48
1761603192854 0.7660053968429565 49
1761603176766 0.7439134120941162 0
