1761603176766 0.7583861947059631 0
1761603177089 0.7231743931770325 1
1761603177403 0.7158409357070923 2
1761603177729 0.721761167049408 3
1761603178032 0.7127552032470703 4
1761603178330 0.712372362613678 5
1761603178624 0.7007647156715393 6
1761603178923 0.7039825916290283 7
1761603179226 0.702019453048706 8
1761603179528 0.7024421095848083 9
1761603179816 0.6959689855575562 10
1761603180121 0.695785641670227 11
1761603180415 0.7006019353866577 12
1761603180724 0.7007672190666199 13
1761603181009 0.692412257194519 14
1761603181308 0.6893596649169922 15
1761603181600 0.697618305683136 16
1761603181907 0.6890915632247925 17
1761603182215 0.685248613357544 18
1761603182514 0.6896383166313171 19
1761603182813 0.6806879639625549 20
1761603183106 0.6875923871994019 21
1761603183405 0.6830517649650574 22
1761603183702 0.6812655925750732 23
1761603183995 0.6802576184272766 24
1761603184332 0.6843826770782471 25
1761603184781 0.670274019241333 26
1761603185158 0.6775847673416138 27
1761603185585 0.6733015179634094 28
1761603185910 0.6773594617843628 29
1761603186198 0.6831493377685547 30
1761603186505 0.6761091947555542 31
1761603186880 0.6712309718132019 32
1761603187378 0.6695309281349182 33
1761603187736 0.6657471656799316 34
1761603188081 0.6713694334030151 35
1761603188417 0.6606966257095337 36
1761603188767 0.6593823432922363 37
1761603189106 0.6554984450340271 38
1761603189416 0.6643785238265991 39
1761603189749 0.656248927116394 40
1761603190096 0.6524783968925476 41
1761603190456 0.6529592275619507 42
1761603190821 0.6526607871055603 43
1761603191145 0.6497526168823242 44
1761603191461 0.6491269469261169 45
1761603191795 0.6442083716392517 46
1761603192156 0.646963894367218 47
1761603192514 0.6369614601135254 48
1761603192854 0.6414995789527893 49
1761603176766 0.7583861947059631 0
