1761445577007 0.4123479127883911 0
1761445578333 0.44164037704467773 1
1761445579519 0.4502027928829193 2
1761445580641 0.46327173709869385 3
1761445581701 0.4614691436290741 4
1761445582668 0.4700315594673157 5
1761445583790 0.474988728761673 6
1761445584677 0.4943668246269226 7
1761445585577 0.49752140045166016 8
1761445585943 0.4984227120876312 9
1761445586437 0.5047318339347839 10
1761445587072 0.5223073363304138 11
1761445587891 0.5286164879798889 12
1761445588782 0.5358269214630127 13
1761445589635 0.5443893671035767 14
1761445590226 0.5430374145507812 15
1761445590634 0.5389814972877502 16
1761445591312 0.5570076704025269 17
1761445592313 0.5673726797103882 18
1761445593122 0.5678233504295349 19
1761445593821 0.5646687746047974 20
1761445594888 0.5876520872116089 21
1761445595740 0.5795403122901917 22
1761445596498 0.5808922648429871 23
1761445597521 0.5930599570274353 24
1761445598503 0.593961238861084 25
1761445599468 0.6007210612297058 26
1761445600823 0.6079314947128296 27
1761445601851 0.6034249663352966 28
1761445602790 0.608832836151123 29
1761445603799 0.6146913170814514 30
1761445604507 0.6151419281959534 31
1761445605282 0.6187471747398376 32
1761445606355 0.6119873523712158 33
1761445607223 0.6295628547668457 34
1761445607999 0.6349707245826721 35
1761445608947 0.6358720064163208 36
1761445609748 0.6282109022140503 37
1761445610847 0.6381253004074097 38
1761445611592 0.6376746296882629 39
1761445612526 0.6435331106185913 40
1761445613549 0.6340693831443787 41
1761445614482 0.6412798762321472 42
1761445615426 0.652996838092804 43
1761445616366 0.643983781337738 44
1761445617742 0.6426318287849426 45
1761445619098 0.6660658121109009 46
1761445619971 0.6656151413917542 47
1761445620815 0.6710230112075806 48
1761445621724 0.6660658121109009 49
1761445577007 0.4123479127883911 0
