1761518361452 0.5200541019439697 0
1761518361864 0.5362775921821594 1
1761518362279 0.5520504713058472 2
1761518362633 0.5651194453239441 3
1761518363004 0.5646687746047974 4
1761518363375 0.5885534286499023 5
1761518363746 0.5971158146858215 6
1761518364119 0.6205497980117798 7
1761518364494 0.6169445514678955 8
1761518364865 0.6480396389961243 9
1761518365232 0.6566020846366882 10
1761518365599 0.6719242930412292 11
1761518365969 0.6786841154098511 12
1761518366340 0.683641254901886 13
1761518366709 0.6899504065513611 14
1761518367076 0.7106804847717285 15
1761518367446 0.7196935415267944 16
1761518367816 0.7196935415267944 17
1761518368185 0.7282559871673584 18
1761518368557 0.7359170913696289 19
1761518368924 0.73366379737854 20
1761518369285 0.7494366765022278 21
1761518369654 0.7579991221427917 22
1761518370025 0.762054979801178 23
1761518370398 0.7552951574325562 24
1761518370771 0.7521405816078186 25
1761518371151 0.777377188205719 26
1761518371518 0.7787291407585144 27
1761518371892 0.7791798114776611 28
1761518372271 0.7764759063720703 29
1761518372625 0.7872915863990784 30
1761518372989 0.7904461622238159 31
1761518373371 0.79269939661026 32
1761518373735 0.8134294748306274 33
1761518374118 0.8093736171722412 34
1761518374491 0.8075709939002991 35
1761518374852 0.8206399083137512 36
1761518375204 0.812077522277832 37
1761518375573 0.8283010125160217 38
1761518375938 0.8305543065071106 39
1761518376309 0.8305543065071106 40
1761518376678 0.8427219390869141 41
1761518377048 0.8251464366912842 42
1761518377416 0.8409193158149719 43
1761518377782 0.847228467464447 44
1761518378151 0.8418206572532654 45
1761518378524 0.8535376191139221 46
1761518378900 0.8521856665611267 47
1761518379267 0.8449752330780029 48
1761518379637 0.8445245623588562 49
1761518361452 0.5200541019439697 0
