1761518361452 0.8936735391616821 0
1761518361864 0.8766360878944397 1
1761518362279 0.8662452101707458 2
1761518362633 0.8545496463775635 3
1761518363004 0.8537185788154602 4
1761518363375 0.8368659615516663 5
1761518363746 0.8248987197875977 6
1761518364119 0.8081884384155273 7
1761518364494 0.8069825172424316 8
1761518364865 0.7723898887634277 9
1761518365232 0.7495689392089844 10
1761518365599 0.7393122911453247 11
1761518365969 0.7234658598899841 12
1761518366340 0.7199335098266602 13
1761518366709 0.7046424746513367 14
1761518367076 0.688219428062439 15
1761518367446 0.6755879521369934 16
1761518367816 0.6516130566596985 17
1761518368185 0.6570113301277161 18
1761518368557 0.6438710689544678 19
1761518368924 0.6347264051437378 20
1761518369285 0.609406054019928 21
1761518369654 0.6078484654426575 22
1761518370025 0.5897030234336853 23
1761518370398 0.5926368832588196 24
1761518370771 0.5868185758590698 25
1761518371151 0.5605343580245972 26
1761518371518 0.5503302216529846 27
1761518371892 0.5541645884513855 28
1761518372271 0.549222469329834 29
1761518372625 0.5264268517494202 30
1761518372989 0.5357082486152649 31
1761518373371 0.5241564512252808 32
1761518373735 0.4942414164543152 33
1761518374118 0.5002227425575256 34
1761518374491 0.49414902925491333 35
1761518374852 0.4864055812358856 36
1761518375204 0.4794612228870392 37
1761518375573 0.4609781801700592 38
1761518375938 0.44486796855926514 39
1761518376309 0.4562409222126007 40
1761518376678 0.43545112013816833 41
1761518377048 0.45881882309913635 42
1761518377416 0.4270840287208557 43
1761518377782 0.41683197021484375 44
1761518378151 0.4112532138824463 45
1761518378524 0.40216296911239624 46
1761518378900 0.3908528983592987 47
1761518379267 0.41572991013526917 48
1761518379637 0.399777352809906 49
1761518361452 0.8936735391616821 0
