1761596454013 0.404418408870697 0
1761596454431 0.4409377872943878 1
1761596454810 0.45446348190307617 2
1761596455201 0.46212804317474365 3
1761596455578 0.4670874774456024 4
1761596455957 0.46979260444641113 5
1761596456385 0.48737600445747375 6
1761596456760 0.5040577054023743 7
1761596457138 0.5166816711425781 8
1761596457515 0.517583429813385 9
1761596457900 0.5135257244110107 10
1761596458282 0.5459873676300049 11
1761596458653 0.5477908253669739 12
1761596459030 0.5536519289016724 13
1761596459409 0.5721370577812195 14
1761596459796 0.5550045371055603 15
1761596460175 0.5559062361717224 16
1761596460546 0.5716862082481384 17
1761596460921 0.5752930641174316 18
1761596461309 0.5933273434638977 19
1761596461706 0.5937781929969788 20
1761596462097 0.5991884469985962 21
1761596462489 0.6064021587371826 22
1761596462873 0.6244364380836487 23
1761596463318 0.6235347390174866 24
1761596463745 0.6343552470207214 25
1761596464131 0.6230838298797607 26
1761596464488 0.6478809714317322 27
1761596464910 0.6478809714317322 28
1761596465303 0.6478809714317322 29
1761596465694 0.6708746552467346 30
1761596466081 0.6659152507781982 31
1761596466471 0.6717763543128967 32
1761596466839 0.6650135517120361 33
1761596467246 0.6848512291908264 34
1761596467630 0.691163182258606 35
1761596468009 0.6965734958648682 36
1761596468394 0.6830477714538574 37
1761596468766 0.6857529282569885 38
1761596469139 0.7128043174743652 39
1761596469550 0.7213705778121948 40
1761596469974 0.7200180292129517 41
1761596470376 0.7294860482215881 42
1761596470754 0.7353471517562866 43
1761596471122 0.7294860482215881 44
1761596471487 0.7222723364830017 45
1761596471849 0.7412083148956299 46
1761596472275 0.7394048571586609 47
1761596472644 0.7479711174964905 48
1761596473027 0.7642019987106323 49
1761596454013 0.404418408870697 0
