1761596454013 1.0803297758102417 0
1761596454431 1.0577243566513062 1
1761596454810 1.0496662855148315 2
1761596455201 1.0367395877838135 3
1761596455578 1.030359148979187 4
1761596455957 1.0168148279190063 5
1761596456385 1.008899450302124 6
1761596456760 0.9976606369018555 7
1761596457138 0.9842863082885742 8
1761596457515 0.9675516486167908 9
1761596457900 0.967124879360199 10
1761596458282 0.9464864134788513 11
1761596458653 0.939918041229248 12
1761596459030 0.9240426421165466 13
1761596459409 0.911088228225708 14
1761596459796 0.9011712074279785 15
1761596460175 0.9014530181884766 16
1761596460546 0.8913842439651489 17
1761596460921 0.8907899856567383 18
1761596461309 0.8624236583709717 19
1761596461706 0.8507223725318909 20
1761596462097 0.8339202404022217 21
1761596462489 0.8279649019241333 22
1761596462873 0.8182339072227478 23
1761596463318 0.8117920160293579 24
1761596463745 0.794090747833252 25
1761596464131 0.7935670614242554 26
1761596464488 0.7773168087005615 27
1761596464910 0.7646331787109375 28
1761596465303 0.7642627954483032 29
1761596465694 0.745991051197052 30
1761596466081 0.7352446913719177 31
1761596466471 0.7225401401519775 32
1761596466839 0.7262188792228699 33
1761596467246 0.708065390586853 34
1761596467630 0.7047087550163269 35
1761596468009 0.6823794841766357 36
1761596468394 0.6886425018310547 37
1761596468766 0.696246325969696 38
1761596469139 0.6590405106544495 39
1761596469550 0.6520089507102966 40
1761596469974 0.6304035186767578 41
1761596470376 0.6210965514183044 42
1761596470754 0.6269370913505554 43
1761596471122 0.61434006690979 44
1761596471487 0.6289792656898499 45
1761596471849 0.5899487733840942 46
1761596472275 0.5951573848724365 47
1761596472644 0.582621157169342 48
1761596473027 0.5741076469421387 49
1761596454013 1.0803297758102417 0
