1761604544167 0.3814246952533722 0
1761604544410 0.3814246952533722 1
1761604544655 0.3944995403289795 2
1761604544869 0.4039675295352936 3
1761604545093 0.40892696380615234 4
1761604545300 0.4147880971431732 5
1761604545519 0.41433724761009216 6
1761604545738 0.39675381779670715 7
1761604545941 0.40802523493766785 8
1761604546172 0.42470693588256836 9
1761604546385 0.4242560863494873 10
1761604546595 0.42651036381721497 11
1761604546811 0.4242560863494873 12
1761604547031 0.41614067554473877 13
1761604547241 0.42380523681640625 14
1761604547456 0.4301172196865082 15
1761604547676 0.42741209268569946 16
1761604547886 0.42470693588256836 17
1761604548098 0.42921552062034607 18
1761604548307 0.42741209268569946 19
1761604548513 0.42290350794792175 20
1761604548756 0.41929665207862854 21
1761604548971 0.42200180888175964 22
1761604549182 0.4206492304801941 23
1761604549399 0.42200180888175964 24
1761604549611 0.42380523681640625 25
1761604549828 0.42651036381721497 26
1761604550040 0.42200180888175964 27
1761604550255 0.43327322602272034 28
1761604550462 0.4287646412849426 29
1761604550672 0.42560866475105286 30
1761604550882 0.4301172196865082 31
1761604551091 0.4224526584148407 32
1761604551301 0.4260595142841339 33
1761604551509 0.43327322602272034 34
1761604551717 0.4251577854156494 35
1761604551928 0.4382326304912567 36
1761604552138 0.4337240755558014 37
1761604552349 0.43237149715423584 38
1761604552562 0.4364292025566101 39
1761604552775 0.4440937638282776 40
1761604552985 0.42921552062034607 41
1761604553196 0.43237149715423584 42
1761604553410 0.4319206476211548 43
1761604553618 0.43237149715423584 44
1761604553826 0.4287646412849426 45
1761604554037 0.4400360584259033 46
1761604554245 0.4382326304912567 47
1761604554450 0.4431920647621155 48
1761604554658 0.4233543872833252 49
1761604544167 0.3814246952533722 0
