1761604544167 1.0960677862167358 0
1761604544410 1.0840795040130615 1
1761604544655 1.0828461647033691 2
1761604544869 1.07404363155365 3
1761604545093 1.069830060005188 4
1761604545300 1.0735012292861938 5
1761604545519 1.0669268369674683 6
1761604545738 1.0684531927108765 7
1761604545941 1.0628700256347656 8
1761604546172 1.0617482662200928 9
1761604546385 1.0622919797897339 10
1761604546595 1.0639288425445557 11
1761604546811 1.0633318424224854 12
1761604547031 1.0621000528335571 13
1761604547241 1.0599431991577148 14
1761604547456 1.059471607208252 15
1761604547676 1.0610562562942505 16
1761604547886 1.061806321144104 17
1761604548098 1.0572879314422607 18
1761604548307 1.058464527130127 19
1761604548513 1.0595000982284546 20
1761604548756 1.060981273651123 21
1761604548971 1.0575528144836426 22
1761604549182 1.0584683418273926 23
1761604549399 1.0564491748809814 24
1761604549611 1.0567041635513306 25
1761604549828 1.0583027601242065 26
1761604550040 1.0598044395446777 27
1761604550255 1.0565106868743896 28
1761604550462 1.0583577156066895 29
1761604550672 1.0568177700042725 30
1761604550882 1.0546982288360596 31
1761604551091 1.0565476417541504 32
1761604551301 1.0534464120864868 33
1761604551509 1.0516693592071533 34
1761604551717 1.0554431676864624 35
1761604551928 1.0512949228286743 36
1761604552138 1.055606722831726 37
1761604552349 1.050426721572876 38
1761604552562 1.0503252744674683 39
1761604552775 1.0489357709884644 40
1761604552985 1.050479531288147 41
1761604553196 1.049924612045288 42
1761604553410 1.0494029521942139 43
1761604553618 1.0484085083007812 44
1761604553826 1.0484027862548828 45
1761604554037 1.0468032360076904 46
1761604554245 1.0453578233718872 47
1761604554450 1.0458979606628418 48
1761604554658 1.0456451177597046 49
1761604544167 1.0960677862167358 0
