1761602120451 0.45446348190307617 0
1761602120905 0.47339946031570435 1
1761602121319 0.4486023485660553 2
1761602121764 0.47339946031570435 3
1761602122178 0.48196572065353394 4
1761602122625 0.48196572065353394 5
1761602123039 0.48196572065353394 6
1761602123482 0.48196572065353394 7
1761602123869 0.468890905380249 8
1761602124258 0.48196572065353394 9
1761602124656 0.48196572065353394 10
1761602125077 0.4729486107826233 11
1761602125500 0.47700631618499756 12
1761602125912 0.48196572065353394 13
1761602126322 0.48196572065353394 14
1761602126737 0.48196572065353394 15
1761602127143 0.48196572065353394 16
1761602127555 0.48196572065353394 17
1761602127963 0.48196572065353394 18
1761602128369 0.48196572065353394 19
1761602128780 0.48196572065353394 20
1761602129189 0.48196572065353394 21
1761602129593 0.48196572065353394 22
1761602130006 0.48196572065353394 23
1761602130417 0.48196572065353394 24
1761602130820 0.48196572065353394 25
1761602131225 0.48196572065353394 26
1761602131634 0.48196572065353394 27
1761602132040 0.48196572065353394 28
1761602132448 0.48196572065353394 29
1761602132862 0.48196572065353394 30
1761602133281 0.4824165999889374 31
1761602133663 0.48196572065353394 32
1761602134112 0.48196572065353394 33
1761602134527 0.4833182990550995 34
1761602134936 0.4774571657180786 35
1761602135340 0.4815148711204529 36
1761602135736 0.4815148711204529 37
1761602136136 0.4797114431858063 38
1761602136568 0.484220027923584 39
1761602136977 0.4774571657180786 40
1761602137386 0.47249773144721985 41
1761602137804 0.48557257652282715 42
1761602138238 0.4792605936527252 43
1761602138698 0.48376914858818054 44
1761602139152 0.48557257652282715 45
1761602139563 0.48376914858818054 46
1761602139966 0.47339946031570435 47
1761602140368 0.4833182990550995 48
1761602140783 0.4797114431858063 49
1761602120451 0.45446348190307617 0
