1761602120451 1.04119074344635 0
1761602120905 1.0195033550262451 1
1761602121319 1.0244046449661255 2
1761602121764 1.0200501680374146 3
1761602122178 1.0165871381759644 4
1761602122625 1.0171834230422974 5
1761602123039 1.0176841020584106 6
1761602123482 1.0180597305297852 7
1761602123869 1.0183945894241333 8
1761602124258 1.0194953680038452 9
1761602124656 1.016770601272583 10
1761602125077 1.0151516199111938 11
1761602125500 1.0158871412277222 12
1761602125912 1.0169156789779663 13
1761602126322 1.0156519412994385 14
1761602126737 1.0155946016311646 15
1761602127143 1.0142004489898682 16
1761602127555 1.0144881010055542 17
1761602127963 1.0153764486312866 18
1761602128369 1.0147504806518555 19
1761602128780 1.016194462776184 20
1761602129189 1.013906478881836 21
1761602129593 1.0143260955810547 22
1761602130006 1.0132992267608643 23
1761602130417 1.0140163898468018 24
1761602130820 1.0145845413208008 25
1761602131225 1.0123273134231567 26
1761602131634 1.0130549669265747 27
1761602132040 1.0125008821487427 28
1761602132448 1.0146958827972412 29
1761602132862 1.0127038955688477 30
1761602133281 1.0134649276733398 31
1761602133663 1.0109676122665405 32
1761602134112 1.0107295513153076 33
1761602134527 1.0110951662063599 34
1761602134936 1.011033058166504 35
1761602135340 1.0104097127914429 36
1761602135736 1.0096378326416016 37
1761602136136 1.0078883171081543 38
1761602136568 1.0083072185516357 39
1761602136977 1.0091809034347534 40
1761602137386 1.006516456604004 41
1761602137804 1.0059211254119873 42
1761602138238 1.0063296556472778 43
1761602138698 1.006750464439392 44
1761602139152 1.0047218799591064 45
1761602139563 1.0058860778808594 46
1761602139966 1.00589120388031 47
1761602140368 1.0057212114334106 48
1761602140783 1.0042306184768677 49
1761602120451 1.04119074344635 0
