1761513408381 0.4907616078853607 0
1761513409360 0.5250112414360046 1
1761513410263 0.5430374145507812 2
1761513411160 0.5628661513328552 3
1761513412025 0.5772870779037476 4
1761513412913 0.5885534286499023 5
1761513413890 0.6029742956161499 6
1761513414831 0.6128886938095093 7
1761513415732 0.6191978454589844 8
1761513416596 0.6079314947128296 9
1761513417516 0.6322667598724365 10
1761513418441 0.6336187720298767 11
1761513419345 0.6466876864433289 12
1761513420245 0.6475890278816223 13
1761513421122 0.6692203879356384 14
1761513422045 0.6629112362861633 15
1761513423218 0.683641254901886 16
1761513424171 0.6701216697692871 17
1761513425078 0.6840919256210327 18
1761513425946 0.6931049823760986 19
1761513426808 0.7142857313156128 20
1761513427663 0.7052726745605469 21
1761513428518 0.7034700512886047 22
1761513429369 0.731410562992096 23
1761513430233 0.7480847239494324 24
1761513431087 0.7296079397201538 25
1761513431969 0.7278053164482117 26
1761513432836 0.7579991221427917 27
1761513433714 0.7494366765022278 28
1761513434575 0.7764759063720703 29
1761513435439 0.7737719416618347 30
1761513436311 0.7737719416618347 31
1761513437193 0.7841370105743408 32
1761513438157 0.7778278589248657 33
1761513439136 0.812077522277832 34
1761513440170 0.812077522277832 35
1761513441099 0.8035150766372681 36
1761513441960 0.7990085482597351 37
1761513442846 0.8201892971992493 38
1761513443738 0.8111761808395386 39
1761513444640 0.827399730682373 40
1761513445544 0.8201892971992493 41
1761513446443 0.8350608348846436 42
1761513447319 0.836412787437439 43
1761513448201 0.8467778563499451 44
1761513449161 0.84046870470047 45
1761513450086 0.8575935363769531 46
1761513450995 0.8467778563499451 47
1761513451923 0.8535376191139221 48
1761513452845 0.8675078749656677 49
1761513408381 0.4907616078853607 0
