1761513408381 0.9758405089378357 0
1761513409360 0.9418343305587769 1
1761513410263 0.9282087683677673 2
1761513411160 0.9152783155441284 3
1761513412025 0.9004978537559509 4
1761513412913 0.8793984651565552 5
1761513413890 0.864967942237854 6
1761513414831 0.8661012053489685 7
1761513415732 0.8479181528091431 8
1761513416596 0.8531336188316345 9
1761513417516 0.8357148766517639 10
1761513418441 0.8271366357803345 11
1761513419345 0.799045205116272 12
1761513420245 0.7986378073692322 13
1761513421122 0.7786265015602112 14
1761513422045 0.7762235403060913 15
1761513423218 0.7423842549324036 16
1761513424171 0.7563185095787048 17
1761513425078 0.7390984892845154 18
1761513425946 0.7264223098754883 19
1761513426808 0.7068040370941162 20
1761513427663 0.7016405463218689 21
1761513428518 0.6918599009513855 22
1761513429369 0.6641675233840942 23
1761513430233 0.6329401135444641 24
1761513431087 0.6471967101097107 25
1761513431969 0.6216744184494019 26
1761513432836 0.5982005596160889 27
1761513433714 0.5997686386108398 28
1761513434575 0.5629198551177979 29
1761513435439 0.5588052272796631 30
1761513436311 0.5499241948127747 31
1761513437193 0.533901035785675 32
1761513438157 0.5274698138237 33
1761513439136 0.48670703172683716 34
1761513440170 0.4770427942276001 35
1761513441099 0.4863245487213135 36
1761513441960 0.47943344712257385 37
1761513442846 0.46085819602012634 38
1761513443738 0.45749327540397644 39
1761513444640 0.41931450366973877 40
1761513445544 0.43144020438194275 41
1761513446443 0.4122730791568756 42
1761513447319 0.3933168947696686 43
1761513448201 0.3644351661205292 44
1761513449161 0.40499332547187805 45
1761513450086 0.34876748919487 46
1761513450995 0.3721923828125 47
1761513451923 0.3470931351184845 48
1761513452845 0.32342728972435 49
1761513408381 0.9758405089378357 0
