1761443356992 0.565570056438446 0
1761443358887 0.5682740211486816 1
1761443360560 0.5682740211486816 2
1761443362200 0.5682740211486816 3
1761443363835 0.5714285969734192 4
1761443365336 0.5723298788070679 5
1761443367012 0.5808922648429871 6
1761443368676 0.5917080044746399 7
1761443370289 0.5921586155891418 8
1761443371935 0.6038756370544434 9
1761443373586 0.6219017505645752 10
1761443375254 0.6340693831443787 11
1761443377857 0.6448850631713867 12
1761443379498 0.6489409804344177 13
1761443382124 0.6561514139175415 14
1761443383818 0.6714736223220825 15
1761443385495 0.6786841154098511 16
1761443387145 0.6917530298233032 17
1761443388817 0.7021180987358093 18
1761443390484 0.7133843898773193 19
1761443392120 0.7300586104393005 20
1761443393763 0.7169896364212036 21
1761443395272 0.7462821006774902 22
1761443396916 0.7458314299583435 23
1761443398520 0.7512392997741699 24
1761443400168 0.7525912523269653 25
1761443402796 0.7638576030731201 26
1761443404377 0.7778278589248657 27
1761443405975 0.7922487854957581 28
1761443407530 0.8008111715316772 29
1761443409148 0.8053176999092102 30
1761443410703 0.8075709939002991 31
1761443412215 0.812077522277832 32
1761443413783 0.8188372850418091 33
1761443415408 0.8053176999092102 34
1761443416994 0.8283010125160217 35
1761443418627 0.8350608348846436 36
1761443420182 0.8346101641654968 37
1761443421802 0.8355115056037903 38
1761443423413 0.8467778563499451 39
1761443424939 0.8476791381835938 40
1761443426523 0.8553402423858643 41
1761443428072 0.8499323725700378 42
1761443429714 0.8720144033432007 43
1761443431276 0.8792248964309692 44
1761443432862 0.8657052516937256 45
1761443434472 0.8648039698600769 46
1761443436198 0.8684092164039612 47
1761443437813 0.8837314248085022 48
1761443439431 0.8702117800712585 49
1761443356992 0.565570056438446 0
