1761443356992 0.9895897507667542 0
1761443358887 0.970953106880188 1
1761443360560 0.9610937237739563 2
1761443362200 0.9468509554862976 3
1761443363835 0.9383386969566345 4
1761443365336 0.9188106060028076 5
1761443367012 0.9077914953231812 6
1761443368676 0.8859336972236633 7
1761443370289 0.86551433801651 8
1761443371935 0.8504019975662231 9
1761443373586 0.825697124004364 10
1761443375254 0.815331220626831 11
1761443377857 0.8111374974250793 12
1761443379498 0.7773962616920471 13
1761443382124 0.7701770067214966 14
1761443383818 0.7382832169532776 15
1761443385495 0.7185363173484802 16
1761443387145 0.7113045454025269 17
1761443388817 0.6869984269142151 18
1761443390484 0.6779110431671143 19
1761443392120 0.6394896507263184 20
1761443393763 0.6302435398101807 21
1761443395272 0.6015928983688354 22
1761443396916 0.5948501229286194 23
1761443398520 0.5911380052566528 24
1761443400168 0.5678537487983704 25
1761443402796 0.5620256066322327 26
1761443404377 0.5179042220115662 27
1761443405975 0.4996872544288635 28
1761443407530 0.48634782433509827 29
1761443409148 0.4652540683746338 30
1761443410703 0.4706808030605316 31
1761443412215 0.45491549372673035 32
1761443413783 0.44036126136779785 33
1761443415408 0.4511685371398926 34
1761443416994 0.41694968938827515 35
1761443418627 0.40163862705230713 36
1761443420182 0.39937499165534973 37
1761443421802 0.39738065004348755 38
1761443423413 0.3551156222820282 39
1761443424939 0.36466631293296814 40
1761443426523 0.34181275963783264 41
1761443428072 0.36945614218711853 42
1761443429714 0.3114605247974396 43
1761443431276 0.30215954780578613 44
1761443432862 0.32660284638404846 45
1761443434472 0.3056655526161194 46
1761443436198 0.3025660216808319 47
1761443437813 0.275572270154953 48
1761443439431 0.29555293917655945 49
1761443356992 0.9895897507667542 0
