1761519207796 0.5642181038856506 0
1761519208032 0.5885534286499023 1
1761519208346 0.5971158146858215 2
1761519208602 0.5944119095802307 3
1761519208838 0.6196485161781311 4
1761519209099 0.6232537031173706 5
1761519209365 0.6182965040206909 6
1761519209606 0.63316810131073 7
1761519209843 0.6421811580657959 8
1761519210082 0.6520955562591553 9
1761519210322 0.6719242930412292 10
1761519210622 0.667868435382843 11
1761519210865 0.683190643787384 12
1761519211105 0.679134726524353 13
1761519211334 0.683190643787384 14
1761519211566 0.6881478428840637 15
1761519211786 0.7021180987358093 16
1761519212009 0.6967102289199829 17
1761519212234 0.7079765796661377 18
1761519212453 0.7084271907806396 19
1761519212672 0.7142857313156128 20
1761519212907 0.7142857313156128 21
1761519213131 0.7147363424301147 22
1761519213357 0.7363677620887756 23
1761519213587 0.7237494587898254 24
1761519213807 0.7363677620887756 25
1761519214029 0.737719714641571 26
1761519214259 0.7431275248527527 27
1761519214480 0.7498873472213745 28
1761519214700 0.7507886290550232 29
1761519214940 0.7291572690010071 30
1761519215166 0.7539432048797607 31
1761519215425 0.757548451423645 32
1761519215660 0.7584497332572937 33
1761519215872 0.7697160840034485 34
1761519216090 0.7656602263450623 35
1761519216309 0.7629562616348267 36
1761519216531 0.7638576030731201 37
1761519216747 0.7692654132843018 38
1761519216965 0.7706173658370972 39
1761519217184 0.7724199891090393 40
1761519217408 0.7719693779945374 41
1761519217639 0.7764759063720703 42
1761519217864 0.7863902449607849 43
1761519218082 0.781883716583252 44
1761519218304 0.78143310546875 45
1761519218523 0.7868409156799316 46
1761519218751 0.7886435389518738 47
1761519218964 0.7931500673294067 48
1761519219174 0.7999098896980286 49
1761519207796 0.5642181038856506 0
