1761519207796 0.8394080996513367 0
1761519208032 0.789250373840332 1
1761519208346 0.7774268984794617 2
1761519208602 0.7692722082138062 3
1761519208838 0.7596829533576965 4
1761519209099 0.7555757761001587 5
1761519209365 0.7473657727241516 6
1761519209606 0.7369461059570312 7
1761519209843 0.7311028838157654 8
1761519210082 0.7204920649528503 9
1761519210322 0.7177828550338745 10
1761519210622 0.710074245929718 11
1761519210865 0.6993736028671265 12
1761519211105 0.691596269607544 13
1761519211334 0.6905754804611206 14
1761519211566 0.68142169713974 15
1761519211786 0.6745324730873108 16
1761519212009 0.6706019043922424 17
1761519212234 0.6578636765480042 18
1761519212453 0.6579463481903076 19
1761519212672 0.6446003317832947 20
1761519212907 0.6479541063308716 21
1761519213131 0.6335166096687317 22
1761519213357 0.6249481439590454 23
1761519213587 0.6280412673950195 24
1761519213807 0.6189972758293152 25
1761519214029 0.6170147061347961 26
1761519214259 0.6066688895225525 27
1761519214480 0.6002335548400879 28
1761519214700 0.5909074544906616 29
1761519214940 0.6092531681060791 30
1761519215166 0.5810869336128235 31
1761519215425 0.5763769745826721 32
1761519215660 0.5746132135391235 33
1761519215872 0.5668861269950867 34
1761519216090 0.5629460215568542 35
1761519216309 0.5628149509429932 36
1761519216531 0.5609920620918274 37
1761519216747 0.5552071928977966 38
1761519216965 0.5528180003166199 39
1761519217184 0.5527251362800598 40
1761519217408 0.5449932217597961 41
1761519217639 0.5384983420372009 42
1761519217864 0.5284709930419922 43
1761519218082 0.530587375164032 44
1761519218304 0.5283222198486328 45
1761519218523 0.5243224501609802 46
1761519218751 0.5225854516029358 47
1761519218964 0.5129621624946594 48
1761519219174 0.5063375234603882 49
1761519207796 0.8394080996513367 0
