1761515725370 0.8869012594223022 0
1761515726333 0.8522356748580933 1
1761515727221 0.8346611261367798 2
1761515728112 0.8278355002403259 3
1761515729002 0.8080629706382751 4
1761515729910 0.8071954846382141 5
1761515730805 0.7894055843353271 6
1761515731721 0.7939700484275818 7
1761515732614 0.7775865197181702 8
1761515733506 0.770036518573761 9
1761515734412 0.7496426701545715 10
1761515735307 0.7492995858192444 11
1761515736273 0.7501163482666016 12
1761515737224 0.7189124226570129 13
1761515738151 0.7161760330200195 14
1761515739084 0.6902850270271301 15
1761515740019 0.6870417594909668 16
1761515740956 0.6853587627410889 17
1761515741873 0.6620504856109619 18
1761515742766 0.6427328586578369 19
1761515743667 0.6583234071731567 20
1761515744555 0.6122804284095764 21
1761515745438 0.6211206912994385 22
1761515746347 0.5950342416763306 23
1761515747228 0.5833519697189331 24
1761515748098 0.5773018598556519 25
1761515748990 0.5450648069381714 26
1761515749940 0.5533493161201477 27
1761515750863 0.5370309352874756 28
1761515751716 0.5178887844085693 29
1761515752585 0.5248461961746216 30
1761515753446 0.486034631729126 31
1761515754307 0.4793812334537506 32
1761515755172 0.45859745144844055 33
1761515756024 0.44210729002952576 34
1761515757016 0.4289892911911011 35
1761515758022 0.4464864730834961 36
1761515759006 0.4285787045955658 37
1761515759924 0.38862964510917664 38
1761515760814 0.39785051345825195 39
1761515761787 0.3789796233177185 40
1761515762926 0.35769832134246826 41
1761515763923 0.34498557448387146 42
1761515764856 0.34920480847358704 43
1761515766070 0.3571634888648987 44
1761515767102 0.31903275847435 45
1761515768196 0.31219416856765747 46
1761515769532 0.30572906136512756 47
1761515771075 0.29214534163475037 48
1761515772140 0.289524644613266 49
1761515725370 0.8869012594223022 0
