1761604773183 0.39945897459983826 0
1761604773583 0.43327322602272034 1
1761604773967 0.4643823206424713 2
1761604774343 0.5036068558692932 3
1761604774707 0.531109094619751 4
1761604775085 0.5383228063583374 5
1761604775460 0.5541027784347534 6
1761604775821 0.5595130920410156 7
1761604776194 0.5770964622497559 8
1761604776590 0.5870153307914734 9
1761604776976 0.6059513092041016 10
1761604777351 0.6199278831481934 11
1761604777744 0.611361563205719 12
1761604778107 0.6379621028900146 13
1761604778478 0.6370604038238525 14
1761604778852 0.6478809714317322 15
1761604779240 0.6573489904403687 16
1761604779625 0.6686204075813293 17
1761604780037 0.6663661003112793 18
1761604780432 0.6789900660514832 19
1761604780789 0.6844003796577454 20
1761604781164 0.7015329003334045 21
1761604781519 0.6979260444641113 22
1761604781886 0.6974751949310303 23
1761604782260 0.708746612071991 24
1761604782627 0.7182146310806274 25
1761604782983 0.7141569256782532 26
1761604783354 0.7339946031570435 27
1761604783742 0.7344454526901245 28
1761604784133 0.7502254247665405 29
1761604784509 0.7515779733657837 30
1761604784896 0.7439134120941162 31
1761604785281 0.7601442933082581 32
1761604785674 0.7583408355712891 33
1761604786050 0.7664562463760376 34
1761604786434 0.7718665599822998 35
1761604786826 0.773669958114624 36
1761604787203 0.7817853689193726 37
1761604787585 0.790802538394928 38
1761604787963 0.7962127923965454 39
1761604788352 0.7813345193862915 40
1761604788721 0.7871956825256348 41
1761604789096 0.7998196482658386 42
1761604789468 0.806582510471344 43
1761604789850 0.7980162501335144 44
1761604790243 0.8124436140060425 45
1761604790608 0.7935076355934143 46
1761604790987 0.8214607834815979 47
1761604791388 0.8174030780792236 48
1761604791761 0.8192064762115479 49
1761604773183 0.39945897459983826 0
