1761604773183 1.0831208229064941 0
1761604773583 1.0621267557144165 1
1761604773967 1.0391489267349243 2
1761604774343 1.0091203451156616 3
1761604774707 0.9762992262840271 4
1761604775085 0.9520971179008484 5
1761604775460 0.9352624416351318 6
1761604775821 0.915860116481781 7
1761604776194 0.8989219665527344 8
1761604776590 0.8755690455436707 9
1761604776976 0.8593853712081909 10
1761604777351 0.8444264531135559 11
1761604777744 0.8342669010162354 12
1761604778107 0.8044633269309998 13
1761604778478 0.8040570020675659 14
1761604778852 0.7803156971931458 15
1761604779240 0.7695135474205017 16
1761604779625 0.7511213421821594 17
1761604780037 0.7539591193199158 18
1761604780432 0.71845543384552 19
1761604780789 0.718841552734375 20
1761604781164 0.6991181373596191 21
1761604781519 0.686446487903595 22
1761604781886 0.6717410683631897 23
1761604782260 0.6639043092727661 24
1761604782627 0.6652503609657288 25
1761604782983 0.6479809284210205 26
1761604783354 0.6193230748176575 27
1761604783742 0.6202117800712585 28
1761604784133 0.5936216115951538 29
1761604784509 0.5893670916557312 30
1761604784896 0.590192437171936 31
1761604785281 0.5721874833106995 32
1761604785674 0.5662457942962646 33
1761604786050 0.5550137758255005 34
1761604786434 0.5513097047805786 35
1761604786826 0.5347369313240051 36
1761604787203 0.5233060717582703 37
1761604787585 0.5089048147201538 38
1761604787963 0.506193220615387 39
1761604788352 0.5127496719360352 40
1761604788721 0.4931778311729431 41
1761604789096 0.474211186170578 42
1761604789468 0.4619639813899994 43
1761604789850 0.48494425415992737 44
1761604790243 0.4543129503726959 45
1761604790608 0.4925614297389984 46
1761604790987 0.44693228602409363 47
1761604791388 0.4415687322616577 48
1761604791761 0.42740076780319214 49
1761604773183 1.0831208229064941 0
