1761445154708 1.1045517921447754 0
1761445156294 1.0917526483535767 1
1761445157942 1.0980491638183594 2
1761445159812 1.0933704376220703 3
1761445161375 1.0938477516174316 4
1761445163127 1.0904617309570312 5
1761445164526 1.0881739854812622 6
1761445166020 1.0895518064498901 7
1761445167288 1.0945333242416382 8
1761445168578 1.0913758277893066 9
1761445169939 1.083616852760315 10
1761445171406 1.0861544609069824 11
1761445172762 1.0841792821884155 12
1761445174129 1.0827357769012451 13
1761445175537 1.0799750089645386 14
1761445176904 1.0778905153274536 15
1761445178189 1.0767107009887695 16
1761445179452 1.0754762887954712 17
1761445180709 1.0755354166030884 18
1761445181943 1.0759683847427368 19
1761445183322 1.0712682008743286 20
1761445184609 1.0715444087982178 21
1761445185982 1.0687605142593384 22
1761445187357 1.0672762393951416 23
1761445188854 1.0657163858413696 24
1761445190136 1.0676313638687134 25
1761445191547 1.061198115348816 26
1761445192826 1.0602240562438965 27
1761445194194 1.0598114728927612 28
1761445195554 1.0537645816802979 29
1761445196953 1.0529487133026123 30
1761445198333 1.0498465299606323 31
1761445199723 1.0476853847503662 32
1761445201107 1.0463004112243652 33
1761445202434 1.0450596809387207 34
1761445203828 1.0377657413482666 35
1761445206675 1.037114143371582 36
1761445208039 1.0369958877563477 37
1761445209321 1.0350381135940552 38
1761445210714 1.027206540107727 39
1761445212102 1.028726577758789 40
1761445213513 1.0250744819641113 41
1761445214845 1.021987795829773 42
1761445216204 1.0229263305664062 43
1761445217642 1.0146960020065308 44
1761445219138 1.0176142454147339 45
1761445220432 1.009807825088501 46
1761445221749 1.008409857749939 47
1761445223121 1.0058197975158691 48
1761445224398 1.0030628442764282 49
1761445154708 1.1045517921447754 0
