1761610200181 0.4661857485771179 0
1761610200416 0.4954914450645447 1
1761610200630 0.5247971415519714 2
1761610200851 0.5261496901512146 3
1761610201067 0.5459873676300049 4
1761610201287 0.5365194082260132 5
1761610201498 0.5360685586929321 6
1761610201710 0.5504959225654602 7
1761610201928 0.5532010793685913 8
1761610202143 0.5631199479103088 9
1761610202359 0.5707845091819763 10
1761610202576 0.5703336596488953 11
1761610202793 0.5734896063804626 12
1761610203006 0.5811541676521301 13
1761610203218 0.5888187289237976 14
1761610203481 0.5861136317253113 15
1761610203710 0.5991884469985962 16
1761610203923 0.6018936038017273 17
1761610204139 0.6091073155403137 18
1761610204358 0.6176735758781433 19
1761610204574 0.6027953028678894 20
1761610204796 0.6077547073364258 21
1761610205014 0.6302975416183472 22
1761610205227 0.628944993019104 23
1761610205445 0.6190261244773865 24
1761610205655 0.644274115562439 25
1761610205866 0.6316501498222351 26
1761610206081 0.6492335200309753 27
1761610206292 0.6483318209648132 28
1761610206506 0.6541929841041565 29
1761610206717 0.6384130120277405 30
1761610206932 0.6550946831703186 31
1761610207148 0.6577998399734497 32
1761610207364 0.6645626425743103 33
1761610207576 0.6641117930412292 34
1761610207787 0.6555455327033997 35
1761610208000 0.6668169498443604 36
1761610208214 0.6762849688529968 37
1761610208435 0.6749323606491089 38
1761610208648 0.6803426742553711 39
1761610208863 0.6821460723876953 40
1761610209075 0.6871054768562317 41
1761610209293 0.6834986209869385 42
1761610209507 0.6825969219207764 43
1761610209737 0.6902614831924438 44
1761610209949 0.6907123327255249 45
1761610210166 0.6961226463317871 46
1761610210381 0.6974751949310303 47
1761610210591 0.6853020787239075 48
1761610210814 0.6871054768562317 49
1761610200181 0.4661857485771179 0
