1761610200181 1.0186214447021484 0
1761610200416 0.9932582974433899 1
1761610200630 0.9828711748123169 2
1761610200851 0.9765327572822571 3
1761610201067 0.9670432209968567 4
1761610201287 0.9635130763053894 5
1761610201498 0.9561068415641785 6
1761610201710 0.951808750629425 7
1761610201928 0.9455884695053101 8
1761610202143 0.9411879777908325 9
1761610202359 0.9305770993232727 10
1761610202576 0.9305993318557739 11
1761610202793 0.9236152172088623 12
1761610203006 0.9124342799186707 13
1761610203218 0.9097918272018433 14
1761610203481 0.9007856249809265 15
1761610203710 0.8933326601982117 16
1761610203923 0.8886600136756897 17
1761610204139 0.8817185759544373 18
1761610204358 0.8698058724403381 19
1761610204574 0.8738449811935425 20
1761610204796 0.8650316596031189 21
1761610205014 0.8495173454284668 22
1761610205227 0.8467504382133484 23
1761610205445 0.84478759765625 24
1761610205655 0.8288629651069641 25
1761610205866 0.8348305225372314 26
1761610206081 0.8226523399353027 27
1761610206292 0.8142006993293762 28
1761610206506 0.804200291633606 29
1761610206717 0.8050426840782166 30
1761610206932 0.7955816984176636 31
1761610207148 0.7905081510543823 32
1761610207364 0.7781113982200623 33
1761610207576 0.7765958905220032 34
1761610207787 0.7835907936096191 35
1761610208000 0.7701544165611267 36
1761610208214 0.7669294476509094 37
1761610208435 0.7519685626029968 38
1761610208648 0.7528043985366821 39
1761610208863 0.7527936100959778 40
1761610209075 0.7411877512931824 41
1761610209293 0.7386451959609985 42
1761610209507 0.7363083958625793 43
1761610209737 0.7282906770706177 44
1761610209949 0.7275872826576233 45
1761610210166 0.7244020700454712 46
1761610210381 0.7156112194061279 47
1761610210591 0.7342208623886108 48
1761610210814 0.7145870327949524 49
1761610200181 1.0186214447021484 0
