1761464189281 0.4484001696109772 0
1761464190262 0.465074360370636 1
1761464191243 0.4880576729774475 2
1761464192223 0.48850834369659424 3
1761464193171 0.5191527605056763 4
1761464194143 0.51509690284729 5
1761464195079 0.5299684405326843 6
1761464196047 0.5290671586990356 7
1761464197007 0.5326723456382751 8
1761464197958 0.5479946136474609 9
1761464198883 0.554303765296936 10
1761464199836 0.570076584815979 11
1761464200809 0.5678233504295349 12
1761464201754 0.5628661513328552 13
1761464202685 0.5853988528251648 14
1761464203634 0.5917080044746399 15
1761464204580 0.589454710483551 16
1761464205577 0.604776918888092 17
1761464206546 0.5989184379577637 18
1761464207619 0.6110860705375671 19
1761464208571 0.6228030920028687 20
1761464209606 0.6363226771354675 21
1761464210712 0.6435331106185913 22
1761464211668 0.6511942148208618 23
1761464212618 0.6611086130142212 24
1761464213591 0.6651644706726074 25
1761464214618 0.6759801506996155 26
1761464215636 0.6971608996391296 27
1761464216697 0.6949076056480408 28
1761464217675 0.6971608996391296 29
1761464218622 0.718341588973999 30
1761464219581 0.7120324373245239 31
1761464220562 0.7363677620887756 32
1761464221744 0.742226243019104 33
1761464222700 0.7372690439224243 34
1761464223657 0.7570977807044983 35
1761464224626 0.7570977807044983 36
1761464225601 0.7629562616348267 37
1761464226799 0.7733213305473328 38
1761464227818 0.7661108374595642 39
1761464228840 0.7963046431541443 40
1761464229787 0.7899954915046692 41
1761464230727 0.7899954915046692 42
1761464231675 0.8066696524620056 43
1761464232786 0.7958539724349976 44
1761464233836 0.8192879557609558 45
1761464234800 0.8125281929969788 46
1761464235730 0.8418206572532654 47
1761464236685 0.8373141288757324 48
1761464237737 0.8355115056037903 49
1761464189281 0.4484001696109772 0
