1761464189281 0.9588561058044434 0
1761464190262 0.9517041444778442 1
1761464191243 0.9472283124923706 2
1761464192223 0.9382842183113098 3
1761464193171 0.9337866306304932 4
1761464194143 0.9285032153129578 5
1761464195079 0.9274281859397888 6
1761464196047 0.9196727871894836 7
1761464197007 0.9149081707000732 8
1761464197958 0.9082149267196655 9
1761464198883 0.9000322818756104 10
1761464199836 0.8939781785011292 11
1761464200809 0.8845682144165039 12
1761464201754 0.885042130947113 13
1761464202685 0.8662412762641907 14
1761464203634 0.8649448156356812 15
1761464204580 0.8640375733375549 16
1761464205577 0.8452369570732117 17
1761464206546 0.8388358950614929 18
1761464207619 0.8236618041992188 19
1761464208571 0.8093289732933044 20
1761464209606 0.7924914956092834 21
1761464210712 0.7759044766426086 22
1761464211668 0.7722694277763367 23
1761464212618 0.7507541179656982 24
1761464213591 0.7466591596603394 25
1761464214618 0.7238828539848328 26
1761464215636 0.7077488303184509 27
1761464216697 0.6937447786331177 28
1761464217675 0.6731996536254883 29
1761464218622 0.653052031993866 30
1761464219581 0.6544528603553772 31
1761464220562 0.6251299381256104 32
1761464221744 0.6070637106895447 33
1761464222700 0.6235940456390381 34
1761464223657 0.5756023526191711 35
1761464224626 0.5582624077796936 36
1761464225601 0.5487457513809204 37
1761464226799 0.5371310710906982 38
1761464227818 0.5498005151748657 39
1761464228840 0.49202850461006165 40
1761464229787 0.5007292032241821 41
1761464230727 0.4957750737667084 42
1761464231675 0.4555606245994568 43
1761464232786 0.4699646532535553 44
1761464233836 0.41804239153862 45
1761464234800 0.43551671504974365 46
1761464235730 0.39352089166641235 47
1761464236685 0.3849218189716339 48
1761464237737 0.3885997235774994 49
1761464189281 0.9588561058044434 0
