1761495749543 0.4371338486671448 0
1761495751250 0.4587652087211609 1
1761495752769 0.4637224078178406 2
1761495753933 0.465074360370636 3
1761495755325 0.47589004039764404 4
1761495756541 0.4763406813144684 5
1761495758110 0.47994592785835266 6
1761495759405 0.4930148720741272 7
1761495760590 0.4966200888156891 8
1761495761766 0.5132942795753479 9
1761495763045 0.5340243577957153 10
1761495764500 0.5506985187530518 11
1761495765847 0.5615141987800598 12
1761495767191 0.5615141987800598 13
1761495768594 0.5777377486228943 14
1761495770402 0.5890040397644043 15
1761495771860 0.6043262481689453 16
1761495773221 0.6083821654319763 17
1761495774713 0.6300135254859924 18
1761495776169 0.6295628547668457 19
1761495777618 0.648490309715271 20
1761495779022 0.6493915915489197 21
1761495780538 0.6552501320838928 22
1761495781987 0.6647138595581055 23
1761495783530 0.6809373497962952 24
1761495784812 0.6858945488929749 25
1761495786361 0.6800360679626465 26
1761495787667 0.7115817666053772 27
1761495788838 0.7156376838684082 28
1761495790293 0.7151870131492615 29
1761495791452 0.7449301481246948 30
1761495792717 0.742676854133606 31
1761495795044 0.7417755722999573 32
1761495796643 0.7521405816078186 33
1761495797987 0.7557458281517029 34
1761495799543 0.7611536979675293 35
1761495800879 0.7525912523269653 36
1761495802212 0.7782785296440125 37
1761495803459 0.7769265174865723 38
1761495805084 0.8003605008125305 39
1761495806566 0.7908967733383179 40
1761495808255 0.8053176999092102 41
1761495809583 0.7994592189788818 42
1761495811398 0.8066696524620056 43
1761495813253 0.8116268515586853 44
1761495814537 0.812077522277832 45
1761495815689 0.8305543065071106 46
1761495816966 0.8233438730239868 47
1761495818080 0.8314555883407593 48
1761495819174 0.8382154107093811 49
1761495749543 0.4371338486671448 0
