1761495749543 1.0690841674804688 0
1761495751250 1.0599583387374878 1
1761495752769 1.0513018369674683 2
1761495753933 1.0468765497207642 3
1761495755325 1.0386637449264526 4
1761495756541 1.02859628200531 5
1761495758110 1.0228408575057983 6
1761495759405 1.0092238187789917 7
1761495760590 0.9965371489524841 8
1761495761766 0.979017436504364 9
1761495763045 0.9562134742736816 10
1761495764500 0.9326422810554504 11
1761495765847 0.9132784008979797 12
1761495767191 0.8995243906974792 13
1761495768594 0.8749556541442871 14
1761495770402 0.8565151691436768 15
1761495771860 0.8276243805885315 16
1761495773221 0.8263307213783264 17
1761495774713 0.79079669713974 18
1761495776169 0.7880508303642273 19
1761495777618 0.7642844915390015 20
1761495779022 0.7498096823692322 21
1761495780538 0.7242062091827393 22
1761495781987 0.7094051241874695 23
1761495783530 0.6946887373924255 24
1761495784812 0.672512948513031 25
1761495786361 0.6674667596817017 26
1761495787667 0.6458039879798889 27
1761495788838 0.6274074912071228 28
1761495790293 0.6208866834640503 29
1761495791452 0.578784704208374 30
1761495792717 0.5763293504714966 31
1761495795044 0.5770488381385803 32
1761495796643 0.549362063407898 33
1761495797987 0.5409905314445496 34
1761495799543 0.5388278961181641 35
1761495800879 0.5575394034385681 36
1761495802212 0.5017176270484924 37
1761495803459 0.4960012137889862 38
1761495805084 0.46618470549583435 39
1761495806566 0.4747173488140106 40
1761495808255 0.45940065383911133 41
1761495809583 0.4458260238170624 42
1761495811398 0.4334273338317871 43
1761495813253 0.4233892261981964 44
1761495814537 0.4183911681175232 45
1761495815689 0.3956024646759033 46
1761495816966 0.4040323495864868 47
1761495818080 0.39830300211906433 48
1761495819174 0.36823150515556335 49
1761495749543 1.0690841674804688 0
