1761516264623 0.4515547454357147 0
1761516265592 0.4538080096244812 1
1761516266539 0.4565119445323944 2
1761516267482 0.47363677620887756 3
1761516268891 0.4930148720741272 4
1761516269961 0.5060838460922241 5
1761516270860 0.5358269214630127 6
1761516271829 0.5466426610946655 7
1761516273028 0.5664713978767395 8
1761516274131 0.5804416537284851 9
1761516275039 0.5912573337554932 10
1761516275969 0.608832836151123 11
1761516276922 0.6394772529602051 12
1761516277834 0.6457864046096802 13
1761516278747 0.6561514139175415 14
1761516279661 0.672374963760376 15
1761516280567 0.6931049823760986 16
1761516281491 0.6917530298233032 17
1761516282373 0.6890491247177124 18
1761516283295 0.7214961647987366 19
1761516284214 0.73366379737854 20
1761516285142 0.7350157499313354 21
1761516286054 0.7417755722999573 22
1761516287061 0.7462821006774902 23
1761516288001 0.7778278589248657 24
1761516289008 0.7552951574325562 25
1761516289904 0.7746732831001282 26
1761516290780 0.7791798114776611 27
1761516291687 0.7917981147766113 28
1761516292670 0.8044164180755615 29
1761516293635 0.801261842250824 30
1761516294662 0.7963046431541443 31
1761516295605 0.8152320981025696 32
1761516296572 0.8278504014015198 33
1761516297496 0.8242451548576355 34
1761516298410 0.8323569297790527 35
1761516299304 0.8233438730239868 36
1761516300210 0.8454258441925049 37
1761516301159 0.8458765149116516 38
1761516302153 0.8386660814285278 39
1761516303107 0.8526363372802734 40
1761516304070 0.8657052516937256 41
1761516305002 0.8490310907363892 42
1761516305948 0.8639026880264282 43
1761516306869 0.8715637922286987 44
1761516307855 0.8792248964309692 45
1761516308796 0.8886886239051819 46
1761516309688 0.8841820359230042 47
1761516310606 0.890941858291626 48
1761516311516 0.8846327066421509 49
1761516264623 0.4515547454357147 0
