1761495676225 0.4299233853816986 0
1761495678027 0.4339792728424072 1
1761495679346 0.4308246970176697 2
1761495680783 0.44073906540870667 3
1761495681459 0.4069400727748871 4
1761495682379 0.4411897361278534 5
1761495683743 0.43668317794799805 6
1761495684938 0.4411897361278534 7
1761495686165 0.44434431195259094 8
1761495687050 0.4195583462715149 9
1761495688441 0.44073906540870667 10
1761495689658 0.44164037704467773 11
1761495690876 0.44299232959747314 12
1761495692059 0.44434431195259094 13
1761495693363 0.4411897361278534 14
1761495694390 0.4447949528694153 15
1761495695560 0.4538080096244812 16
1761495696725 0.4484001696109772 17
1761495698085 0.4434430003166199 18
1761495699400 0.44975215196609497 19
1761495700135 0.44569626450538635 20
1761495701269 0.4511041045188904 21
1761495702548 0.44299232959747314 22
1761495703721 0.4511041045188904 23
1761495705107 0.4384858012199402 24
1761495705905 0.4398377537727356 25
1761495706507 0.45470932126045227 26
1761495707262 0.4502027928829193 27
1761495707958 0.4511041045188904 28
1761495709295 0.4420910179615021 29
1761495710474 0.4488508403301239 30
1761495711567 0.45200541615486145 31
1761495712180 0.44434431195259094 32
1761495713318 0.44975215196609497 33
1761495714174 0.45561063289642334 34
1761495715104 0.4637224078178406 35
1761495716322 0.45065343379974365 36
1761495717543 0.45831456780433655 37
1761495718269 0.45966652035713196 38
1761495719491 0.4484001696109772 39
1761495720614 0.460567831993103 40
1761495721505 0.44975215196609497 41
1761495722558 0.46327173709869385 42
1761495723635 0.46327173709869385 43
1761495724997 0.45921584963798523 44
1761495726260 0.45966652035713196 45
1761495727534 0.46191978454589844 46
1761495728887 0.45696258544921875 47
1761495730094 0.4691302478313446 48
1761495730859 0.4668769836425781 49
1761495676225 0.4299233853816986 0
