1761495676225 1.0767277479171753 0
1761495678027 1.0833250284194946 1
1761495679346 1.0765504837036133 2
1761495680783 1.0733592510223389 3
1761495681459 1.0828887224197388 4
1761495682379 1.0745023488998413 5
1761495683743 1.0747323036193848 6
1761495684938 1.073456048965454 7
1761495686165 1.0733356475830078 8
1761495687050 1.0822943449020386 9
1761495688441 1.0730592012405396 10
1761495689658 1.072055697441101 11
1761495690876 1.0680266618728638 12
1761495692059 1.0655560493469238 13
1761495693363 1.0632745027542114 14
1761495694390 1.0650455951690674 15
1761495695560 1.0613235235214233 16
1761495696725 1.0610309839248657 17
1761495698085 1.0605547428131104 18
1761495699400 1.060441493988037 19
1761495700135 1.0629829168319702 20
1761495701269 1.0636123418807983 21
1761495702548 1.0609959363937378 22
1761495703721 1.0577224493026733 23
1761495705107 1.0594110488891602 24
1761495705905 1.0622738599777222 25
1761495706507 1.0601609945297241 26
1761495707262 1.0554237365722656 27
1761495707958 1.059072732925415 28
1761495709295 1.0567735433578491 29
1761495710474 1.0557509660720825 30
1761495711567 1.056908369064331 31
1761495712180 1.056563377380371 32
1761495713318 1.057857871055603 33
1761495714174 1.0572123527526855 34
1761495715104 1.055790662765503 35
1761495716322 1.057788610458374 36
1761495717543 1.054938554763794 37
1761495718269 1.0534627437591553 38
1761495719491 1.056773066520691 39
1761495720614 1.053483247756958 40
1761495721505 1.0556700229644775 41
1761495722558 1.0520771741867065 42
1761495723635 1.0544354915618896 43
1761495724997 1.0524183511734009 44
1761495726260 1.0524513721466064 45
1761495727534 1.0521796941757202 46
1761495728887 1.0512974262237549 47
1761495730094 1.0509873628616333 48
1761495730859 1.0497535467147827 49
1761495676225 1.0767277479171753 0
