1761606120079 0.4152389466762543 0
1761606120426 0.4319206476211548 1
1761606120713 0.43958520889282227 2
1761606121033 0.44364291429519653 3
1761606121343 0.4409377872943878 4
1761606121627 0.451307475566864 5
1761606121919 0.4634806215763092 6
1761606122205 0.45266005396842957 7
1761606122491 0.46212804317474365 8
1761606122778 0.4693417549133301 9
1761606123073 0.4522092044353485 10
1761606123364 0.4851217269897461 11
1761606123648 0.47159603238105774 12
1761606123936 0.4927862882614136 13
1761606124222 0.4963931441307068 14
1761606124511 0.49188458919525146 15
1761606124799 0.5126239657402039 16
1761606125084 0.5049594044685364 17
1761606125366 0.5202885270118713 18
1761606125688 0.5266005396842957 19
1761606125972 0.531559944152832 20
1761606126259 0.5216411352157593 21
1761606126545 0.5360685586929321 22
1761606126830 0.5613164901733398 23
1761606127119 0.5387736558914185 24
1761606127407 0.5559062361717224 25
1761606127695 0.5694319009780884 26
1761606127982 0.5775473117828369 27
1761606128264 0.5734896063804626 28
1761606128547 0.5703336596488953 29
1761606128823 0.5910730361938477 30
1761606129109 0.5883678793907166 31
1761606129412 0.5915238857269287 32
1761606129718 0.6041478514671326 33
1761606130022 0.6100090146064758 34
1761606130315 0.6163210272789001 35
1761606130596 0.6050496101379395 36
1761606130881 0.6176735758781433 37
1761606131169 0.6199278831481934 38
1761606131453 0.6271415948867798 39
1761606131739 0.6194770336151123 40
1761606132024 0.6325518488883972 41
1761606132309 0.6501352787017822 42
1761606132597 0.6501352787017822 43
1761606132879 0.646528422832489 44
1761606133167 0.6505861282348633 45
1761606133455 0.6546438336372375 46
1761606133740 0.6677186489105225 47
1761606134025 0.6731289625167847 48
1761606134313 0.6803426742553711 49
1761606120079 0.4152389466762543 0
