1761606120079 1.1084164381027222 0
1761606120426 1.0705435276031494 1
1761606120713 1.0711634159088135 2
1761606121033 1.0546220541000366 3
1761606121343 1.051743745803833 4
1761606121627 1.0536236763000488 5
1761606121919 1.0448063611984253 6
1761606122205 1.0452481508255005 7
1761606122491 1.0396835803985596 8
1761606122778 1.0381696224212646 9
1761606123073 1.0370339155197144 10
1761606123364 1.023232102394104 11
1761606123648 1.0224288702011108 12
1761606123936 1.0112985372543335 13
1761606124222 0.9951919317245483 14
1761606124511 0.9975943565368652 15
1761606124799 0.9863061308860779 16
1761606125084 0.9893357157707214 17
1761606125366 0.9759654402732849 18
1761606125688 0.9726787209510803 19
1761606125972 0.9611638188362122 20
1761606126259 0.9695035815238953 21
1761606126545 0.9536417722702026 22
1761606126830 0.9257680177688599 23
1761606127119 0.9403112530708313 24
1761606127407 0.9439416527748108 25
1761606127695 0.9159966707229614 26
1761606127982 0.9074809551239014 27
1761606128264 0.9057965278625488 28
1761606128547 0.9141262769699097 29
1761606128823 0.8844490051269531 30
1761606129109 0.8959461450576782 31
1761606129412 0.8806064128875732 32
1761606129718 0.8609247803688049 33
1761606130022 0.8607498407363892 34
1761606130315 0.8480305671691895 35
1761606130596 0.8562797904014587 36
1761606130881 0.8372320532798767 37
1761606131169 0.8369106650352478 38
1761606131453 0.8129978775978088 39
1761606131739 0.8322297930717468 40
1761606132024 0.8100364804267883 41
1761606132309 0.7897214293479919 42
1761606132597 0.7828768491744995 43
1761606132879 0.788038432598114 44
1761606133167 0.7827081084251404 45
1761606133455 0.7652536630630493 46
1761606133740 0.7610770463943481 47
1761606134025 0.7449062466621399 48
1761606134313 0.7324156165122986 49
1761606120079 1.1084164381027222 0
