1761521953948 0.5317710638046265 0
1761521955257 0.5362775921821594 1
1761521956568 0.5506985187530518 2
1761521957868 0.5290671586990356 3
1761521958568 0.5448400378227234 4
1761521959796 0.5529517531394958 5
1761521960949 0.5529517531394958 6
1761521962263 0.5529517531394958 7
1761521963320 0.5529517531394958 8
1761521964628 0.5529517531394958 9
1761521965914 0.5529517531394958 10
1761521966899 0.5529517531394958 11
1761521968194 0.5529517531394958 12
1761521969535 0.5529517531394958 13
1761521970752 0.5529517531394958 14
1761521971480 0.5529517531394958 15
1761521972305 0.5529517531394958 16
1761521973405 0.5529517531394958 17
1761521974645 0.5529517531394958 18
1761521975993 0.5493465662002563 19
1761521977313 0.5534024238586426 20
1761521978573 0.5493465662002563 21
1761521979720 0.559260904788971 22
1761521981107 0.5525011420249939 23
1761521982389 0.5506985187530518 24
1761521983553 0.558810293674469 25
1761521984909 0.5525011420249939 26
1761521986093 0.5597115755081177 27
1761521987172 0.5610635280609131 28
1761521988379 0.5556557178497314 29
1761521989565 0.559260904788971 30
1761521990582 0.5525011420249939 31
1761521991540 0.5615141987800598 32
1761521992891 0.5669220089912415 33
1761521994081 0.5579089522361755 34
1761521995451 0.5664713978767395 35
1761521996789 0.5660207271575928 36
1761521997917 0.5624154806137085 37
1761521999104 0.5763857364654541 38
1761522000238 0.5691753029823303 39
1761522001172 0.563316822052002 40
1761522002466 0.569625973701477 41
1761522003819 0.5709779262542725 42
1761522005103 0.5732311606407166 43
1761522006327 0.5772870779037476 44
1761522007694 0.5664713978767395 45
1761522008990 0.5669220089912415 46
1761522010275 0.5718792080879211 47
1761522011540 0.5772870779037476 48
1761522012802 0.5709779262542725 49
1761521953948 0.5317710638046265 0
