1761521953948 0.88726806640625 0
1761521955257 0.8690345287322998 1
1761521956568 0.862184464931488 2
1761521957868 0.8636316657066345 3
1761521958568 0.8641166090965271 4
1761521959796 0.8624758124351501 5
1761521960949 0.859959065914154 6
1761521962263 0.8587604761123657 7
1761521963320 0.8591019511222839 8
1761521964628 0.8598368763923645 9
1761521965914 0.859047532081604 10
1761521966899 0.8604612946510315 11
1761521968194 0.8625273108482361 12
1761521969535 0.8592648506164551 13
1761521970752 0.8595292568206787 14
1761521971480 0.8584807515144348 15
1761521972305 0.8569287657737732 16
1761521973405 0.8563392758369446 17
1761521974645 0.8567439317703247 18
1761521975993 0.8569011092185974 19
1761521977313 0.8543761968612671 20
1761521978573 0.8539458513259888 21
1761521979720 0.8527636528015137 22
1761521981107 0.8530310988426208 23
1761521982389 0.8517119884490967 24
1761521983553 0.8520175218582153 25
1761521984909 0.8526710867881775 26
1761521986093 0.8505999445915222 27
1761521987172 0.849828839302063 28
1761521988379 0.8496080040931702 29
1761521989565 0.8498459458351135 30
1761521990582 0.8477388024330139 31
1761521991540 0.8489086627960205 32
1761521992891 0.8474194407463074 33
1761521994081 0.8490429520606995 34
1761521995451 0.8485106229782104 35
1761521996789 0.8464936017990112 36
1761521997917 0.8460565209388733 37
1761521999104 0.8460167050361633 38
1761522000238 0.8449937701225281 39
1761522001172 0.8453288078308105 40
1761522002466 0.8456770181655884 41
1761522003819 0.8447365760803223 42
1761522005103 0.8432774543762207 43
1761522006327 0.8422791361808777 44
1761522007694 0.8457545638084412 45
1761522008990 0.8422869443893433 46
1761522010275 0.8416367173194885 47
1761522011540 0.8414027690887451 48
1761522012802 0.8412501811981201 49
1761521953948 0.88726806640625 0
