1761611372254 0.4589720368385315 0
1761611372696 0.47430115938186646 1
1761611373105 0.46979260444641113 2
1761611373522 0.47159603238105774 3
1761611373930 0.4693417549133301 4
1761611374334 0.484220027923584 5
1761611374748 0.45761948823928833 6
1761611375154 0.4869251549243927 7
1761611375557 0.47430115938186646 8
1761611375957 0.4815148711204529 9
1761611376337 0.46979260444641113 10
1761611376735 0.4833182990550995 11
1761611377134 0.4869251549243927 12
1761611377545 0.4869251549243927 13
1761611377939 0.4869251549243927 14
1761611378341 0.4815148711204529 15
1761611378727 0.491433709859848 16
1761611379136 0.484220027923584 17
1761611379578 0.4869251549243927 18
1761611379974 0.48647430539131165 19
1761611380404 0.4824165999889374 20
1761611380787 0.49323713779449463 21
1761611381190 0.49368801712989807 22
1761611381603 0.49323713779449463 23
1761611382001 0.491433709859848 24
1761611382397 0.4972948729991913 25
1761611382799 0.4923354387283325 26
1761611383185 0.500450849533081 27
1761611383573 0.4972948729991913 28
1761611383974 0.48827773332595825 29
1761611384381 0.4896303117275238 30
1761611384793 0.4923354387283325 31
1761611385210 0.5036068558692932 32
1761611385623 0.4972948729991913 33
1761611386041 0.4963931441307068 34
1761611386468 0.4923354387283325 35
1761611386854 0.5018033981323242 36
1761611387251 0.5094679594039917 37
1761611387646 0.5054102540016174 38
1761611388059 0.5009016990661621 39
1761611388481 0.5058611631393433 40
1761611388892 0.4990983009338379 41
1761611389296 0.5036068558692932 42
1761611389696 0.4878268837928772 43
1761611390104 0.5076645612716675 44
1761611390512 0.5139765739440918 45
1761611390916 0.49504056572914124 46
1761611391332 0.5103697180747986 47
1761611391743 0.5085662603378296 48
1761611392158 0.5189359784126282 49
1761611372254 0.4589720368385315 0
