1761611372254 1.0176715850830078 0
1761611372696 1.0095927715301514 1
1761611373105 1.0057657957077026 2
1761611373522 1.0078858137130737 3
1761611373930 1.011168360710144 4
1761611374334 1.006499171257019 5
1761611374748 1.0133551359176636 6
1761611375154 1.0030035972595215 7
1761611375557 1.005624771118164 8
1761611375957 1.002649188041687 9
1761611376337 1.005399465560913 10
1761611376735 1.003280520439148 11
1761611377134 1.002160906791687 12
1761611377545 1.0027087926864624 13
1761611377939 1.001360535621643 14
1761611378341 1.0014400482177734 15
1761611378727 1.0037117004394531 16
1761611379136 1.0014656782150269 17
1761611379578 0.999040961265564 18
1761611379974 0.9970411658287048 19
1761611380404 0.994666576385498 20
1761611380787 0.99543696641922 21
1761611381190 0.9921924471855164 22
1761611381603 0.9907883405685425 23
1761611382001 0.9916611313819885 24
1761611382397 0.9876593351364136 25
1761611382799 0.988128125667572 26
1761611383185 0.9900422692298889 27
1761611383573 0.9866625070571899 28
1761611383974 0.9862396121025085 29
1761611384381 0.9911164045333862 30
1761611384793 0.9862493276596069 31
1761611385210 0.9883167147636414 32
1761611385623 0.9888341426849365 33
1761611386041 0.9851863384246826 34
1761611386468 0.9877572059631348 35
1761611386854 0.9853593707084656 36
1761611387251 0.984123706817627 37
1761611387646 0.9840718507766724 38
1761611388059 0.9858888387680054 39
1761611388481 0.9827808141708374 40
1761611388892 0.9821947813034058 41
1761611389296 0.977770984172821 42
1761611389696 0.9803148508071899 43
1761611390104 0.9766046404838562 44
1761611390512 0.9765478372573853 45
1761611390916 0.9820612668991089 46
1761611391332 0.9761203527450562 47
1761611391743 0.9772559404373169 48
1761611392158 0.971494197845459 49
1761611372254 1.0176715850830078 0
