1761611402973 0.49098286032676697 0
1761611403544 0.5085662603378296 1
1761611404053 0.5144274234771729 2
1761611404559 0.5423805117607117 3
1761611405079 0.5685302019119263 4
1761611405628 0.5748422145843506 5
1761611406167 0.5919747352600098 6
1761611406695 0.6127141714096069 7
1761611407207 0.6208295822143555 8
1761611407737 0.630748450756073 9
1761611408264 0.6438232660293579 10
1761611408769 0.6609557867050171 11
1761611409287 0.6528403759002686 12
1761611409813 0.6699729561805725 13
1761611410327 0.6866546273231506 14
1761611410874 0.6839495301246643 15
1761611411392 0.7069432139396667 16
1761611411912 0.7064923644065857 17
1761611412418 0.7222723364830017 18
1761611412937 0.724526584148407 19
1761611413453 0.7412083148956299 20
1761611413961 0.7398557066917419 21
1761611414496 0.7587916851043701 22
1761611415018 0.7655545473098755 23
1761611415531 0.7623985409736633 24
1761611416035 0.7741208076477051 25
1761611416543 0.7759242653846741 26
1761611417041 0.7804328203201294 27
1761611417562 0.7885482311248779 28
1761611418081 0.7917042374610901 29
1761611418595 0.7899008393287659 30
1761611419121 0.7998196482658386 31
1761611419632 0.8124436140060425 32
1761611420151 0.7971144914627075 33
1761611420648 0.8237150311470032 34
1761611421156 0.8110910654067993 35
1761611421703 0.8151487708091736 36
1761611422222 0.8273218870162964 37
1761611422750 0.8331830501556396 38
1761611423298 0.8331830501556396 39
1761611423821 0.8358882069587708 40
1761611424346 0.8367899060249329 41
1761611424863 0.8462578654289246 42
1761611425385 0.8363390564918518 43
1761611425917 0.85527503490448 44
1761611426429 0.8467087745666504 45
1761611426970 0.8489630222320557 46
1761611427495 0.8530207276344299 47
1761611428021 0.868800699710846 48
1761611428536 0.8724075555801392 49
1761611402973 0.49098286032676697 0
