1761611402973 1.003908634185791 0
1761611403544 0.9792316555976868 1
1761611404053 0.9779707789421082 2
1761611404559 0.9590636491775513 3
1761611405079 0.9445623755455017 4
1761611405628 0.9263905882835388 5
1761611406167 0.9044897556304932 6
1761611406695 0.8898670077323914 7
1761611407207 0.8623340725898743 8
1761611407737 0.8393999934196472 9
1761611408264 0.8100000619888306 10
1761611408769 0.8038051128387451 11
1761611409287 0.7988774180412292 12
1761611409813 0.7613372802734375 13
1761611410327 0.7371975183486938 14
1761611410874 0.727297842502594 15
1761611411392 0.694427490234375 16
1761611411912 0.6900411248207092 17
1761611412418 0.6691136360168457 18
1761611412937 0.6686739921569824 19
1761611413453 0.6310371160507202 20
1761611413961 0.6221723556518555 21
1761611414496 0.6112650632858276 22
1761611415018 0.5878872275352478 23
1761611415531 0.5588359236717224 24
1761611416035 0.5452097058296204 25
1761611416543 0.5640127658843994 26
1761611417041 0.5345376133918762 27
1761611417562 0.5245766043663025 28
1761611418081 0.49888330698013306 29
1761611418595 0.5113049149513245 30
1761611419121 0.48051419854164124 31
1761611419632 0.4589550495147705 32
1761611420151 0.49058786034584045 33
1761611420648 0.4323827028274536 34
1761611421156 0.45250269770622253 35
1761611421703 0.4392070770263672 36
1761611422222 0.4182118773460388 37
1761611422750 0.3977537453174591 38
1761611423298 0.4050658643245697 39
1761611423821 0.3968692719936371 40
1761611424346 0.40108928084373474 41
1761611424863 0.3653206527233124 42
1761611425385 0.385749876499176 43
1761611425917 0.35881921648979187 44
1761611426429 0.36728331446647644 45
1761611426970 0.34147971868515015 46
1761611427495 0.3474979102611542 47
1761611428021 0.3250063955783844 48
1761611428536 0.32104408740997314 49
1761611402973 1.003908634185791 0
