1761496007064 0.42271292209625244 0
1761496007529 0.47048220038414 1
1761496008021 0.4817485213279724 2
1761496008393 0.49481749534606934 3
1761496008992 0.4952681362628937 4
1761496009544 0.4952681362628937 5
1761496010010 0.4984227120876312 6
1761496010648 0.4957188069820404 7
1761496011248 0.5015772581100464 8
1761496011847 0.5051825046539307 9
1761496012423 0.5101397037506104 10
1761496012983 0.511040985584259 11
1761496013622 0.5250112414360046 12
1761496014224 0.5123929977416992 13
1761496014787 0.5290671586990356 14
1761496015334 0.5371789336204529 15
1761496015878 0.5331230163574219 16
1761496016432 0.5290671586990356 17
1761496016993 0.5416854619979858 18
1761496017563 0.5497971773147583 19
1761496018120 0.5493465662002563 20
1761496018683 0.5552050471305847 21
1761496019298 0.5525011420249939 22
1761496019859 0.5628661513328552 23
1761496020200 0.558810293674469 24
1761496020741 0.5709779262542725 25
1761496021301 0.5682740211486816 26
1761496021832 0.570076584815979 27
1761496022381 0.5799909830093384 28
1761496023029 0.5763857364654541 29
1761496023651 0.5777377486228943 30
1761496024222 0.5844975113868713 31
1761496024825 0.5917080044746399 32
1761496025233 0.6002703905105591 33
1761496025789 0.6029742956161499 34
1761496026346 0.5799909830093384 35
1761496026906 0.5953131914138794 36
1761496027562 0.5971158146858215 37
1761496028210 0.5980170965194702 38
1761496028819 0.6142406463623047 39
1761496029422 0.6074808239936829 40
1761496030013 0.6214510798454285 41
1761496030651 0.6142406463623047 42
1761496031235 0.6142406463623047 43
1761496031794 0.6210004687309265 44
1761496032399 0.6277602314949036 45
1761496032966 0.6074808239936829 46
1761496033507 0.6205497980117798 47
1761496034085 0.6282109022140503 48
1761496034692 0.617845892906189 49
1761496007064 0.42271292209625244 0
