1761496007064 1.073686957359314 0
1761496007529 1.0457231998443604 1
1761496008021 1.03599214553833 2
1761496008393 1.0271345376968384 3
1761496008992 1.0219106674194336 4
1761496009544 1.0169014930725098 5
1761496010010 1.0133479833602905 6
1761496010648 1.0071897506713867 7
1761496011248 1.0052719116210938 8
1761496011847 1.0017766952514648 9
1761496012423 0.9933857321739197 10
1761496012983 0.9898501634597778 11
1761496013622 0.9899336695671082 12
1761496014224 0.9814233183860779 13
1761496014787 0.9744086861610413 14
1761496015334 0.9726137518882751 15
1761496015878 0.9645965099334717 16
1761496016432 0.9652801156044006 17
1761496016993 0.9574023485183716 18
1761496017563 0.949286937713623 19
1761496018120 0.9466138482093811 20
1761496018683 0.9368747472763062 21
1761496019298 0.9320133924484253 22
1761496019859 0.9244661331176758 23
1761496020200 0.926231324672699 24
1761496020741 0.921013355255127 25
1761496021301 0.9114997386932373 26
1761496021832 0.9068650007247925 27
1761496022381 0.9055560827255249 28
1761496023029 0.8957987427711487 29
1761496023651 0.887988269329071 30
1761496024222 0.8866297006607056 31
1761496024825 0.8741748929023743 32
1761496025233 0.8782296180725098 33
1761496025789 0.8695457577705383 34
1761496026346 0.8772382140159607 35
1761496026906 0.8668338060379028 36
1761496027562 0.8677828907966614 37
1761496028210 0.8594681620597839 38
1761496028819 0.8473039269447327 39
1761496029422 0.8472111225128174 40
1761496030013 0.8388294577598572 41
1761496030651 0.8375169038772583 42
1761496031235 0.8340132236480713 43
1761496031794 0.8341553211212158 44
1761496032399 0.8250412344932556 45
1761496032966 0.8365856409072876 46
1761496033507 0.816662609577179 47
1761496034085 0.8164079785346985 48
1761496034692 0.8225778341293335 49
1761496007064 1.073686957359314 0
