1761462693943 0.3830554187297821 0
1761462694517 0.4082920253276825 1
1761462695036 0.40919333696365356 2
1761462695576 0.42136096954345703 3
1761462696142 0.4173050820827484 4
1761462696644 0.4398377537727356 5
1761462697182 0.45470932126045227 6
1761462697708 0.4587652087211609 7
1761462698228 0.46327173709869385 8
1761462698750 0.47589004039764404 9
1761462699290 0.4686795771121979 10
1761462699874 0.48760703206062317 11
1761462700399 0.48625507950782776 12
1761462700913 0.49121224880218506 13
1761462701445 0.49256423115730286 14
1761462701960 0.49887335300445557 15
1761462702477 0.5033798813819885 16
1761462702976 0.5092384219169617 17
1761462703493 0.49977466464042664 18
1761462704007 0.5083370804786682 19
1761462704525 0.5376295447349548 20
1761462705028 0.530419111251831 21
1761462705532 0.5250112414360046 22
1761462706043 0.5506985187530518 23
1761462706557 0.5227580070495605 24
1761462707072 0.5538530945777893 25
1761462707576 0.5466426610946655 26
1761462708076 0.5606129169464111 27
1761462708580 0.5579089522361755 28
1761462709079 0.5615141987800598 29
1761462709594 0.5691753029823303 30
1761462710110 0.5804416537284851 31
1761462710611 0.5917080044746399 32
1761462711127 0.5799909830093384 33
1761462711633 0.5876520872116089 34
1761462712148 0.5935105681419373 35
1761462712662 0.6043262481689453 36
1761462713201 0.6061288714408875 37
1761462713691 0.6160432696342468 38
1761462714223 0.6160432696342468 39
1761462714711 0.613339364528656 40
1761462715234 0.6277602314949036 41
1761462715760 0.613339364528656 42
1761462716316 0.6399279236793518 43
1761462716884 0.6376746296882629 44
1761462717449 0.6354213356971741 45
1761462717980 0.6399279236793518 46
1761462718521 0.6471383571624756 47
1761462719000 0.6273096203804016 48
1761462719527 0.652996838092804 49
1761462693943 0.3830554187297821 0
