1761462824599 0.3677332103252411 0
1761462824935 0.3695358335971832 1
1761462825214 0.3677332103252411 2
1761462825495 0.37359172105789185 3
1761462825862 0.3830554187297821 4
1761462826155 0.37990084290504456 5
1761462826435 0.3803515136241913 6
1761462826767 0.3857593536376953 7
1761462827040 0.39522308111190796 8
1761462827327 0.40288418531417847 9
1761462827612 0.40108156204223633 10
1761462827930 0.3997296094894409 11
1761462828223 0.41279855370521545 12
1761462828511 0.3992789685726166 13
1761462828810 0.40153223276138306 14
1761462829123 0.4073907136917114 15
1761462829410 0.3956737220287323 16
1761462829698 0.40378549695014954 17
1761462830039 0.40919333696365356 18
1761462830340 0.4073907136917114 19
1761462830624 0.4073907136917114 20
1761462830929 0.41009464859962463 21
1761462831213 0.4132492244243622 22
1761462831531 0.4046868085861206 23
1761462831830 0.4249661862850189 24
1761462832158 0.40243351459503174 25
1761462832441 0.4042361378669739 26
1761462832762 0.40108156204223633 27
1761462833038 0.4019828736782074 28
1761462833325 0.4096439778804779 29
1761462833610 0.41279855370521545 30
1761462833927 0.4168544411659241 31
1761462834216 0.4096439778804779 32
1761462834493 0.4109959304332733 33
1761462834801 0.41279855370521545 34
1761462835101 0.4109959304332733 35
1761462835384 0.4123479127883911 36
1761462835669 0.41550248861312866 37
1761462835962 0.40874266624450684 38
1761462836267 0.41279855370521545 39
1761462836600 0.4123479127883911 40
1761462836901 0.41910770535469055 41
1761462837184 0.4173050820827484 42
1761462837475 0.41910770535469055 43
1761462837764 0.4195583462715149 44
1761462838046 0.41279855370521545 45
1761462838353 0.415953129529953 46
1761462838703 0.4109959304332733 47
1761462839249 0.42271292209625244 48
1761462839529 0.42541685700416565 49
1761462824599 0.3677332103252411 0
