1761462824599 1.1015106439590454 0
1761462824935 1.0912775993347168 1
1761462825214 1.0944308042526245 2
1761462825495 1.0877317190170288 3
1761462825862 1.087894320487976 4
1761462826155 1.0893278121948242 5
1761462826435 1.0851277112960815 6
1761462826767 1.085699200630188 7
1761462827040 1.0851296186447144 8
1761462827327 1.084616780281067 9
1761462827612 1.0838074684143066 10
1761462827930 1.0864390134811401 11
1761462828223 1.0794689655303955 12
1761462828511 1.0815777778625488 13
1761462828810 1.0788460969924927 14
1761462829123 1.0807327032089233 15
1761462829410 1.0818138122558594 16
1761462829698 1.0820677280426025 17
1761462830039 1.0778459310531616 18
1761462830340 1.079096794128418 19
1761462830624 1.07608163356781 20
1761462830929 1.0809592008590698 21
1761462831213 1.0774259567260742 22
1761462831531 1.0786715745925903 23
1761462831830 1.0754411220550537 24
1761462832158 1.0844277143478394 25
1761462832441 1.0765613317489624 26
1761462832762 1.0777077674865723 27
1761462833038 1.0795228481292725 28
1761462833325 1.0752789974212646 29
1761462833610 1.073466181755066 30
1761462833927 1.0770548582077026 31
1761462834216 1.0747579336166382 32
1761462834493 1.0723989009857178 33
1761462834801 1.072026014328003 34
1761462835101 1.0727360248565674 35
1761462835384 1.0746098756790161 36
1761462835669 1.0730912685394287 37
1761462835962 1.0747746229171753 38
1761462836267 1.072014331817627 39
1761462836600 1.0719653367996216 40
1761462836901 1.0706251859664917 41
1761462837184 1.0714529752731323 42
1761462837475 1.0700149536132812 43
1761462837764 1.0727708339691162 44
1761462838046 1.07366144657135 45
1761462838353 1.070312738418579 46
1761462838703 1.0735293626785278 47
1761462839249 1.0710898637771606 48
1761462839529 1.0684276819229126 49
1761462824599 1.1015106439590454 0
