1761595534555 0.39314699172973633 0
1761595534818 0.41118124127388 1
1761595535079 0.43778178095817566 2
1761595535300 0.44229036569595337 3
1761595535516 0.4549143314361572 4
1761595535734 0.46212804317474365 5
1761595535962 0.47159603238105774 6
1761595536183 0.4797114431858063 7
1761595536439 0.47790801525115967 8
1761595536649 0.4887285828590393 9
1761595536876 0.4990983009338379 10
1761595537113 0.5117222666740417 11
1761595537356 0.5198376774787903 12
1761595537574 0.49774572253227234 13
1761595537805 0.5270513892173767 14
1761595538067 0.5130748152732849 15
1761595538330 0.5220919847488403 16
1761595538623 0.5482416749000549 17
1761595538868 0.5500450730323792 18
1761595539108 0.5504959225654602 19
1761595539326 0.546889066696167 20
1761595539580 0.5554553866386414 21
1761595539796 0.5658250451087952 22
1761595540014 0.5725879073143005 23
1761595540238 0.566726803779602 24
1761595540463 0.5725879073143005 25
1761595540706 0.582055926322937 26
1761595540923 0.5861136317253113 27
1761595541134 0.5770964622497559 28
1761595541345 0.5906221866607666 29
1761595541567 0.5928764939308167 30
1761595541783 0.6068530082702637 31
1761595541997 0.5969341993331909 32
1761595542207 0.6068530082702637 33
1761595542414 0.6073038578033447 34
1761595542625 0.5996392965316772 35
1761595542837 0.6091073155403137 36
1761595543062 0.6181244254112244 37
1761595543274 0.6257889866828918 38
1761595543490 0.6127141714096069 39
1761595543700 0.6253381371498108 40
1761595543924 0.6411181092262268 41
1761595544178 0.6343552470207214 42
1761595544385 0.6330026984214783 43
1761595544600 0.6429215669631958 44
1761595544812 0.6402164101600647 45
1761595545073 0.6469792723655701 46
1761595545319 0.6505861282348633 47
1761595545550 0.6514878273010254 48
1761595545774 0.6528403759002686 49
1761595545990 0.6532912254333496 50
1761595546234 0.6577998399734497 51
1761595546448 0.6591523885726929 52
1761595546662 0.6627592444419861 53
1761595546871 0.662308394908905 54
1761595547078 0.6789900660514832 55
1761595547294 0.6699729561805725 56
1761595547513 0.6740306615829468 57
1761595547729 0.6690712571144104 58
1761595547941 0.6871054768562317 59
1761595548154 0.6875563859939575 60
1761595548372 0.6884580850601196 61
1761595548600 0.6794409155845642 62
1761595548808 0.6767358183860779 63
1761595549020 0.695220947265625 64
1761595549230 0.6875563859939575 65
1761595549438 0.6920649409294128 66
1761595549660 0.6834986209869385 67
1761595549883 0.7042380571365356 68
1761595550100 0.6925157904624939 69
1761595550310 0.7001803517341614 70
1761595550523 0.7015329003334045 71
1761595550734 0.7010820508003235 72
1761595550953 0.7033363580703735 73
1761595551164 0.6983768939971924 74
1761595551372 0.6965734958648682 75
1761595551585 0.7010820508003235 76
1761595551797 0.7060414552688599 77
1761595552008 0.7150586247444153 78
1761595552230 0.7042380571365356 79
1761595552440 0.7055906057357788 80
1761595552654 0.7186654806137085 81
1761595552892 0.7073940634727478 82
1761595553119 0.7222723364830017 83
1761595553333 0.7227231860160828 84
1761595553552 0.7218214869499207 85
1761595553766 0.708746612071991 86
1761595553978 0.7357980012893677 87
1761595554206 0.7164111733436584 88
1761595554481 0.7330929040908813 89
1761595554703 0.7330929040908813 90
1761595554945 0.7227231860160828 91
1761595555181 0.7213705778121948 92
1761595555391 0.7218214869499207 93
1761595555611 0.7326419949531555 94
1761595555823 0.7335437536239624 95
1761595556036 0.7380523085594177 96
1761595556256 0.742110013961792 97
1761595556469 0.7416591644287109 98
1761595556685 0.7380523085594177 99
1761595534555 0.39314699172973633 0
