1761595534555 1.0844486951828003 0
1761595534818 1.0688502788543701 1
1761595535079 1.0570157766342163 2
1761595535300 1.0468196868896484 3
1761595535516 1.0396546125411987 4
1761595535734 1.0301668643951416 5
1761595535962 1.0249303579330444 6
1761595536183 1.0188677310943604 7
1761595536439 1.0156499147415161 8
1761595536649 1.007237195968628 9
1761595536876 0.9985512495040894 10
1761595537113 0.9921776056289673 11
1761595537356 0.9873766899108887 12
1761595537574 0.9851057529449463 13
1761595537805 0.9751883745193481 14
1761595538067 0.9745732545852661 15
1761595538330 0.9654567241668701 16
1761595538623 0.9544628262519836 17
1761595538868 0.9480510950088501 18
1761595539108 0.9431836009025574 19
1761595539326 0.9405813813209534 20
1761595539580 0.9350488185882568 21
1761595539796 0.9272520542144775 22
1761595540014 0.9258472919464111 23
1761595540238 0.9140310883522034 24
1761595540463 0.9070912003517151 25
1761595540706 0.9021344780921936 26
1761595540923 0.899260401725769 27
1761595541134 0.8994147181510925 28
1761595541345 0.892737865447998 29
1761595541567 0.8766112923622131 30
1761595541783 0.8762029409408569 31
1761595541997 0.8731523156166077 32
1761595542207 0.8661693334579468 33
1761595542414 0.862781822681427 34
1761595542625 0.8555077314376831 35
1761595542837 0.8526291847229004 36
1761595543062 0.845639705657959 37
1761595543274 0.8385798931121826 38
1761595543490 0.8383280038833618 39
1761595543700 0.8325255513191223 40
1761595543924 0.8228593468666077 41
1761595544178 0.8195070624351501 42
1761595544385 0.8192397356033325 43
1761595544600 0.8091124296188354 44
1761595544812 0.8018527030944824 45
1761595545073 0.8029672503471375 46
1761595545319 0.7911726236343384 47
1761595545550 0.7913558483123779 48
1761595545774 0.7830634713172913 49
1761595545990 0.7822525501251221 50
1761595546234 0.7801479697227478 51
1761595546448 0.774497926235199 52
1761595546662 0.7692787647247314 53
1761595546871 0.7624661922454834 54
1761595547078 0.7598893642425537 55
1761595547294 0.7567901611328125 56
1761595547513 0.7524437308311462 57
1761595547729 0.7520871162414551 58
1761595547941 0.7434601187705994 59
1761595548154 0.7366517186164856 60
1761595548372 0.7336277961730957 61
1761595548600 0.7379079461097717 62
1761595548808 0.7272223234176636 63
1761595549020 0.7275035381317139 64
1761595549230 0.721031904220581 65
1761595549438 0.7193552851676941 66
1761595549660 0.7235536575317383 67
1761595549883 0.7111000418663025 68
1761595550100 0.7196260094642639 69
1761595550310 0.7033977508544922 70
1761595550523 0.7050589919090271 71
1761595550734 0.6968761682510376 72
1761595550953 0.6995624303817749 73
1761595551164 0.7019746899604797 74
1761595551372 0.6915744543075562 75
1761595551585 0.6926301717758179 76
1761595551797 0.6819572448730469 77
1761595552008 0.6772940754890442 78
1761595552230 0.6835439801216125 79
1761595552440 0.6768702864646912 80
1761595552654 0.6715781092643738 81
1761595552892 0.6706666946411133 82
1761595553119 0.6641303896903992 83
1761595553333 0.6640777587890625 84
1761595553552 0.6605829000473022 85
1761595553766 0.6629976034164429 86
1761595553978 0.6510685086250305 87
1761595554206 0.6570480465888977 88
1761595554481 0.6496869921684265 89
1761595554703 0.6466048359870911 90
1761595554945 0.6416448354721069 91
1761595555181 0.6456114649772644 92
1761595555391 0.6398327946662903 93
1761595555611 0.6437729597091675 94
1761595555823 0.6367651224136353 95
1761595556036 0.6334407925605774 96
1761595556256 0.6316516995429993 97
1761595556469 0.6263433694839478 98
1761595556685 0.6248894929885864 99
1761595534555 1.0844486951828003 0
