1761611002848 0.4057709574699402 0
1761611003091 0.484220027923584 1
1761611003303 0.5054102540016174 2
1761611003514 0.5288548469543457 3
1761611003726 0.5419296622276306 4
1761611003941 0.5482416749000549 5
1761611004153 0.5495942234992981 6
1761611004375 0.562218189239502 7
1761611004624 0.5608656406402588 8
1761611004833 0.5716862082481384 9
1761611005043 0.5743913650512695 10
1761611005255 0.582055926322937 11
1761611005464 0.5946798920631409 12
1761611005678 0.5915238857269287 13
1761611005891 0.6095581650733948 14
1761611006111 0.6118124723434448 15
1761611006325 0.6118124723434448 16
1761611006590 0.6194770336151123 17
1761611006799 0.6212804317474365 18
1761611007009 0.6257889866828918 19
1761611007227 0.6212804317474365 20
1761611007447 0.6384130120277405 21
1761611007660 0.6330026984214783 22
1761611007872 0.6334535479545593 23
1761611008083 0.6528403759002686 24
1761611008303 0.644274115562439 25
1761611008515 0.6550946831703186 26
1761611008729 0.6528403759002686 27
1761611008941 0.6614066958427429 28
1761611009154 0.6645626425743103 29
1761611009377 0.6677186489105225 30
1761611009591 0.6614066958427429 31
1761611009807 0.6717763543128967 32
1761611010021 0.6632100939750671 33
1761611010236 0.6735798120498657 34
1761611010448 0.6871054768562317 35
1761611010657 0.6740306615829468 36
1761611010872 0.6839495301246643 37
1761611011087 0.6880072355270386 38
1761611011300 0.6862037777900696 39
1761611011511 0.6916140913963318 40
1761611011723 0.6947700381278992 41
1761611011933 0.7015329003334045 42
1761611012144 0.7073940634727478 43
1761611012355 0.7037872076034546 44
1761611012566 0.7051397562026978 45
1761611012779 0.6970243453979492 46
1761611012990 0.7073940634727478 47
1761611013204 0.7096483111381531 48
1761611013415 0.7150586247444153 49
1761611002848 0.4057709574699402 0
