1761611002848 1.0603010654449463 0
1761611003091 1.0080314874649048 1
1761611003303 0.9991946816444397 2
1761611003514 0.9897162914276123 3
1761611003726 0.9791246652603149 4
1761611003941 0.9709327220916748 5
1761611004153 0.9636715650558472 6
1761611004375 0.9531149864196777 7
1761611004624 0.9425565004348755 8
1761611004833 0.934735119342804 9
1761611005043 0.9260381460189819 10
1761611005255 0.916814386844635 11
1761611005464 0.905734658241272 12
1761611005678 0.9001631736755371 13
1761611005891 0.8877912759780884 14
1761611006111 0.8820992708206177 15
1761611006325 0.8737501502037048 16
1761611006590 0.8628372550010681 17
1761611006799 0.8521971702575684 18
1761611007009 0.8455016016960144 19
1761611007227 0.8455294370651245 20
1761611007447 0.8306870460510254 21
1761611007660 0.8260923624038696 22
1761611007872 0.8212563991546631 23
1761611008083 0.809989869594574 24
1761611008303 0.8035295605659485 25
1761611008515 0.8042458891868591 26
1761611008729 0.7922531366348267 27
1761611008941 0.7818435430526733 28
1761611009154 0.7773744463920593 29
1761611009377 0.7745369076728821 30
1761611009591 0.7711904048919678 31
1761611009807 0.7636428475379944 32
1761611010021 0.7595389485359192 33
1761611010236 0.7575480341911316 34
1761611010448 0.744158148765564 35
1761611010657 0.7446759343147278 36
1761611010872 0.7398729920387268 37
1761611011087 0.7364904880523682 38
1761611011300 0.7389315962791443 39
1761611011511 0.7257720828056335 40
1761611011723 0.7198724150657654 41
1761611011933 0.7133743166923523 42
1761611012144 0.7073496580123901 43
1761611012355 0.7045156359672546 44
1761611012566 0.7019535303115845 45
1761611012779 0.7071617841720581 46
1761611012990 0.6920397877693176 47
1761611013204 0.6881274580955505 48
1761611013415 0.6809782385826111 49
1761611002848 1.0603010654449463 0
