1761468124791 0.5130499601364136 0
1761468125361 0.5510812997817993 1
1761468125999 0.5779269337654114 2
1761468126719 0.5719612240791321 3
1761468127369 0.5861297249794006 4
1761468127987 0.5891125798225403 5
1761468128729 0.599552571773529 6
1761468129337 0.6122297048568726 7
1761468129931 0.618941068649292 8
1761468130563 0.6263982057571411 9
1761468131301 0.6181953549385071 10
1761468132015 0.6211782097816467 11
1761468132653 0.6137211322784424 12
1761468133022 0.6249067783355713 13
1761468133620 0.6487695574760437 14
1761468134205 0.6607009768486023 15
1761468134810 0.6614466905593872 16
1761468135414 0.6487695574760437 17
1761468136053 0.6614466905593872 18
1761468136757 0.6636838316917419 19
1761468138164 0.6592095494270325 20
1761468138824 0.6651752591133118 21
1761468139556 0.6689038276672363 22
1761468140340 0.6875466108322144 23
1761468141133 0.6868008971214294 24
1761468142444 0.698732316493988 25
1761468143214 0.6950037479400635 26
1761468143924 0.6868008971214294 27
1761468144547 0.6927666068077087 28
1761468144885 0.6838180422782898 29
1761468145587 0.6912751793861389 30
1761468146366 0.6964951753616333 31
1761468147016 0.6830723285675049 32
1761468147724 0.7002236843109131 33
1761468148125 0.7046979665756226 34
1761468148744 0.698732316493988 35
1761468149400 0.6920208930969238 36
1761468150113 0.6972408890724182 37
1761468150708 0.700969398021698 38
1761468151253 0.6950037479400635 39
1761468151860 0.7158836722373962 40
1761468152495 0.7225950956344604 41
1761468153099 0.7270693778991699 42
1761468153546 0.7233408093452454 43
1761468154122 0.7285608053207397 44
1761468154445 0.7151379585266113 45
1761468154803 0.7069351077079773 46
1761468155410 0.7278150916099548 47
1761468156094 0.7345264554023743 48
1761468156796 0.7412378787994385 49
1761468124791 0.5130499601364136 0
