1761468124791 0.9965624809265137 0
1761468125361 0.9621611833572388 1
1761468125999 0.933215320110321 2
1761468126719 0.9221575260162354 3
1761468127369 0.9030818343162537 4
1761468127987 0.8966506719589233 5
1761468128729 0.8806026577949524 6
1761468129337 0.8753641843795776 7
1761468129931 0.8593569993972778 8
1761468130563 0.8665314316749573 9
1761468131301 0.8576409816741943 10
1761468132015 0.8521573543548584 11
1761468132653 0.8596735000610352 12
1761468133022 0.8374416828155518 13
1761468133620 0.8194074034690857 14
1761468134205 0.8006563782691956 15
1761468134810 0.7960793972015381 16
1761468135414 0.8109160661697388 17
1761468136053 0.793347179889679 18
1761468136757 0.7943820953369141 19
1761468138164 0.7952229380607605 20
1761468138824 0.7832700610160828 21
1761468139556 0.7675533890724182 22
1761468140340 0.7593039870262146 23
1761468141133 0.7577213048934937 24
1761468142444 0.7412859797477722 25
1761468143214 0.7319188117980957 26
1761468143924 0.7440724968910217 27
1761468144547 0.7454593181610107 28
1761468144885 0.7447803616523743 29
1761468145587 0.7318466901779175 30
1761468146366 0.7228039503097534 31
1761468147016 0.7518830895423889 32
1761468147724 0.7103273868560791 33
1761468148125 0.7130649089813232 34
1761468148744 0.7146747708320618 35
1761468149400 0.713986873626709 36
1761468150113 0.706015944480896 37
1761468150708 0.6996648907661438 38
1761468151253 0.7048547863960266 39
1761468151860 0.6897256374359131 40
1761468152495 0.6661190986633301 41
1761468153099 0.6702961921691895 42
1761468153546 0.6664480566978455 43
1761468154122 0.6615951061248779 44
1761468154445 0.6770583391189575 45
1761468154803 0.6763477921485901 46
1761468155410 0.6621818542480469 47
1761468156094 0.6509257555007935 48
1761468156796 0.6223719716072083 49
1761468124791 0.9965624809265137 0
