1761530453064 0.9366347789764404 0
1761530453394 0.8478070497512817 1
1761530453613 0.847496747970581 2
1761530453905 0.8461010456085205 3
1761530454106 0.8436997532844543 4
1761530454316 0.845582902431488 5
1761530454521 0.8447926044464111 6
1761530454750 0.8450972437858582 7
1761530454976 0.8469816446304321 8
1761530455189 0.843691349029541 9
1761530455425 0.8424729108810425 10
1761530455646 0.8428527116775513 11
1761530455847 0.8421966433525085 12
1761530456053 0.8417215943336487 13
1761530456260 0.8411782383918762 14
1761530456489 0.8408039212226868 15
1761530456692 0.8440455794334412 16
1761530456893 0.8407315015792847 17
1761530457092 0.8388447165489197 18
1761530457298 0.8390709161758423 19
1761530457518 0.8415823578834534 20
1761530457748 0.8389496207237244 21
1761530457961 0.8378230333328247 22
1761530458172 0.837565541267395 23
1761530458405 0.8381419777870178 24
1761530458638 0.8381458520889282 25
1761530458870 0.8366570472717285 26
1761530459105 0.839246392250061 27
1761530459330 0.8352939486503601 28
1761530459568 0.8374606370925903 29
1761530459788 0.8369994163513184 30
1761530460013 0.8356621861457825 31
1761530460231 0.8332251906394958 32
1761530460439 0.8335545659065247 33
1761530460648 0.8331428170204163 34
1761530460855 0.8330404758453369 35
1761530461061 0.8309826850891113 36
1761530461269 0.8319212198257446 37
1761530461478 0.8318726420402527 38
1761530461692 0.8299605846405029 39
1761530461900 0.8282299637794495 40
1761530462116 0.8298182487487793 41
1761530462330 0.8295897841453552 42
1761530462533 0.8292912840843201 43
1761530462745 0.8275372385978699 44
1761530462954 0.8270413279533386 45
1761530463167 0.8245519995689392 46
1761530463374 0.8266169428825378 47
1761530463583 0.8235352635383606 48
1761530463793 0.822936475276947 49
1761530453064 0.9366347789764404 0
