1761608812079 0.4571686089038849 0
1761608812404 0.4797114431858063 1
1761608812720 0.4783588945865631 2
1761608813030 0.48376914858818054 3
1761608813314 0.47700631618499756 4
1761608813631 0.4927862882614136 5
1761608813917 0.4797114431858063 6
1761608814189 0.4954914450645447 7
1761608814465 0.49864742159843445 8
1761608814747 0.5018033981323242 9
1761608815025 0.5027051568031311 10
1761608815304 0.5090171098709106 11
1761608815627 0.5144274234771729 12
1761608815894 0.517583429813385 13
1761608816171 0.5184851288795471 14
1761608816456 0.5207393765449524 15
1761608816734 0.5162308216094971 16
1761608817019 0.5288548469543457 17
1761608817291 0.515779972076416 18
1761608817595 0.5180342793464661 19
1761608817918 0.5238953828811646 20
1761608818246 0.5284039378166199 21
1761608818567 0.5419296622276306 22
1761608818902 0.531109094619751 23
1761608819249 0.5441839694976807 24
1761608819580 0.5459873676300049 25
1761608819893 0.5527502298355103 26
1761608820217 0.5509467720985413 27
1761608820541 0.5527502298355103 28
1761608820865 0.5635707974433899 29
1761608821182 0.580252468585968 30
1761608821487 0.5752930641174316 31
1761608821799 0.5694319009780884 32
1761608822093 0.5707845091819763 33
1761608822400 0.5951307415962219 34
1761608822687 0.597835898399353 35
1761608822992 0.5924255847930908 36
1761608823302 0.5852118730545044 37
1761608823596 0.6018936038017273 38
1761608823890 0.630748450756073 39
1761608824206 0.6185752749443054 40
1761608824513 0.6253381371498108 41
1761608824813 0.644274115562439 42
1761608825120 0.6397655606269836 43
1761608825431 0.646528422832489 44
1761608825730 0.6564472317695618 45
1761608826014 0.6433724164962769 46
1761608826321 0.675834059715271 47
1761608826622 0.662308394908905 48
1761608826929 0.6798917651176453 49
1761608812079 0.4571686089038849 0
