1761608812079 1.0540485382080078 0
1761608812404 1.026550531387329 1
1761608812720 1.0164960622787476 2
1761608813030 1.0231016874313354 3
1761608813314 1.0163018703460693 4
1761608813631 1.010489583015442 5
1761608813917 1.0098927021026611 6
1761608814189 1.0099433660507202 7
1761608814465 1.0037375688552856 8
1761608814747 1.0011582374572754 9
1761608815025 0.9971575140953064 10
1761608815304 0.9930211901664734 11
1761608815627 0.9974004030227661 12
1761608815894 0.9973272085189819 13
1761608816171 0.9907655715942383 14
1761608816456 0.9859510064125061 15
1761608816734 0.9825101494789124 16
1761608817019 0.9807825684547424 17
1761608817291 0.9814887046813965 18
1761608817595 0.9785202741622925 19
1761608817918 0.9727048873901367 20
1761608818246 0.9650976657867432 21
1761608818567 0.9665839076042175 22
1761608818902 0.966052770614624 23
1761608819249 0.9579755663871765 24
1761608819580 0.9568876028060913 25
1761608819893 0.9498181939125061 26
1761608820217 0.9484512209892273 27
1761608820541 0.9450319409370422 28
1761608820865 0.933936595916748 29
1761608821182 0.9248140454292297 30
1761608821487 0.9199521541595459 31
1761608821799 0.9164628386497498 32
1761608822093 0.909916341304779 33
1761608822400 0.8837825059890747 34
1761608822687 0.8887036442756653 35
1761608822992 0.8743400573730469 36
1761608823302 0.8797314763069153 37
1761608823596 0.8699768781661987 38
1761608823890 0.861431896686554 39
1761608824206 0.859001874923706 40
1761608824513 0.8556048274040222 41
1761608824813 0.8293607831001282 42
1761608825120 0.8197135925292969 43
1761608825431 0.8073583245277405 44
1761608825730 0.8046230673789978 45
1761608826014 0.8116874694824219 46
1761608826321 0.7774218916893005 47
1761608826622 0.7803665995597839 48
1761608826929 0.7636451125144958 49
1761608812079 1.0540485382080078 0
