1761468896425 0.38926175236701965 0
1761468897002 0.3810589015483856 1
1761468897445 0.4093959629535675 2
1761468897934 0.4325130581855774 3
1761468898370 0.4280387759208679 4
1761468898774 0.4325130581855774 5
1761468899190 0.427293062210083 6
1761468899667 0.4399701654911041 7
1761468900125 0.4377330243587494 8
1761468900502 0.43624159693717957 9
1761468900918 0.43549591302871704 10
1761468901345 0.4377330243587494 11
1761468901807 0.45488440990448 12
1761468902250 0.4608501195907593 13
1761468902718 0.4377330243587494 14
1761468903166 0.4615958333015442 15
1761468903574 0.44071587920188904 16
1761468903987 0.47129008173942566 17
1761468904271 0.4511558413505554 18
1761468904597 0.46979865431785583 19
1761468905012 0.47725579142570496 20
1761468905481 0.4660700857639313 21
1761468905893 0.4735272228717804 22
1761468906294 0.47651007771492004 23
1761468906721 0.46457865834236145 24
1761468907163 0.45861297845840454 25
1761468907569 0.4668157994747162 26
1761468907979 0.45861297845840454 27
1761468908388 0.4563758373260498 28
1761468908885 0.4511558413505554 29
1761468909307 0.45935869216918945 30
1761468909774 0.4727815091609955 31
1761468910237 0.4735272228717804 32
1761468910701 0.4727815091609955 33
1761468911147 0.48098433017730713 34
1761468911589 0.4787471890449524 35
1761468912039 0.4608501195907593 36
1761468912515 0.4802386164665222 37
1761468912982 0.48173004388809204 38
1761468913459 0.468307226896286 39
1761468913902 0.49366143345832825 40
1761468914261 0.47725579142570496 41
1761468914508 0.4794929027557373 42
1761468914986 0.4660700857639313 43
1761468915462 0.48173004388809204 44
1761468915959 0.47129008173942566 45
1761468916440 0.48918718099594116 46
1761468916882 0.49515286087989807 47
1761468917296 0.4847128987312317 48
1761468917687 0.4981357157230377 49
1761468896425 0.38926175236701965 0
