1761592825086 0.3633904457092285 0
1761592825561 0.36023443937301636 1
1761592826064 0.3579801619052887 2
1761592826455 0.3796212673187256 3
1761592826900 0.37601444125175476 4
1761592827329 0.3656447231769562 5
1761592827746 0.3588818609714508 6
1761592828199 0.35076645016670227 7
1761592828626 0.38187557458877563 8
1761592829020 0.377817839384079 9
1761592829472 0.362488716840744 10
1761592829882 0.38007214665412903 11
1761592830282 0.3674481511116028 12
1761592830709 0.3764652907848358 13
1761592831129 0.3746618628501892 14
1761592831614 0.38548243045806885 15
1761592832042 0.37691614031791687 16
1761592832456 0.4084761142730713 17
1761592832880 0.3972046971321106 18
1761592833301 0.39585211873054504 19
1761592833721 0.404418408870697 20
1761592834129 0.41163209080696106 21
1761592834529 0.41073039174079895 22
1761592834945 0.41163209080696106 23
1761592835359 0.4179441034793854 24
1761592835764 0.4179441034793854 25
1761592836176 0.404418408870697 26
1761592836593 0.40892696380615234 27
1761592837009 0.41433724761009216 28
1761592837416 0.4138863980770111 29
1761592837828 0.41839495301246643 30
1761592838251 0.42290350794792175 31
1761592838642 0.4165915250778198 32
1761592839059 0.42110008001327515 33
1761592839468 0.41839495301246643 34
1761592839895 0.4224526584148407 35
1761592840298 0.4170423746109009 36
1761592840709 0.42200180888175964 37
1761592841124 0.4170423746109009 38
1761592841564 0.41839495301246643 39
1761592841991 0.42200180888175964 40
1761592842386 0.42380523681640625 41
1761592842800 0.42470693588256836 42
1761592843235 0.42651036381721497 43
1761592843618 0.41343551874160767 44
1761592844034 0.4251577854156494 45
1761592844443 0.42651036381721497 46
1761592844875 0.4242560863494873 47
1761592845318 0.4215509593486786 48
1761592845837 0.4156897962093353 49
1761592846286 0.4215509593486786 50
1761592846710 0.42470693588256836 51
1761592847130 0.4206492304801941 52
1761592847537 0.41929665207862854 53
1761592847939 0.4242560863494873 54
1761592848332 0.42560866475105286 55
1761592848735 0.42380523681640625 56
1761592849147 0.42200180888175964 57
1761592849565 0.4242560863494873 58
1761592849972 0.4251577854156494 59
1761592850373 0.4251577854156494 60
1761592850789 0.43237149715423584 61
1761592851208 0.42741209268569946 62
1761592851652 0.4278629422187805 63
1761592852113 0.42651036381721497 64
1761592852510 0.43146979808807373 65
1761592852943 0.4346257746219635 66
1761592853396 0.4337240755558014 67
1761592853827 0.4301172196865082 68
1761592854260 0.43056806921958923 69
1761592854686 0.42651036381721497 70
1761592855124 0.4278629422187805 71
1761592855534 0.4328223764896393 72
1761592855978 0.43778178095817566 73
1761592856411 0.4278629422187805 74
1761592856875 0.4328223764896393 75
1761592857289 0.4346257746219635 76
1761592857724 0.4391343593597412 77
1761592858180 0.43778178095817566 78
1761592858625 0.4391343593597412 79
1761592859053 0.4409377872943878 80
1761592859495 0.43597835302352905 81
1761592859924 0.4391343593597412 82
1761592860327 0.4364292025566101 83
1761592860751 0.4431920647621155 84
1761592861197 0.44724977016448975 85
1761592861620 0.4409377872943878 86
1761592862046 0.44544634222984314 87
1761592862464 0.43688008189201355 88
1761592862908 0.4431920647621155 89
1761592863373 0.4449954926967621 90
1761592863787 0.4346257746219635 91
1761592864219 0.4467989206314087 92
1761592864667 0.44544634222984314 93
1761592865105 0.45266005396842957 94
1761592865528 0.4449954926967621 95
1761592865945 0.4467989206314087 96
1761592866378 0.4409377872943878 97
1761592866810 0.4535617530345917 98
1761592867242 0.44544634222984314 99
1761592825086 0.3633904457092285 0
