1761518276205 0.5214060544967651 0
1761518277132 0.5430374145507812 1
1761518278043 0.554754376411438 2
1761518278939 0.5601622462272644 3
1761518279794 0.5651194453239441 4
1761518280664 0.5849481821060181 5
1761518281566 0.5754844546318054 6
1761518282455 0.5876520872116089 7
1761518283302 0.5849481821060181 8
1761518284167 0.6070302128791809 9
1761518285024 0.6196485161781311 10
1761518285886 0.6309148073196411 11
1761518286753 0.6444344520568848 12
1761518287616 0.6381253004074097 13
1761518288472 0.6566020846366882 14
1761518289330 0.6547994613647461 15
1761518290197 0.6786841154098511 16
1761518291095 0.6647138595581055 17
1761518291955 0.6867958307266235 18
1761518292807 0.6840919256210327 19
1761518293661 0.703019380569458 20
1761518294525 0.7003154754638672 21
1761518295381 0.6989635229110718 22
1761518296234 0.7124831080436707 23
1761518297145 0.7111311554908752 24
1761518298039 0.7255520224571228 25
1761518298893 0.7278053164482117 26
1761518299837 0.7341144680976868 27
1761518300777 0.746732771396637 28
1761518301699 0.7165389657020569 29
1761518302633 0.748986005783081 30
1761518303548 0.748986005783081 31
1761518304461 0.748986005783081 32
1761518305348 0.7584497332572937 33
1761518306223 0.7674628496170044 34
1761518307093 0.7836863398551941 35
1761518307959 0.7764759063720703 36
1761518308820 0.7764759063720703 37
1761518309679 0.7931500673294067 38
1761518310556 0.7895448207855225 39
1761518311433 0.8066696524620056 40
1761518312307 0.8107255697250366 41
1761518313178 0.8021631240844727 42
1761518314049 0.8098242282867432 43
1761518314947 0.8188372850418091 44
1761518315810 0.8264984488487244 45
1761518316679 0.8228932023048401 46
1761518317540 0.8323569297790527 47
1761518318409 0.831906259059906 48
1761518319280 0.8368634581565857 49
1761518276205 0.5214060544967651 0
