1761518276205 0.8891341090202332 0
1761518277132 0.878892183303833 1
1761518278043 0.8682692646980286 2
1761518278939 0.8580054044723511 3
1761518279794 0.8537014126777649 4
1761518280664 0.8506929874420166 5
1761518281566 0.8460522294044495 6
1761518282455 0.8293556571006775 7
1761518283302 0.8329409956932068 8
1761518284167 0.8064019680023193 9
1761518285024 0.7936856746673584 10
1761518285886 0.7828124165534973 11
1761518286753 0.7799556255340576 12
1761518287616 0.7659116983413696 13
1761518288472 0.7531521916389465 14
1761518289330 0.7502038478851318 15
1761518290197 0.7157241702079773 16
1761518291095 0.7326656579971313 17
1761518291955 0.6977649927139282 18
1761518292807 0.6973597407341003 19
1761518293661 0.6971184015274048 20
1761518294525 0.6792718768119812 21
1761518295381 0.6680546402931213 22
1761518296234 0.6547844409942627 23
1761518297145 0.6405109167098999 24
1761518298039 0.6281914710998535 25
1761518298893 0.6247071623802185 26
1761518299837 0.6062593460083008 27
1761518300777 0.5981104969978333 28
1761518301699 0.619808554649353 29
1761518302633 0.5702501535415649 30
1761518303548 0.5714054703712463 31
1761518304461 0.5700399279594421 32
1761518305348 0.5561020374298096 33
1761518306223 0.5484129786491394 34
1761518307093 0.5146770477294922 35
1761518307959 0.5125949382781982 36
1761518308820 0.4980775713920593 37
1761518309679 0.4938899278640747 38
1761518310556 0.4867435097694397 39
1761518311433 0.46193909645080566 40
1761518312307 0.45196565985679626 41
1761518313178 0.45319223403930664 42
1761518314049 0.43363243341445923 43
1761518314947 0.42288798093795776 44
1761518315810 0.4098993241786957 45
1761518316679 0.415812224149704 46
1761518317540 0.39918753504753113 47
1761518318409 0.38086816668510437 48
1761518319280 0.36949968338012695 49
1761518276205 0.8891341090202332 0
