1761443724079 0.5673726797103882 0
1761443724879 0.5691753029823303 1
1761443725622 0.5709779262542725 2
1761443726330 0.569625973701477 3
1761443727045 0.5727805495262146 4
1761443727781 0.5795403122901917 5
1761443728513 0.5867508053779602 6
1761443729246 0.5921586155891418 7
1761443729979 0.5971158146858215 8
1761443730729 0.6011716723442078 9
1761443731479 0.5953131914138794 10
1761443732050 0.6034249663352966 11
1761443732843 0.6056782603263855 12
1761443733584 0.6128886938095093 13
1761443734323 0.6232537031173706 14
1761443735156 0.6182965040206909 15
1761443735844 0.6322667598724365 16
1761443736738 0.6322667598724365 17
1761443737706 0.6372239589691162 18
1761443738608 0.6498422622680664 19
1761443739408 0.6390265822410583 20
1761443740081 0.6502929329872131 21
1761443740820 0.6629112362861633 22
1761443741559 0.6656151413917542 23
1761443742363 0.6665164232254028 24
1761443742810 0.6557007431983948 25
1761443743525 0.6696709990501404 26
1761443744074 0.6827399730682373 27
1761443744629 0.6854438781738281 28
1761443745282 0.683641254901886 29
1761443745970 0.6908517479896545 30
1761443746571 0.6976115107536316 31
1761443747187 0.6904010772705078 32
1761443747974 0.6971608996391296 33
1761443748723 0.6998648047447205 34
1761443749482 0.7034700512886047 35
1761443750223 0.7097792029380798 36
1761443750963 0.7129337787628174 37
1761443751703 0.7169896364212036 38
1761443752453 0.7048220038414001 39
1761443753551 0.7246507406234741 40
1761443754539 0.7192429304122925 41
1761443755256 0.7129337787628174 42
1761443755868 0.7205948829650879 43
1761443756536 0.7210454940795898 44
1761443757266 0.7309598922729492 45
1761443758030 0.7323118448257446 46
1761443758766 0.7305092215538025 47
1761443759318 0.73366379737854 48
1761443760061 0.7404236197471619 49
1761443724079 0.5673726797103882 0
