1761443724079 0.9733167290687561 0
1761443724879 0.9527185559272766 1
1761443725622 0.9447881579399109 2
1761443726330 0.9357872605323792 3
1761443727045 0.9223646521568298 4
1761443727781 0.9136657118797302 5
1761443728513 0.9024530649185181 6
1761443729246 0.8919475674629211 7
1761443729979 0.8821972012519836 8
1761443730729 0.8735976219177246 9
1761443731479 0.8638160228729248 10
1761443732050 0.8545472025871277 11
1761443732843 0.8490116000175476 12
1761443733584 0.8372786045074463 13
1761443734323 0.8289222717285156 14
1761443735156 0.8206201791763306 15
1761443735844 0.8204905986785889 16
1761443736738 0.8062993884086609 17
1761443737706 0.8042700886726379 18
1761443738608 0.7897374629974365 19
1761443739408 0.7916654348373413 20
1761443740081 0.7844879031181335 21
1761443740820 0.7738093137741089 22
1761443741559 0.7646863460540771 23
1761443742363 0.754395067691803 24
1761443742810 0.7558640837669373 25
1761443743525 0.7487218379974365 26
1761443744074 0.7353131175041199 27
1761443744629 0.7295903563499451 28
1761443745282 0.7206927537918091 29
1761443745970 0.7196304798126221 30
1761443746571 0.7059848308563232 31
1761443747187 0.7074870467185974 32
1761443747974 0.7008918523788452 33
1761443748723 0.6955258250236511 34
1761443749482 0.6899965405464172 35
1761443750223 0.6852172017097473 36
1761443750963 0.6779499650001526 37
1761443751703 0.6716828942298889 38
1761443752453 0.6785121560096741 39
1761443753551 0.6577162742614746 40
1761443754539 0.6644562482833862 41
1761443755256 0.6656829714775085 42
1761443755868 0.6556889414787292 43
1761443756536 0.6556912064552307 44
1761443757266 0.6466514468193054 45
1761443758030 0.636096179485321 46
1761443758766 0.6405739188194275 47
1761443759318 0.6418651938438416 48
1761443760061 0.6321932673454285 49
1761443724079 0.9733167290687561 0
