1761465359048 0.3871113061904907 0
1761465360023 0.40288418531417847 1
1761465360979 0.410545289516449 2
1761465361973 0.4082920253276825 3
1761465362920 0.4222622811794281 4
1761465363857 0.4434430003166199 5
1761465364810 0.44434431195259094 6
1761465365740 0.45561063289642334 7
1761465366678 0.4727354645729065 8
1761465367618 0.4781433045864105 9
1761465368579 0.48580440878868103 10
1761465369511 0.48850834369659424 11
1761465370455 0.4889589846134186 12
1761465371421 0.5101397037506104 13
1761465372420 0.5191527605056763 14
1761465373387 0.5182514786720276 15
1761465374355 0.5286164879798889 16
1761465375367 0.5506985187530518 17
1761465376344 0.5552050471305847 18
1761465377316 0.5714285969734192 19
1761465378264 0.5709779262542725 20
1761465379243 0.589454710483551 21
1761465380227 0.6007210612297058 22
1761465381199 0.6052275896072388 23
1761465382154 0.6318161487579346 24
1761465383106 0.6448850631713867 25
1761465384070 0.6498422622680664 26
1761465385047 0.6584047079086304 27
1761465385982 0.6705723404884338 28
1761465386933 0.6764308214187622 29
1761465387872 0.6908517479896545 30
1761465388851 0.7048220038414001 31
1761465389794 0.7057232856750488 32
1761465390735 0.726904034614563 33
1761465391695 0.7390716671943665 34
1761465392670 0.718341588973999 35
1761465393625 0.7390716671943665 36
1761465394588 0.7566471099853516 37
1761465395555 0.7683641314506531 38
1761465396531 0.7683641314506531 39
1761465397515 0.7800810933113098 40
1761465398480 0.7823343873023987 41
1761465399461 0.8017124533653259 42
1761465400459 0.7836863398551941 43
1761465401439 0.8179360032081604 44
1761465402393 0.8098242282867432 45
1761465403348 0.8152320981025696 46
1761465404305 0.8292023539543152 47
1761465405270 0.8246958255767822 48
1761465406214 0.8310049772262573 49
1761465359048 0.3871113061904907 0
