1761465359048 1.0934488773345947 0
1761465360023 1.0821033716201782 1
1761465360979 1.078558087348938 2
1761465361973 1.0764623880386353 3
1761465362920 1.0657174587249756 4
1761465363857 1.0535959005355835 5
1761465364810 1.0516865253448486 6
1761465365740 1.0439019203186035 7
1761465366678 1.0328121185302734 8
1761465367618 1.0246492624282837 9
1761465368579 1.0089111328125 10
1761465369511 1.0004463195800781 11
1761465370455 0.9914953708648682 12
1761465371421 0.9849591255187988 13
1761465372420 0.961128294467926 14
1761465373387 0.9666852951049805 15
1761465374355 0.9398868083953857 16
1761465375367 0.9242860674858093 17
1761465376344 0.9044791460037231 18
1761465377316 0.8908961415290833 19
1761465378264 0.879779577255249 20
1761465379243 0.8598669171333313 21
1761465380227 0.8355356454849243 22
1761465381199 0.8211057186126709 23
1761465382154 0.8057413101196289 24
1761465383106 0.7753577828407288 25
1761465384070 0.7616102695465088 26
1761465385047 0.7384399175643921 27
1761465385982 0.7189456224441528 28
1761465386933 0.6955602169036865 29
1761465387872 0.6902245879173279 30
1761465388851 0.652651846408844 31
1761465389794 0.656874418258667 32
1761465390735 0.6178697347640991 33
1761465391695 0.597632646560669 34
1761465392670 0.6172716021537781 35
1761465393625 0.5878438353538513 36
1761465394588 0.5591740608215332 37
1761465395555 0.5260223746299744 38
1761465396531 0.5258646607398987 39
1761465397515 0.509519100189209 40
1761465398480 0.49303698539733887 41
1761465399461 0.4638092517852783 42
1761465400459 0.4745442271232605 43
1761465401439 0.4279780983924866 44
1761465402393 0.4337945282459259 45
1761465403348 0.41782262921333313 46
1761465404305 0.42091917991638184 47
1761465405270 0.414566308259964 48
1761465406214 0.38655760884284973 49
1761465359048 1.0934488773345947 0
