1761609639452 0.4504057765007019 0
1761609639688 0.47610458731651306 1
1761609639925 0.4711451828479767 2
1761609640172 0.4783588945865631 3
1761609640418 0.466636598110199 4
1761609640644 0.47610458731651306 5
1761609640892 0.47249773144721985 6
1761609641115 0.4801623225212097 7
1761609641331 0.48737600445747375 8
1761609641552 0.47249773144721985 9
1761609641768 0.4702434539794922 10
1761609641991 0.475653737783432 11
1761609642219 0.4896303117275238 12
1761609642431 0.48196572065353394 13
1761609642651 0.46979260444641113 14
1761609642882 0.4815148711204529 15
1761609643102 0.4941388666629791 16
1761609643318 0.484220027923584 17
1761609643533 0.49594229459762573 18
1761609643745 0.49368801712989807 19
1761609643959 0.4927862882614136 20
1761609644175 0.49684399366378784 21
1761609644403 0.4941388666629791 22
1761609644624 0.49504056572914124 23
1761609644845 0.5018033981323242 24
1761609645068 0.49368801712989807 25
1761609645327 0.5013525485992432 26
1761609645576 0.50225430727005 27
1761609645812 0.50225430727005 28
1761609646040 0.5031560063362122 29
1761609646263 0.5072137117385864 30
1761609646475 0.50225430727005 31
1761609646687 0.5054102540016174 32
1761609646905 0.5049594044685364 33
1761609647117 0.49504056572914124 34
1761609647335 0.5126239657402039 35
1761609647565 0.5126239657402039 36
1761609647788 0.5103697180747986 37
1761609648005 0.5130748152732849 38
1761609648223 0.5085662603378296 39
1761609648440 0.5054102540016174 40
1761609648655 0.5108205676078796 41
1761609648880 0.5216411352157593 42
1761609649095 0.5148782730102539 43
1761609649309 0.5139765739440918 44
1761609649537 0.5207393765449524 45
1761609649776 0.5202885270118713 46
1761609649997 0.5117222666740417 47
1761609650215 0.515329122543335 48
1761609650439 0.515329122543335 49
1761609639452 0.4504057765007019 0
