1761497722332 0.5119423270225525 0
1761497724018 0.5286164879798889 1
1761497725427 0.5416854619979858 2
1761497726897 0.57413250207901 3
1761497728115 0.5790897011756897 4
1761497729431 0.5926092863082886 5
1761497731441 0.6070302128791809 6
1761497733212 0.6309148073196411 7
1761497735007 0.6493915915489197 8
1761497736691 0.6475890278816223 9
1761497738637 0.6656151413917542 10
1761497740480 0.6795853972434998 11
1761497742379 0.6782334446907043 12
1761497744316 0.6899504065513611 13
1761497746294 0.7066246271133423 14
1761497748214 0.7160883545875549 15
1761497750034 0.7255520224571228 16
1761497752247 0.7278053164482117 17
1761497754186 0.7435781955718994 18
1761497756130 0.7534925937652588 19
1761497758223 0.7652095556259155 20
1761497760052 0.7719693779945374 21
1761497761893 0.772870659828186 22
1761497763740 0.7724199891090393 23
1761497765625 0.7823343873023987 24
1761497767445 0.7963046431541443 25
1761497768595 0.7976565957069397 26
1761497770029 0.7976565957069397 27
1761497771241 0.8093736171722412 28
1761497773001 0.8125281929969788 29
1761497774320 0.8197386264801025 30
1761497775413 0.8089229464530945 31
1761497776642 0.8192879557609558 32
1761497778267 0.831906259059906 33
1761497780317 0.8228932023048401 34
1761497782292 0.831906259059906 35
1761497784254 0.8323569297790527 36
1761497786403 0.8431726098060608 37
1761497788713 0.8454258441925049 38
1761497790605 0.851284384727478 39
1761497792524 0.8467778563499451 40
1761497794404 0.8593961000442505 41
1761497796336 0.8526363372802734 42
1761497798257 0.8521856665611267 43
1761497800094 0.8621000647544861 44
1761497801997 0.8706624507904053 45
1761497803925 0.8715637922286987 46
1761497805771 0.8724650740623474 47
1761497807915 0.8850833773612976 48
1761497809866 0.8630013465881348 49
1761497722332 0.5119423270225525 0
