1761497722332 0.9529386162757874 0
1761497724018 0.9307120442390442 1
1761497725427 0.9185553789138794 2
1761497726897 0.9033195376396179 3
1761497728115 0.8894863128662109 4
1761497729431 0.8769219517707825 5
1761497731441 0.8619258403778076 6
1761497733212 0.8370829224586487 7
1761497735007 0.8198031783103943 8
1761497736691 0.8065559267997742 9
1761497738637 0.780590832233429 10
1761497740480 0.7646045088768005 11
1761497742379 0.7558119297027588 12
1761497744316 0.7201963663101196 13
1761497746294 0.697060227394104 14
1761497748214 0.6974771618843079 15
1761497750034 0.6597300171852112 16
1761497752247 0.650702178478241 17
1761497754186 0.6317289471626282 18
1761497756130 0.6161719560623169 19
1761497758223 0.5893136858940125 20
1761497760052 0.5668123960494995 21
1761497761893 0.5730516314506531 22
1761497763740 0.5560119152069092 23
1761497765625 0.5416238307952881 24
1761497767445 0.5138510465621948 25
1761497768595 0.5075104236602783 26
1761497770029 0.5077006816864014 27
1761497771241 0.4814373254776001 28
1761497773001 0.47028690576553345 29
1761497774320 0.44920921325683594 30
1761497775413 0.47077837586402893 31
1761497776642 0.4366343021392822 32
1761497778267 0.41699862480163574 33
1761497780317 0.4330960214138031 34
1761497782292 0.4119814336299896 35
1761497784254 0.40056005120277405 36
1761497786403 0.3871849775314331 37
1761497788713 0.3777872323989868 38
1761497790605 0.3556043803691864 39
1761497792524 0.3691155016422272 40
1761497794404 0.3391677141189575 41
1761497796336 0.3604288697242737 42
1761497798257 0.36868995428085327 43
1761497800094 0.3299095034599304 44
1761497801997 0.31283843517303467 45
1761497803925 0.31143343448638916 46
1761497805771 0.30541616678237915 47
1761497807915 0.28194645047187805 48
1761497809866 0.3452295660972595 49
1761497722332 0.9529386162757874 0
