1761468858822 0.4384787380695343 0
1761468859069 0.4571215510368347 1
1761468859363 0.4921700358390808 2
1761468859771 0.5070842504501343 3
1761468860195 0.5197613835334778 4
1761468860666 0.5167785286903381 5
1761468861108 0.5346755981445312 6
1761468861547 0.5302013158798218 7
1761468862051 0.536912739276886 8
1761468862564 0.5436241626739502 9
1761468863030 0.54511559009552 10
1761468863478 0.553318440914154 11
1761468863948 0.5600298047065735 12
1761468864393 0.5555555820465088 13
1761468864822 0.5786726474761963 14
1761468865236 0.5764355063438416 15
1761468865677 0.5704697966575623 16
1761468866079 0.564504086971283 17
1761468866517 0.5824012160301208 18
1761468866986 0.5824012160301208 19
1761468867434 0.5906040072441101 20
1761468867878 0.5771812200546265 21
1761468868345 0.591349720954895 22
1761468868804 0.5928411483764648 23
1761468869203 0.5861297249794006 24
1761468869620 0.6055182814598083 25
1761468870037 0.5980611443519592 26
1761468870438 0.600298285484314 27
1761468870936 0.6137211322784424 28
1761468871378 0.6137211322784424 29
1761468871847 0.6167039275169373 30
1761468872297 0.6077554225921631 31
1761468872764 0.6099925637245178 32
1761468873180 0.6219239234924316 33
1761468873587 0.6152125000953674 34
1761468874014 0.6144667863845825 35
1761468874448 0.6293810606002808 36
1761468874907 0.6450409889221191 37
1761468875279 0.6346010565757751 38
1761468875697 0.6368381977081299 39
1761468876148 0.6338553428649902 40
1761468876623 0.6368381977081299 41
1761468877061 0.6413124799728394 42
1761468877495 0.6405667662620544 43
1761468877940 0.6524981260299683 44
1761468878388 0.6375839114189148 45
1761468878865 0.6524981260299683 46
1761468879299 0.6442952752113342 47
1761468879715 0.6383296251296997 48
1761468880127 0.654735267162323 49
1761468858822 0.4384787380695343 0
