1761499897319 0.48355114459991455 0
1761499897565 0.5448400378227234 1
1761499897793 0.5561063289642334 2
1761499898015 0.570076584815979 3
1761499898238 0.5772870779037476 4
1761499898458 0.569625973701477 5
1761499898692 0.5926092863082886 6
1761499898966 0.5899053812026978 7
1761499899176 0.5971158146858215 8
1761499899383 0.5966651439666748 9
1761499899604 0.6119873523712158 10
1761499899816 0.6160432696342468 11
1761499900028 0.6191978454589844 12
1761499900244 0.6282109022140503 13
1761499900456 0.6363226771354675 14
1761499900665 0.6318161487579346 15
1761499900878 0.6340693831443787 16
1761499901090 0.6480396389961243 17
1761499901301 0.6430824398994446 18
1761499901507 0.6426318287849426 19
1761499901731 0.6647138595581055 20
1761499901946 0.6597566604614258 21
1761499902161 0.6579540371894836 22
1761499902373 0.6755295395851135 23
1761499902584 0.6665164232254028 24
1761499902796 0.6597566604614258 25
1761499903010 0.6822893023490906 26
1761499903228 0.6854438781738281 27
1761499903438 0.6818386912345886 28
1761499903651 0.6854438781738281 29
1761499903869 0.679134726524353 30
1761499904083 0.672374963760376 31
1761499904303 0.6773321032524109 32
1761499904518 0.6908517479896545 33
1761499904722 0.6949076056480408 34
1761499904934 0.694456934928894 35
1761499905146 0.7016674280166626 36
1761499905356 0.7039206624031067 37
1761499905585 0.7003154754638672 38
1761499905793 0.7003154754638672 39
1761499906004 0.7169896364212036 40
1761499906211 0.7034700512886047 41
1761499906415 0.7160883545875549 42
1761499906620 0.7120324373245239 43
1761499906825 0.7174403071403503 44
1761499907030 0.7273546457290649 45
1761499907238 0.7129337787628174 46
1761499907469 0.7138350605964661 47
1761499907682 0.7264533638954163 48
1761499907898 0.7354664206504822 49
1761499897319 0.48355114459991455 0
