1761499897319 0.8784443140029907 0
1761499897565 0.8312901854515076 1
1761499897793 0.8207727670669556 2
1761499898015 0.8168655037879944 3
1761499898238 0.8112363815307617 4
1761499898458 0.8082500100135803 5
1761499898692 0.8008441925048828 6
1761499898966 0.7940568327903748 7
1761499899176 0.7890769839286804 8
1761499899383 0.784791111946106 9
1761499899604 0.7820065021514893 10
1761499899816 0.7733476758003235 11
1761499900028 0.7738434672355652 12
1761499900244 0.761437177658081 13
1761499900456 0.7568250298500061 14
1761499900665 0.7612373232841492 15
1761499900878 0.7526922225952148 16
1761499901090 0.7421771287918091 17
1761499901301 0.7414982914924622 18
1761499901507 0.736146867275238 19
1761499901731 0.7281454205513 20
1761499901946 0.7267656326293945 21
1761499902161 0.72124183177948 22
1761499902373 0.7190424203872681 23
1761499902584 0.7200000882148743 24
1761499902796 0.7127883434295654 25
1761499903010 0.708673357963562 26
1761499903228 0.6944940686225891 27
1761499903438 0.6964634656906128 28
1761499903651 0.6952976584434509 29
1761499903869 0.6988006234169006 30
1761499904083 0.6927309036254883 31
1761499904303 0.6892328858375549 32
1761499904518 0.6736878752708435 33
1761499904722 0.6718824505805969 34
1761499904934 0.6668635010719299 35
1761499905146 0.6661823391914368 36
1761499905356 0.6680565476417542 37
1761499905585 0.6588513255119324 38
1761499905793 0.6574245095252991 39
1761499906004 0.6564638614654541 40
1761499906211 0.6493725180625916 41
1761499906415 0.6519719362258911 42
1761499906620 0.6457933187484741 43
1761499906825 0.6373172402381897 44
1761499907030 0.6359684467315674 45
1761499907238 0.6404445171356201 46
1761499907469 0.6287000775337219 47
1761499907682 0.6304598450660706 48
1761499907898 0.6214755773544312 49
1761499897319 0.8784443140029907 0
