1761603903798 0.9489619731903076 0
1761603904036 0.9301915168762207 1
1761603904263 0.9260464310646057 2
1761603904470 0.9247144460678101 3
1761603904683 0.924290657043457 4
1761603904915 0.9237657189369202 5
1761603905123 0.9223552942276001 6
1761603905332 0.9222258925437927 7
1761603905543 0.9231111407279968 8
1761603905775 0.9210770726203918 9
1761603905986 0.9198881983757019 10
1761603906195 0.9203438758850098 11
1761603906403 0.9200051426887512 12
1761603906612 0.9188140034675598 13
1761603906826 0.9197465777397156 14
1761603907039 0.9171310067176819 15
1761603907248 0.9199690222740173 16
1761603907455 0.9147380590438843 17
1761603907665 0.9164659380912781 18
1761603907878 0.9160250425338745 19
1761603908088 0.9124646782875061 20
1761603908298 0.9129987955093384 21
1761603908506 0.9113388657569885 22
1761603908714 0.912851870059967 23
1761603908926 0.9134230613708496 24
1761603909133 0.9100612998008728 25
1761603909342 0.9109017848968506 26
1761603909549 0.9073947668075562 27
1761603909764 0.9040918350219727 28
1761603909971 0.9056883454322815 29
1761603910183 0.9037488698959351 30
1761603910392 0.9047694206237793 31
1761603910600 0.9042744040489197 32
1761603910812 0.9041314125061035 33
1761603911019 0.9030478000640869 34
1761603911225 0.9017940759658813 35
1761603911435 0.9018917083740234 36
1761603911641 0.9020935297012329 37
1761603911849 0.9008636474609375 38
1761603912059 0.903434157371521 39
1761603912266 0.9020964503288269 40
1761603912476 0.9019356369972229 41
1761603912685 0.8989107012748718 42
1761603912893 0.8974798917770386 43
1761603913099 0.901302695274353 44
1761603913358 0.900340735912323 45
1761603913559 0.8963149189949036 46
1761603913769 0.8992758393287659 47
1761603913979 0.9004941582679749 48
1761603914187 0.8975338935852051 49
1761603903798 0.9489619731903076 0
