1761525661194 0.5931529998779297 0
1761525663107 0.5638924241065979 1
1761525664345 0.5539767742156982 2
1761525665588 0.5383830070495605 3
1761525666935 0.5386821627616882 4
1761525668673 0.5272242426872253 5
1761525670191 0.5096234083175659 6
1761525671472 0.5014485120773315 7
1761525672626 0.4854699969291687 8
1761525674059 0.4711286425590515 9
1761525675260 0.4592040777206421 10
1761525676634 0.4510030746459961 11
1761525677979 0.43367329239845276 12
1761525679298 0.41162487864494324 13
1761525681681 0.4058622419834137 14
1761525683587 0.3787078261375427 15
1761525686210 0.3833766579627991 16
1761525688598 0.38753950595855713 17
1761525690787 0.36571916937828064 18
1761525692757 0.3420201241970062 19
1761525694816 0.3300681710243225 20
1761525697067 0.318442165851593 21
1761525699326 0.32335978746414185 22
1761525701316 0.2907491624355316 23
1761525703323 0.27567338943481445 24
1761525705544 0.30409395694732666 25
1761525707780 0.284191757440567 26
1761525709935 0.28867319226264954 27
1761525711977 0.25126537680625916 28
1761525714181 0.257005512714386 29
1761525716189 0.25896620750427246 30
1761525718221 0.2433808296918869 31
1761525720281 0.2445065677165985 32
1761525722431 0.23970499634742737 33
1761525724623 0.21882589161396027 34
1761525725902 0.21457502245903015 35
1761525727329 0.23436234891414642 36
1761525728885 0.2161303460597992 37
1761525730790 0.18638643622398376 38
1761525732918 0.18379469215869904 39
1761525734795 0.18197157979011536 40
1761525736249 0.18314452469348907 41
1761525738080 0.17753590643405914 42
1761525739563 0.18254880607128143 43
1761525741032 0.17258787155151367 44
1761525742347 0.1733320951461792 45
1761525743718 0.17350009083747864 46
1761525745104 0.15497645735740662 47
1761525746675 0.16625423729419708 48
1761525748362 0.14426247775554657 49
1761525661194 0.5931529998779297 0
