1761462769142 0.38756197690963745 0
1761462769459 0.41640380024909973 1
1761462769754 0.43668317794799805 2
1761462770063 0.4538080096244812 3
1761462770364 0.4447949528694153 4
1761462770677 0.46101847290992737 5
1761462770948 0.4641730487346649 6
1761462771254 0.46462368965148926 7
1761462771542 0.4718341529369354 8
1761462771841 0.47949525713920593 9
1761462772130 0.48355114459991455 10
1761462772429 0.490310937166214 11
1761462772721 0.48715639114379883 12
1761462773006 0.49346551299095154 13
1761462773313 0.5015772581100464 14
1761462773605 0.5065344572067261 15
1761462773898 0.5038305521011353 16
1761462774205 0.5168995261192322 17
1761462774485 0.5141955614089966 18
1761462774774 0.5178008079528809 19
1761462775060 0.5367282629013062 20
1761462775352 0.5277152061462402 21
1761462775656 0.5286164879798889 22
1761462775934 0.5376295447349548 23
1761462776231 0.5421360731124878 24
1761462776520 0.5461919903755188 25
1761462776798 0.5538530945777893 26
1761462777078 0.5561063289642334 27
1761462777376 0.5619648694992065 28
1761462777666 0.5669220089912415 29
1761462777953 0.5705272555351257 30
1761462778245 0.5682740211486816 31
1761462778562 0.5651194453239441 32
1761462778835 0.565570056438446 33
1761462779115 0.5763857364654541 34
1761462779396 0.5863001346588135 35
1761462779703 0.5858494639396667 36
1761462779975 0.578639030456543 37
1761462780360 0.5912573337554932 38
1761462780653 0.5921586155891418 39
1761462780955 0.5998197197914124 40
1761462781237 0.5962145328521729 41
1761462781522 0.5926092863082886 42
1761462781804 0.6038756370544434 43
1761462782118 0.6043262481689453 44
1761462782384 0.6056782603263855 45
1761462782669 0.6038756370544434 46
1761462782945 0.6079314947128296 47
1761462783265 0.6115367412567139 48
1761462783545 0.6128886938095093 49
1761462769142 0.38756197690963745 0
