1761462769142 1.0886119604110718 0
1761462769459 1.0736335515975952 1
1761462769754 1.0589685440063477 2
1761462770063 1.051478624343872 3
1761462770364 1.0497287511825562 4
1761462770677 1.0389539003372192 5
1761462770948 1.0370079278945923 6
1761462771254 1.0270267724990845 7
1761462771542 1.0256218910217285 8
1761462771841 1.0208426713943481 9
1761462772130 1.0160804986953735 10
1761462772429 1.008782982826233 11
1761462772721 1.00486159324646 12
1761462773006 0.9998025894165039 13
1761462773313 0.9898161888122559 14
1761462773605 0.986248791217804 15
1761462773898 0.9851013422012329 16
1761462774205 0.978435218334198 17
1761462774485 0.9731137156486511 18
1761462774774 0.9680320024490356 19
1761462775060 0.9635598063468933 20
1761462775352 0.9594390988349915 21
1761462775656 0.9549671411514282 22
1761462775934 0.9488316774368286 23
1761462776231 0.9447224736213684 24
1761462776520 0.9405514597892761 25
1761462776798 0.9366164207458496 26
1761462777078 0.9344207048416138 27
1761462777376 0.9292669892311096 28
1761462777666 0.9216215014457703 29
1761462777953 0.9153454303741455 30
1761462778245 0.9102520942687988 31
1761462778562 0.9107969403266907 32
1761462778835 0.9105279445648193 33
1761462779115 0.9012993574142456 34
1761462779396 0.8942984342575073 35
1761462779703 0.8887214660644531 36
1761462779975 0.8881489634513855 37
1761462780360 0.88072270154953 38
1761462780653 0.8785209059715271 39
1761462780955 0.8689591288566589 40
1761462781237 0.8752651214599609 41
1761462781522 0.8696196675300598 42
1761462781804 0.8628931641578674 43
1761462782118 0.8569672107696533 44
1761462782384 0.8557758927345276 45
1761462782669 0.8498512506484985 46
1761462782945 0.8504891991615295 47
1761462783265 0.8490495681762695 48
1761462783545 0.8428189158439636 49
1761462769142 1.0886119604110718 0
