1761589271996 0.4008115530014038 0
1761589272419 0.41433724761009216 1
1761589272814 0.43417492508888245 2
1761589273253 0.44048693776130676 3
1761589273649 0.4477006196975708 4
1761589274065 0.4458971917629242 5
1761589274465 0.4625788927078247 6
1761589274873 0.4783588945865631 7
1761589275281 0.48827773332595825 8
1761589275672 0.500450849533081 9
1761589276074 0.4990983009338379 10
1761589276478 0.5063120126724243 11
1761589276883 0.5279530882835388 12
1761589277293 0.5275022387504578 13
1761589277721 0.5324617028236389 14
1761589278167 0.5590622425079346 15
1761589278563 0.5617673397064209 16
1761589278949 0.579801619052887 17
1761589279384 0.5915238857269287 18
1761589279794 0.6009919047355652 19
1761589280255 0.5897204875946045 20
1761589280686 0.6082056164741516 21
1761589281111 0.6158701777458191 22
1761589281575 0.6190261244773865 23
1761589282041 0.6235347390174866 24
1761589282497 0.6149684190750122 25
1761589282923 0.6424707174301147 26
1761589283338 0.646077573299408 27
1761589283759 0.6555455327033997 28
1761589284200 0.6641117930412292 29
1761589284577 0.6505861282348633 30
1761589284984 0.6767358183860779 31
1761589285367 0.6789900660514832 32
1761589285734 0.693417489528656 33
1761589286129 0.6834986209869385 34
1761589286545 0.6943191885948181 35
1761589286985 0.6997295022010803 36
1761589287382 0.6970243453979492 37
1761589287785 0.7015329003334045 38
1761589288171 0.7006312012672424 39
1761589288570 0.7209197282791138 40
1761589288967 0.7227231860160828 41
1761589289416 0.7173128724098206 42
1761589289829 0.7258791923522949 43
1761589290231 0.7353471517562866 44
1761589290655 0.7515779733657837 45
1761589291131 0.7434625625610352 46
1761589291562 0.757889986038208 47
1761589291957 0.755635678768158 48
1761589292354 0.7488728761672974 49
1761589292810 0.7682597041130066 50
1761589293174 0.7673580050468445 51
1761589293604 0.7687105536460876 52
1761589293977 0.7741208076477051 53
1761589294367 0.7858430743217468 54
1761589294761 0.7799819707870483 55
1761589295196 0.7871956825256348 56
1761589295575 0.7885482311248779 57
1761589295970 0.8011722564697266 58
1761589296367 0.804779052734375 59
1761589296770 0.8020739555358887 60
1761589297156 0.804328203201294 61
1761589297552 0.8187556266784668 62
1761589297946 0.8110910654067993 63
1761589298379 0.8196573257446289 64
1761589298807 0.807033360004425 65
1761589299268 0.821911633014679 66
1761589299642 0.8142470717430115 67
1761589300039 0.8318305015563965 68
1761589300419 0.8232641816139221 69
1761589300811 0.8322813510894775 70
1761589301189 0.8444544672966003 71
1761589301628 0.8390442132949829 72
1761589302024 0.839495062828064 73
1761589302423 0.837691605091095 74
1761589302859 0.8521190285682678 75
1761589303266 0.8435527682304382 76
1761589303681 0.8507664799690247 77
1761589304073 0.8444544672966003 78
1761589304468 0.8512173295021057 79
1761589304881 0.8561767339706421 80
1761589305295 0.8728584051132202 81
1761589305703 0.8570784330368042 82
1761589306110 0.8575292825698853 83
1761589306507 0.8665464520454407 84
1761589306912 0.871055006980896 85
1761589307325 0.8597835898399353 86
1761589307735 0.8778178691864014 87
1761589308133 0.8859332799911499 88
1761589308522 0.8706041574478149 89
1761589308985 0.8597835898399353 90
1761589309497 0.8814247250556946 91
1761589310020 0.8881875276565552 92
1761589310583 0.8651938438415527 93
1761589311124 0.8832281231880188 94
1761589311608 0.8832281231880188 95
1761589312174 0.8755635619163513 96
1761589312761 0.8760144114494324 97
1761589313406 0.8746618628501892 98
1761589314078 0.8859332799911499 99
1761589271996 0.4008115530014038 0
