1761589271996 1.0813480615615845 0
1761589272419 1.0679621696472168 1
1761589272814 1.0613023042678833 2
1761589273253 1.0530229806900024 3
1761589273649 1.0467252731323242 4
1761589274065 1.0433483123779297 5
1761589274465 1.0339266061782837 6
1761589274873 1.0254637002944946 7
1761589275281 1.018821358680725 8
1761589275672 1.0121304988861084 9
1761589276074 0.995697021484375 10
1761589276478 0.9910672903060913 11
1761589276883 0.9758217930793762 12
1761589277293 0.9679548144340515 13
1761589277721 0.9647741913795471 14
1761589278167 0.9384664297103882 15
1761589278563 0.9392252564430237 16
1761589278949 0.9043657183647156 17
1761589279384 0.8947003483772278 18
1761589279794 0.8800550103187561 19
1761589280255 0.8775416016578674 20
1761589280686 0.8582494258880615 21
1761589281111 0.8497276306152344 22
1761589281575 0.8302627801895142 23
1761589282041 0.8221219778060913 24
1761589282497 0.8131383061408997 25
1761589282923 0.7944006323814392 26
1761589283338 0.7857581973075867 27
1761589283759 0.773246169090271 28
1761589284200 0.753397524356842 29
1761589284577 0.7654447555541992 30
1761589284984 0.7350338697433472 31
1761589285367 0.7200531363487244 32
1761589285734 0.7093853950500488 33
1761589286129 0.7254491448402405 34
1761589286545 0.686042845249176 35
1761589286985 0.6815701127052307 36
1761589287382 0.6787589192390442 37
1761589287785 0.6676548719406128 38
1761589288171 0.6614560484886169 39
1761589288570 0.6401762366294861 40
1761589288967 0.6432581543922424 41
1761589289416 0.6450280547142029 42
1761589289829 0.6352686285972595 43
1761589290231 0.6119361519813538 44
1761589290655 0.5922033786773682 45
1761589291131 0.586644172668457 46
1761589291562 0.5723792314529419 47
1761589291957 0.5699875354766846 48
1761589292354 0.5709842443466187 49
1761589292810 0.5439268946647644 50
1761589293174 0.5557801723480225 51
1761589293604 0.5401764512062073 52
1761589293977 0.5395064949989319 53
1761589294367 0.5015696883201599 54
1761589294761 0.5252353549003601 55
1761589295196 0.5246286988258362 56
1761589295575 0.5023477077484131 57
1761589295970 0.4805689752101898 58
1761589296367 0.4726528525352478 59
1761589296770 0.4733944535255432 60
1761589297156 0.47448426485061646 61
1761589297552 0.44707852602005005 62
1761589297946 0.460824579000473 63
1761589298379 0.4442339539527893 64
1761589298807 0.4638460576534271 65
1761589299268 0.4272003471851349 66
1761589299642 0.4519462287425995 67
1761589300039 0.4218186140060425 68
1761589300419 0.41898295283317566 69
1761589300811 0.40919366478919983 70
1761589301189 0.3890443444252014 71
1761589301628 0.39297330379486084 72
1761589302024 0.4019482433795929 73
1761589302423 0.38131770491600037 74
1761589302859 0.37623918056488037 75
1761589303266 0.37913602590560913 76
1761589303681 0.3602055013179779 77
1761589304073 0.3735009431838989 78
1761589304468 0.35959944128990173 79
1761589304881 0.35104840993881226 80
1761589305295 0.3322799503803253 81
1761589305703 0.3558243215084076 82
1761589306110 0.3412717878818512 83
1761589306507 0.3224625587463379 84
1761589306912 0.3211194574832916 85
1761589307325 0.36159613728523254 86
1761589307735 0.31341981887817383 87
1761589308133 0.31077295541763306 88
1761589308522 0.31946879625320435 89
1761589308985 0.3431864380836487 90
1761589309497 0.3036220669746399 91
1761589310020 0.29916056990623474 92
1761589310583 0.34240105748176575 93
1761589311124 0.3095206320285797 94
1761589311608 0.2955845892429352 95
1761589312174 0.32294225692749023 96
1761589312761 0.3194221258163452 97
1761589313406 0.31235650181770325 98
1761589314078 0.2943717837333679 99
1761589271996 1.0813480615615845 0
