1761515785817 0.45606130361557007 0
1761515786832 0.47453808784484863 1
1761515787287 0.4867057204246521 2
1761515787688 0.4686795771121979 3
1761515788115 0.4781433045864105 4
1761515788531 0.46462368965148926 5
1761515788925 0.47318610548973083 6
1761515789313 0.4713835120201111 7
1761515789771 0.4880576729774475 8
1761515790284 0.48355114459991455 9
1761515790815 0.46101847290992737 10
1761515791255 0.47363677620887756 11
1761515791711 0.4776926636695862 12
1761515792198 0.4993240237236023 13
1761515792647 0.4655250012874603 14
1761515793266 0.48625507950782776 15
1761515793799 0.46732762455940247 16
1761515794252 0.46732762455940247 17
1761515794684 0.4880576729774475 18
1761515795112 0.4767913520336151 19
1761515795536 0.48715639114379883 20
1761515795999 0.47859397530555725 21
1761515796401 0.48760703206062317 22
1761515796801 0.4952681362628937 23
1761515797216 0.4894096553325653 24
1761515797630 0.4966200888156891 25
1761515798064 0.504281222820282 26
1761515798523 0.504281222820282 27
1761515798941 0.4979720711708069 28
1761515799363 0.5281658172607422 29
1761515799787 0.5308697819709778 30
1761515800203 0.5371789336204529 31
1761515800621 0.5493465662002563 32
1761515801039 0.5493465662002563 33
1761515801460 0.5714285969734192 34
1761515801881 0.5691753029823303 35
1761515802292 0.5881027579307556 36
1761515802689 0.5966651439666748 37
1761515803084 0.5903559923171997 38
1761515803482 0.5989184379577637 39
1761515803912 0.6070302128791809 40
1761515804343 0.5899053812026978 41
1761515804729 0.5948625802993774 42
1761515805148 0.6020730137825012 43
1761515805582 0.6079314947128296 44
1761515806026 0.608832836151123 45
1761515806471 0.6160432696342468 46
1761515806884 0.628661572933197 47
1761515807284 0.6187471747398376 48
1761515807693 0.6340693831443787 49
1761515785817 0.45606130361557007 0
