1761589782129 1.0410248041152954 0
1761589783357 1.0301318168640137 1
1761589784376 1.0253559350967407 2
1761589787331 1.0252400636672974 3
1761589789239 1.0204572677612305 4
1761589790811 1.0093200206756592 5
1761589792985 0.9998628497123718 6
1761589794617 0.999119222164154 7
1761589795865 0.9921247363090515 8
1761589797167 0.969354510307312 9
1761589798366 0.970759928226471 10
1761589799425 0.9496570825576782 11
1761589800617 0.9390957355499268 12
1761589801812 0.9316195845603943 13
1761589802976 0.9078539609909058 14
1761589804064 0.8968158960342407 15
1761589805149 0.8867432475090027 16
1761589806101 0.865830659866333 17
1761589807098 0.8697580695152283 18
1761589808110 0.8452772498130798 19
1761589809183 0.8310937881469727 20
1761589810298 0.834930419921875 21
1761589811404 0.8122610449790955 22
1761589812558 0.8033478260040283 23
1761589813713 0.7811928987503052 24
1761589814797 0.7704314589500427 25
1761589815788 0.7730491757392883 26
1761589816969 0.7483716011047363 27
1761589818145 0.7277365326881409 28
1761589819261 0.7454108595848083 29
1761589820281 0.7135408520698547 30
1761589821330 0.6990987658500671 31
1761589822416 0.7088894844055176 32
1761589823381 0.6667101383209229 33
1761589824299 0.6785213947296143 34
1761589825329 0.6552035212516785 35
1761589826367 0.6534589529037476 36
1761589827409 0.6401686668395996 37
1761589828460 0.6176825761795044 38
1761589829539 0.6095778346061707 39
1761589830465 0.6023224592208862 40
1761589831483 0.5738991498947144 41
1761589832544 0.5650327205657959 42
1761589833521 0.5603379011154175 43
1761589834521 0.5345995426177979 44
1761589835509 0.5163561105728149 45
1761589836476 0.5009756088256836 46
1761589837545 0.4947618246078491 47
1761589838562 0.509877622127533 48
1761589839564 0.4989105463027954 49
1761589840527 0.47577983140945435 50
1761589841585 0.4626278877258301 51
1761589842617 0.43118661642074585 52
1761589843607 0.41972365975379944 53
1761589844540 0.41765153408050537 54
1761589845616 0.4295900762081146 55
1761589846563 0.38862574100494385 56
1761589847480 0.36717915534973145 57
1761589848403 0.36939725279808044 58
1761589849316 0.3779306709766388 59
1761589850252 0.3893643915653229 60
1761589851189 0.32398054003715515 61
1761589852191 0.32509562373161316 62
1761589853207 0.3360575735569 63
1761589854311 0.3163655400276184 64
1761589855582 0.30361536145210266 65
1761589856786 0.3043629229068756 66
1761589858476 0.28664928674697876 67
1761589860876 0.28573375940322876 68
1761589862887 0.2713537812232971 69
1761589864011 0.2730444073677063 70
1761589865011 0.2593439817428589 71
1761589866036 0.26047447323799133 72
1761589867067 0.26392099261283875 73
1761589868134 0.23382829129695892 74
1761589869072 0.2607583999633789 75
1761589870003 0.2262902706861496 76
1761589870943 0.22822684049606323 77
1761589871883 0.27948886156082153 78
1761589872849 0.22349925339221954 79
1761589873793 0.20296643674373627 80
1761589874722 0.2016231119632721 81
1761589875697 0.17992627620697021 82
1761589876733 0.17830778658390045 83
1761589877724 0.22439806163311005 84
1761589878704 0.21230292320251465 85
1761589879636 0.1908087134361267 86
1761589880569 0.2086426019668579 87
1761589881507 0.1767263114452362 88
1761589882442 0.21637265384197235 89
1761589883369 0.1997215896844864 90
1761589884288 0.1812361180782318 91
1761589885200 0.172751784324646 92
1761589886121 0.1668332815170288 93
1761589887104 0.21253006160259247 94
1761589888065 0.18566156923770905 95
1761589889027 0.15306183695793152 96
1761589889974 0.1604180783033371 97
1761589890922 0.1702127307653427 98
1761589891868 0.1632666438817978 99
1761589782129 1.0410248041152954 0
