1761466085165 0.4146011769771576 0
1761466085476 0.44299232959747314 1
1761466085903 0.43442991375923157 2
1761466086569 0.44975215196609497 3
1761466087166 0.4641730487346649 4
1761466087699 0.46191978454589844 5
1761466088242 0.45921584963798523 6
1761466088605 0.46732762455940247 7
1761466089114 0.4826498329639435 8
1761466089647 0.47994592785835266 9
1761466090188 0.48129788041114807 10
1761466090729 0.490310937166214 11
1761466091269 0.4952681362628937 12
1761466091797 0.49481749534606934 13
1761466092344 0.5029292702674866 14
1761466092882 0.5223073363304138 15
1761466093422 0.5119423270225525 16
1761466093967 0.5182514786720276 17
1761466094513 0.5254619121551514 18
1761466095128 0.519603431224823 19
1761466095694 0.5209553837776184 20
1761466096269 0.5331230163574219 21
1761466096849 0.5362775921821594 22
1761466097390 0.5335736870765686 23
1761466097903 0.5439386963844299 24
1761466098453 0.5461919903755188 25
1761466099026 0.5421360731124878 26
1761466099600 0.5637674331665039 27
1761466100143 0.5570076704025269 28
1761466100696 0.550247848033905 29
1761466101292 0.5660207271575928 30
1761466101812 0.5615141987800598 31
1761466102442 0.5552050471305847 32
1761466103009 0.5709779262542725 33
1761466103633 0.5759351253509521 34
1761466104257 0.5804416537284851 35
1761466104842 0.5790897011756897 36
1761466105372 0.5926092863082886 37
1761466105954 0.5799909830093384 38
1761466106493 0.5921586155891418 39
1761466107035 0.5971158146858215 40
1761466107578 0.5962145328521729 41
1761466108131 0.6173952221870422 42
1761466108558 0.5912573337554932 43
1761466109096 0.609283447265625 44
1761466109622 0.5993691086769104 45
1761466110362 0.6146913170814514 46
1761466111256 0.6124380230903625 47
1761466111922 0.6146913170814514 48
1761466112559 0.6200991272926331 49
1761466085165 0.4146011769771576 0
