1761466085165 1.0806572437286377 0
1761466085476 1.0568605661392212 1
1761466085903 1.0558491945266724 2
1761466086569 1.0458130836486816 3
1761466087166 1.0403940677642822 4
1761466087699 1.03346586227417 5
1761466088242 1.0316706895828247 6
1761466088605 1.025342345237732 7
1761466089114 1.0148324966430664 8
1761466089647 1.0155807733535767 9
1761466090188 1.008082389831543 10
1761466090729 1.0059643983840942 11
1761466091269 0.9966937899589539 12
1761466091797 0.994813084602356 13
1761466092344 0.9882755279541016 14
1761466092882 0.9825716018676758 15
1761466093422 0.9803228378295898 16
1761466093967 0.9755091667175293 17
1761466094513 0.9684925675392151 18
1761466095128 0.9651347398757935 19
1761466095694 0.9587999582290649 20
1761466096269 0.959636926651001 21
1761466096849 0.9492818117141724 22
1761466097390 0.9443468451499939 23
1761466097903 0.9394424557685852 24
1761466098453 0.9380536079406738 25
1761466099026 0.9325941801071167 26
1761466099600 0.9248537421226501 27
1761466100143 0.9232620596885681 28
1761466100696 0.9261850118637085 29
1761466101292 0.9145278930664062 30
1761466101812 0.9134209752082825 31
1761466102442 0.9097301363945007 32
1761466103009 0.9039129614830017 33
1761466103633 0.8987137675285339 34
1761466104257 0.8927030563354492 35
1761466104842 0.8940735459327698 36
1761466105372 0.8820959329605103 37
1761466105954 0.8877834677696228 38
1761466106493 0.8761736154556274 39
1761466107035 0.8717948198318481 40
1761466107578 0.866852343082428 41
1761466108131 0.8600073456764221 42
1761466108558 0.8623831868171692 43
1761466109096 0.8521055579185486 44
1761466109622 0.8597803115844727 45
1761466110362 0.8503999710083008 46
1761466111256 0.8494454622268677 47
1761466111922 0.8391867876052856 48
1761466112559 0.8359031677246094 49
1761466085165 1.0806572437286377 0
