1761598153103 0.5396825671195984 0
1761598153475 0.5443121790885925 1
1761598153806 0.5443121790885925 2
1761598154145 0.5443121790885925 3
1761598154497 0.5443121790885925 4
1761598154819 0.5443121790885925 5
1761598155164 0.5443121790885925 6
1761598155493 0.5443121790885925 7
1761598155802 0.5443121790885925 8
1761598156119 0.5443121790885925 9
1761598156413 0.5443121790885925 10
1761598156718 0.5443121790885925 11
1761598157022 0.5443121790885925 12
1761598157339 0.5443121790885925 13
1761598157670 0.5443121790885925 14
1761598157967 0.5443121790885925 15
1761598158276 0.5443121790885925 16
1761598158605 0.5443121790885925 17
1761598158915 0.5443121790885925 18
1761598159230 0.5443121790885925 19
1761598159538 0.5443121790885925 20
1761598159855 0.5443121790885925 21
1761598160169 0.5443121790885925 22
1761598160483 0.5443121790885925 23
1761598160800 0.5443121790885925 24
1761598161113 0.5443121790885925 25
1761598161426 0.5443121790885925 26
1761598161741 0.5443121790885925 27
1761598162058 0.5443121790885925 28
1761598162373 0.5443121790885925 29
1761598162687 0.5443121790885925 30
1761598163001 0.5443121790885925 31
1761598163312 0.5443121790885925 32
1761598163624 0.5443121790885925 33
1761598163932 0.5443121790885925 34
1761598164244 0.5443121790885925 35
1761598164563 0.5443121790885925 36
1761598164872 0.5443121790885925 37
1761598165190 0.5443121790885925 38
1761598165500 0.5443121790885925 39
1761598165810 0.5443121790885925 40
1761598166110 0.5443121790885925 41
1761598166420 0.5443121790885925 42
1761598166734 0.5443121790885925 43
1761598167035 0.5443121790885925 44
1761598167342 0.5443121790885925 45
1761598167649 0.5443121790885925 46
1761598167945 0.5443121790885925 47
1761598168254 0.5443121790885925 48
1761598168568 0.5443121790885925 49
1761598153103 0.5396825671195984 0
