1761598153103 0.9576570391654968 0
1761598153475 0.9506288766860962 1
1761598153806 0.9606229066848755 2
1761598154145 0.9545019268989563 3
1761598154497 0.9585443139076233 4
1761598154819 0.950190007686615 5
1761598155164 0.9490750432014465 6
1761598155493 0.9512289762496948 7
1761598155802 0.9523741006851196 8
1761598156119 0.9498782157897949 9
1761598156413 0.9522803425788879 10
1761598156718 0.9568558931350708 11
1761598157022 0.9493292570114136 12
1761598157339 0.9519282579421997 13
1761598157670 0.9498643279075623 14
1761598157967 0.9519094824790955 15
1761598158276 0.9515863656997681 16
1761598158605 0.94998699426651 17
1761598158915 0.9508291482925415 18
1761598159230 0.9492777585983276 19
1761598159538 0.9524438977241516 20
1761598159855 0.9528133869171143 21
1761598160169 0.949327826499939 22
1761598160483 0.9515852928161621 23
1761598160800 0.9510254859924316 24
1761598161113 0.9478179812431335 25
1761598161426 0.9518231749534607 26
1761598161741 0.9494039416313171 27
1761598162058 0.9490492939949036 28
1761598162373 0.9474858641624451 29
1761598162687 0.9497987627983093 30
1761598163001 0.9510288834571838 31
1761598163312 0.9490705132484436 32
1761598163624 0.9480513334274292 33
1761598163932 0.9492014646530151 34
1761598164244 0.9472787976264954 35
1761598164563 0.9481733441352844 36
1761598164872 0.9472603797912598 37
1761598165190 0.9512287378311157 38
1761598165500 0.949130117893219 39
1761598165810 0.9475067257881165 40
1761598166110 0.9476301670074463 41
1761598166420 0.9483517408370972 42
1761598166734 0.9480777382850647 43
1761598167035 0.9478463530540466 44
1761598167342 0.9468595385551453 45
1761598167649 0.9484344124794006 46
1761598167945 0.9474664330482483 47
1761598168254 0.948951005935669 48
1761598168568 0.9475542306900024 49
1761598153103 0.9576570391654968 0
