1761604905263 0.41614067554473877 0
1761604905499 0.44364291429519653 1
1761604905716 0.46483317017555237 2
1761604905935 0.466636598110199 3
1761604906150 0.49188458919525146 4
1761604906376 0.5094679594039917 5
1761604906636 0.5085662603378296 6
1761604906865 0.5284039378166199 7
1761604907078 0.5392245054244995 8
1761604907309 0.5432822108268738 9
1761604907539 0.5522993803024292 10
1761604907764 0.5509467720985413 11
1761604907988 0.5649233460426331 12
1761604908221 0.5793507695198059 13
1761604908440 0.5852118730545044 14
1761604908680 0.5937781929969788 15
1761604908900 0.5843101739883423 16
1761604909142 0.5879170298576355 17
1761604909358 0.5987375974655151 18
1761604909583 0.6073038578033447 19
1761604909826 0.6050496101379395 20
1761604910058 0.6082056164741516 21
1761604910300 0.6217312812805176 22
1761604910548 0.6203787326812744 23
1761604910775 0.6199278831481934 24
1761604910992 0.6208295822143555 25
1761604911219 0.6357078552246094 26
1761604911446 0.6433724164962769 27
1761604911678 0.6402164101600647 28
1761604911902 0.644274115562439 29
1761604912158 0.6591523885726929 30
1761604912387 0.64472496509552 31
1761604912635 0.6550946831703186 32
1761604912895 0.6546438336372375 33
1761604913194 0.6596032381057739 34
1761604913475 0.6641117930412292 35
1761604913777 0.661857545375824 36
1761604914027 0.6686204075813293 37
1761604914257 0.6609557867050171 38
1761604914496 0.6681694984436035 39
1761604914736 0.6645626425743103 40
1761604914976 0.6708746552467346 41
1761604915216 0.678088366985321 42
1761604915610 0.6825969219207764 43
1761604915874 0.6681694984436035 44
1761604916130 0.6884580850601196 45
1761604916358 0.6771866679191589 46
1761604916578 0.6875563859939575 47
1761604916807 0.6866546273231506 48
1761604917025 0.6889089345932007 49
1761604905263 0.41614067554473877 0
