1761604905263 1.0772587060928345 0
1761604905499 1.0551985502243042 1
1761604905716 1.0429818630218506 2
1761604905935 1.0328508615493774 3
1761604906150 1.020577311515808 4
1761604906376 1.004228115081787 5
1761604906636 0.9971251487731934 6
1761604906865 0.9813834428787231 7
1761604907078 0.9694259762763977 8
1761604907309 0.9629964232444763 9
1761604907539 0.9537481069564819 10
1761604907764 0.9471901059150696 11
1761604907988 0.9334460496902466 12
1761604908221 0.9232812523841858 13
1761604908440 0.91219162940979 14
1761604908680 0.9044269919395447 15
1761604908900 0.9032922983169556 16
1761604909142 0.8918449878692627 17
1761604909358 0.8808238506317139 18
1761604909583 0.8694378733634949 19
1761604909826 0.8665556311607361 20
1761604910058 0.8548617362976074 21
1761604910300 0.8502752780914307 22
1761604910548 0.8423517346382141 23
1761604910775 0.8308387994766235 24
1761604910992 0.8291090726852417 25
1761604911219 0.8206244707107544 26
1761604911446 0.8100824356079102 27
1761604911678 0.8172381520271301 28
1761604911902 0.7964550256729126 29
1761604912158 0.7865211963653564 30
1761604912387 0.7949824929237366 31
1761604912635 0.7881942987442017 32
1761604912895 0.7784481048583984 33
1761604913194 0.7774555087089539 34
1761604913475 0.7665511965751648 35
1761604913777 0.7696824073791504 36
1761604914027 0.7611557245254517 37
1761604914257 0.7639591693878174 38
1761604914496 0.7546705603599548 39
1761604914736 0.7541670203208923 40
1761604914976 0.746097207069397 41
1761604915216 0.7437000870704651 42
1761604915610 0.7311455011367798 43
1761604915874 0.7420864701271057 44
1761604916130 0.7272566556930542 45
1761604916358 0.7323421239852905 46
1761604916578 0.7279646396636963 47
1761604916807 0.7256600260734558 48
1761604917025 0.7167102098464966 49
1761604905263 1.0772587060928345 0
