1761605197425 1.0682485103607178 0
1761605197824 1.0512008666992188 1
1761605198192 1.0383731126785278 2
1761605198560 1.0294655561447144 3
1761605198933 1.0116016864776611 4
1761605199307 0.9918692708015442 5
1761605199676 0.9790511131286621 6
1761605200038 0.9615833163261414 7
1761605200406 0.9475993514060974 8
1761605200820 0.928875744342804 9
1761605201215 0.9092318415641785 10
1761605201591 0.894055962562561 11
1761605201966 0.8764459490776062 12
1761605202337 0.8446528911590576 13
1761605202694 0.8394255042076111 14
1761605203061 0.8218182325363159 15
1761605203433 0.7921878695487976 16
1761605203804 0.7840282917022705 17
1761605204185 0.7714252471923828 18
1761605204560 0.7425385117530823 19
1761605204924 0.7292578220367432 20
1761605205292 0.7310313582420349 21
1761605205664 0.683154284954071 22
1761605206039 0.6665868163108826 23
1761605206487 0.6640746593475342 24
1761605206875 0.6536195278167725 25
1761605207236 0.6505221724510193 26
1761605207606 0.6172788739204407 27
1761605207977 0.6184667348861694 28
1761605208340 0.605830192565918 29
1761605208708 0.5999410152435303 30
1761605209073 0.5955609679222107 31
1761605209446 0.5789992809295654 32
1761605209814 0.5689458250999451 33
1761605210185 0.5559598803520203 34
1761605210571 0.5512410998344421 35
1761605210969 0.5349081158638 36
1761605211371 0.5195173025131226 37
1761605211890 0.5205694437026978 38
1761605212251 0.4985811114311218 39
1761605212629 0.5086537003517151 40
1761605213002 0.5158467888832092 41
1761605213379 0.48400944471359253 42
1761605213752 0.48384350538253784 43
1761605214129 0.4714980125427246 44
1761605214498 0.4602615535259247 45
1761605214918 0.43927091360092163 46
1761605215300 0.4388386011123657 47
1761605215659 0.43148645758628845 48
1761605216029 0.4438156187534332 49
1761605197425 1.0682485103607178 0
