1761516997612 0.5263632535934448 0
1761516997925 0.5430374145507812 1
1761516998156 0.5506985187530518 2
1761516998370 0.554754376411438 3
1761516998635 0.5669220089912415 4
1761516998865 0.5669220089912415 5
1761516999083 0.5709779262542725 6
1761516999293 0.5727805495262146 7
1761516999502 0.5826948881149292 8
1761516999717 0.5799909830093384 9
1761516999928 0.5849481821060181 10
1761517000137 0.5908066630363464 11
1761517000344 0.5948625802993774 12
1761517000553 0.5935105681419373 13
1761517000764 0.5989184379577637 14
1761517000975 0.6115367412567139 15
1761517001185 0.6070302128791809 16
1761517001400 0.613339364528656 17
1761517001614 0.6187471747398376 18
1761517001821 0.6187471747398376 19
1761517002025 0.6300135254859924 20
1761517002224 0.6313654780387878 21
1761517002427 0.6403785347938538 22
1761517002640 0.6255069971084595 23
1761517002855 0.63316810131073 24
1761517003070 0.6471383571624756 25
1761517003282 0.6552501320838928 26
1761517003491 0.657052755355835 27
1761517003701 0.6547994613647461 28
1761517003912 0.659305989742279 29
1761517004123 0.6732762455940247 30
1761517004333 0.6701216697692871 31
1761517004543 0.6705723404884338 32
1761517004755 0.6629112362861633 33
1761517004966 0.6822893023490906 34
1761517005175 0.6696709990501404 35
1761517005380 0.672374963760376 36
1761517005591 0.6854438781738281 37
1761517005802 0.6854438781738281 38
1761517006015 0.6908517479896545 39
1761517006230 0.6840919256210327 40
1761517006441 0.6804866790771484 41
1761517006652 0.6953582763671875 42
1761517006864 0.6949076056480408 43
1761517007080 0.7021180987358093 44
1761517007285 0.7043713331222534 45
1761517007485 0.698512852191925 46
1761517007690 0.6971608996391296 47
1761517007898 0.7039206624031067 48
1761517008108 0.6971608996391296 49
1761516997612 0.5263632535934448 0
