1761612750433 0.44634807109832764 0
1761612751044 0.4693417549133301 1
1761612751597 0.47430115938186646 2
1761612752184 0.47520288825035095 3
1761612752720 0.47790801525115967 4
1761612753268 0.4887285828590393 5
1761612753814 0.47700631618499756 6
1761612754359 0.4887285828590393 7
1761612754892 0.48917943239212036 8
1761612755409 0.4801623225212097 9
1761612755951 0.4887285828590393 10
1761612756500 0.4887285828590393 11
1761612757019 0.4887285828590393 12
1761612757541 0.4887285828590393 13
1761612758058 0.4887285828590393 14
1761612758581 0.4887285828590393 15
1761612759117 0.4887285828590393 16
1761612759659 0.4887285828590393 17
1761612760161 0.4887285828590393 18
1761612760720 0.4887285828590393 19
1761612761247 0.4887285828590393 20
1761612761771 0.4887285828590393 21
1761612762299 0.4887285828590393 22
1761612762816 0.4887285828590393 23
1761612763341 0.4887285828590393 24
1761612763863 0.4887285828590393 25
1761612764377 0.4887285828590393 26
1761612764883 0.4887285828590393 27
1761612765429 0.4887285828590393 28
1761612765977 0.4887285828590393 29
1761612766497 0.4824165999889374 30
1761612767033 0.4887285828590393 31
1761612767586 0.4887285828590393 32
1761612768129 0.4887285828590393 33
1761612768704 0.49008116126060486 34
1761612769236 0.4896303117275238 35
1761612769758 0.49504056572914124 36
1761612770268 0.4945897161960602 37
1761612770785 0.48647430539131165 38
1761612771354 0.49684399366378784 39
1761612771885 0.5009016990661621 40
1761612772438 0.49188458919525146 41
1761612772972 0.49684399366378784 42
1761612773520 0.4981965720653534 43
1761612774070 0.5045085549354553 44
1761612774626 0.5117222666740417 45
1761612775155 0.49864742159843445 46
1761612775683 0.5103697180747986 47
1761612776209 0.5085662603378296 48
1761612776745 0.5040577054023743 49
1761612750433 0.44634807109832764 0
