1761532654867 0.8847983479499817 0
1761532655166 0.8444012403488159 1
1761532655430 0.8298813700675964 2
1761532655674 0.8255399465560913 3
1761532655923 0.8237529397010803 4
1761532656179 0.8123293519020081 5
1761532656427 0.8024870157241821 6
1761532656688 0.7977750897407532 7
1761532656938 0.7925116419792175 8
1761532657198 0.7851353883743286 9
1761532657449 0.7789328694343567 10
1761532657704 0.7716310620307922 11
1761532657951 0.7642261385917664 12
1761532658200 0.7600398063659668 13
1761532658443 0.7564237713813782 14
1761532658689 0.7501482963562012 15
1761532658933 0.7466580271720886 16
1761532659175 0.7339913845062256 17
1761532659418 0.7282292246818542 18
1761532659671 0.7275604009628296 19
1761532659917 0.7196648716926575 20
1761532660166 0.7112565040588379 21
1761532660422 0.7090970277786255 22
1761532660674 0.7017818689346313 23
1761532660926 0.6979390978813171 24
1761532661167 0.6913907527923584 25
1761532661417 0.6835306286811829 26
1761532661649 0.6870588660240173 27
1761532661889 0.6753118634223938 28
1761532662134 0.6733275651931763 29
1761532662430 0.6657230257987976 30
1761532662695 0.6633962392807007 31
1761532662949 0.6631819605827332 32
1761532663269 0.649764895439148 33
1761532663517 0.6544141173362732 34
1761532663777 0.6440491080284119 35
1761532664035 0.6388895511627197 36
1761532664292 0.6304538249969482 37
1761532664530 0.6289070248603821 38
1761532664821 0.6241844892501831 39
1761532665063 0.6216166615486145 40
1761532665295 0.6146438121795654 41
1761532665567 0.608079195022583 42
1761532665836 0.6145800948143005 43
1761532666105 0.6081354022026062 44
1761532666385 0.6050156354904175 45
1761532666636 0.6009864211082458 46
1761532666895 0.6027242541313171 47
1761532667137 0.6040586233139038 48
1761532667416 0.5940208435058594 49
1761532667702 0.5802817344665527 50
1761532668040 0.59681636095047 51
1761532668696 0.5750747323036194 52
1761532668949 0.5846433043479919 53
1761532669213 0.5779339671134949 54
1761532669460 0.5723186731338501 55
1761532669713 0.5742063522338867 56
1761532669984 0.5577776432037354 57
1761532670236 0.5665979385375977 58
1761532670537 0.5643671751022339 59
1761532670814 0.5597641468048096 60
1761532671068 0.5518412590026855 61
1761532671383 0.5488889813423157 62
1761532671651 0.5474298000335693 63
1761532671913 0.5529505014419556 64
1761532672168 0.5473023056983948 65
1761532672418 0.5422680377960205 66
1761532672691 0.537152111530304 67
1761532672937 0.5377531051635742 68
1761532673185 0.5335890054702759 69
1761532673502 0.5295206904411316 70
1761532673742 0.522728443145752 71
1761532674015 0.5243616104125977 72
1761532674233 0.5268568992614746 73
1761532674466 0.521873950958252 74
1761532674709 0.5156708359718323 75
1761532674918 0.5249054431915283 76
1761532675168 0.5101576447486877 77
1761532675414 0.5237548351287842 78
1761532675630 0.5131371021270752 79
1761532675866 0.5135330557823181 80
1761532676088 0.5088409185409546 81
1761532676315 0.49808406829833984 82
1761532676552 0.5137011408805847 83
1761532676764 0.507276177406311 84
1761532676973 0.49818819761276245 85
1761532677214 0.5005247592926025 86
1761532677427 0.4942851960659027 87
1761532677650 0.4918248653411865 88
1761532677877 0.5011821985244751 89
1761532678127 0.49371957778930664 90
1761532678364 0.4845505356788635 91
1761532678586 0.47863659262657166 92
1761532678803 0.48658299446105957 93
1761532679015 0.4811382293701172 94
1761532679225 0.4794008135795593 95
1761532679472 0.4645482301712036 96
1761532679695 0.47706717252731323 97
1761532679909 0.47069624066352844 98
1761532680130 0.48563551902770996 99
1761532654867 0.8847983479499817 0
