1761532558862 0.5371789336204529 0
1761532559294 0.5619648694992065 1
1761532559681 0.5678233504295349 2
1761532560066 0.5835962295532227 3
1761532560454 0.5962145328521729 4
1761532560841 0.6097341179847717 5
1761532561236 0.6128886938095093 6
1761532561782 0.6349707245826721 7
1761532562426 0.6381253004074097 8
1761532562850 0.6471383571624756 9
1761532563321 0.6507436037063599 10
1761532563763 0.6692203879356384 11
1761532564156 0.6687697172164917 12
1761532564602 0.6800360679626465 13
1761532565070 0.6913023591041565 14
1761532565463 0.6980621814727783 15
1761532565856 0.7048220038414001 16
1761532566247 0.6971608996391296 17
1761532566656 0.7264533638954163 18
1761532567047 0.7278053164482117 19
1761532567445 0.7368183732032776 20
1761532567830 0.7503380179405212 21
1761532568217 0.742226243019104 22
1761532568632 0.7431275248527527 23
1761532569027 0.7611536979675293 24
1761532569421 0.7539432048797607 25
1761532569826 0.7638576030731201 26
1761532570196 0.7674628496170044 27
1761532570613 0.7625056505203247 28
1761532571014 0.772870659828186 29
1761532571400 0.7854889631271362 30
1761532571803 0.7845876812934875 31
1761532572220 0.7854889631271362 32
1761532572602 0.785939633846283 33
1761532573005 0.7936007380485535 34
1761532573407 0.7949526906013489 35
1761532573775 0.8021631240844727 36
1761532574150 0.8093736171722412 37
1761532574549 0.7976565957069397 38
1761532574935 0.8152320981025696 39
1761532575338 0.816584050655365 40
1761532575745 0.8192879557609558 41
1761532576117 0.8134294748306274 42
1761532576541 0.8170347213745117 43
1761532576964 0.8233438730239868 44
1761532577345 0.8377647399902344 45
1761532577732 0.8251464366912842 46
1761532578138 0.8192879557609558 47
1761532578547 0.8242451548576355 48
1761532578937 0.8400180339813232 49
1761532579334 0.8246958255767822 50
1761532579709 0.8328076004981995 51
1761532580100 0.8431726098060608 52
1761532580510 0.8445245623588562 53
1761532580893 0.8530869483947754 54
1761532581280 0.8630013465881348 55
1761532581682 0.8580441474914551 56
1761532582074 0.8652546405792236 57
1761532582473 0.847228467464447 58
1761532582879 0.862550675868988 59
1761532583257 0.8584948182106018 60
1761532583658 0.8648039698600769 61
1761532584053 0.8593961000442505 62
1761532584452 0.8589454889297485 63
1761532584848 0.8548895716667175 64
1761532585257 0.8639026880264282 65
1761532585678 0.860297441482544 66
1761532586062 0.8652546405792236 67
1761532586475 0.8652546405792236 68
1761532586868 0.8796755075454712 69
1761532587259 0.8760703206062317 70
1761532587654 0.8787742257118225 71
1761532588043 0.8805768489837646 72
1761532588440 0.8801261782646179 73
1761532588826 0.8846327066421509 74
1761532589219 0.8832807540893555 75
1761532589614 0.8814781308174133 76
1761532590008 0.8747183680534363 77
1761532590422 0.8634520173072815 78
1761532590827 0.8886886239051819 79
1761532591226 0.8877872824668884 80
1761532591650 0.8868860006332397 81
1761532592065 0.8882379531860352 82
1761532592505 0.890941858291626 83
1761532592925 0.8886886239051819 84
1761532593319 0.8918431997299194 85
1761532593716 0.8805768489837646 86
1761532594112 0.8931951522827148 87
1761532594506 0.8936457633972168 88
1761532594910 0.905813455581665 89
1761532595290 0.8936457633972168 90
1761532595678 0.8986029624938965 91
1761532596087 0.8999549150466919 92
1761532596483 0.9125732183456421 93
1761532596963 0.9121226072311401 94
1761532597411 0.9022082090377808 95
1761532597808 0.9053627848625183 96
1761532598465 0.9067147374153137 97
1761532598927 0.9053627848625183 98
1761532599341 0.9076160192489624 99
1761532558862 0.5371789336204529 0
