1761532558862 0.8635281920433044 0
1761532559294 0.8426826000213623 1
1761532559681 0.8310418128967285 2
1761532560066 0.8204750418663025 3
1761532560454 0.8097819685935974 4
1761532560841 0.8003960847854614 5
1761532561236 0.7978200912475586 6
1761532561782 0.7817407846450806 7
1761532562426 0.77688068151474 8
1761532562850 0.7616456747055054 9
1761532563321 0.7544020414352417 10
1761532563763 0.735962986946106 11
1761532564156 0.7363859415054321 12
1761532564602 0.7074750661849976 13
1761532565070 0.7016730308532715 14
1761532565463 0.690035879611969 15
1761532565856 0.6742656826972961 16
1761532566247 0.6810058355331421 17
1761532566656 0.6559222340583801 18
1761532567047 0.6426106095314026 19
1761532567445 0.6358225345611572 20
1761532567830 0.6151896119117737 21
1761532568217 0.6168891191482544 22
1761532568632 0.6213756203651428 23
1761532569027 0.5863988995552063 24
1761532569421 0.5819090008735657 25
1761532569826 0.5705369710922241 26
1761532570196 0.5658984184265137 27
1761532570613 0.571094274520874 28
1761532571014 0.5617733597755432 29
1761532571400 0.537861704826355 30
1761532571803 0.5303348898887634 31
1761532572220 0.5275204181671143 32
1761532572602 0.5197457075119019 33
1761532573005 0.5171888470649719 34
1761532573407 0.5149921774864197 35
1761532573775 0.49390363693237305 36
1761532574150 0.4835907518863678 37
1761532574549 0.4953066408634186 38
1761532574935 0.4653080403804779 39
1761532575338 0.4760671854019165 40
1761532575745 0.46214786171913147 41
1761532576117 0.45269471406936646 42
1761532576541 0.4522237777709961 43
1761532576964 0.4569982886314392 44
1761532577345 0.42813828587532043 45
1761532577732 0.42998722195625305 46
1761532578138 0.4404701888561249 47
1761532578547 0.429541677236557 48
1761532578937 0.41255319118499756 49
1761532579334 0.42393559217453003 50
1761532579709 0.4159706234931946 51
1761532580100 0.40755653381347656 52
1761532580510 0.3949955403804779 53
1761532580893 0.3758803904056549 54
1761532581280 0.3663811981678009 55
1761532581682 0.37679001688957214 56
1761532582074 0.3610895574092865 57
1761532582473 0.3784905970096588 58
1761532582879 0.35843726992607117 59
1761532583257 0.36033836007118225 60
1761532583658 0.358043372631073 61
1761532584053 0.35580578446388245 62
1761532584452 0.36056840419769287 63
1761532584848 0.36965397000312805 64
1761532585257 0.3434344232082367 65
1761532585678 0.3452126085758209 66
1761532586062 0.3488965332508087 67
1761532586475 0.3306882083415985 68
1761532586868 0.31461000442504883 69
1761532587259 0.3118343651294708 70
1761532587654 0.3134022355079651 71
1761532588043 0.3102344870567322 72
1761532588440 0.29346150159835815 73
1761532588826 0.30475741624832153 74
1761532589219 0.294996052980423 75
1761532589614 0.3066033720970154 76
1761532590008 0.30077964067459106 77
1761532590422 0.33802470564842224 78
1761532590827 0.29009637236595154 79
1761532591226 0.28293275833129883 80
1761532591650 0.2870412766933441 81
1761532592065 0.2746664583683014 82
1761532592505 0.2726783752441406 83
1761532592925 0.27057740092277527 84
1761532593319 0.2893624007701874 85
1761532593716 0.29505470395088196 86
1761532594112 0.26411229372024536 87
1761532594506 0.257092148065567 88
1761532594910 0.24346095323562622 89
1761532595290 0.26249855756759644 90
1761532595678 0.2562127113342285 91
1761532596087 0.2522136867046356 92
1761532596483 0.23333226144313812 93
1761532596963 0.24556508660316467 94
1761532597411 0.25199443101882935 95
1761532597808 0.2320472151041031 96
1761532598465 0.23589196801185608 97
1761532598927 0.23658517003059387 98
1761532599341 0.2376859486103058 99
1761532558862 0.8635281920433044 0
