1761443474687 0.5506985187530518 0
1761443475468 0.5570076704025269 1
1761443476385 0.5642181038856506 2
1761443477240 0.5759351253509521 3
1761443478297 0.5646687746047974 4
1761443479320 0.5795403122901917 5
1761443480511 0.5953131914138794 6
1761443481924 0.5948625802993774 7
1761443483174 0.5930599570274353 8
1761443484433 0.6119873523712158 9
1761443485473 0.6173952221870422 10
1761443486776 0.6173952221870422 11
1761443487509 0.6345200538635254 12
1761443488756 0.6493915915489197 13
1761443489989 0.6448850631713867 14
1761443491286 0.6462370157241821 15
1761443492137 0.6525461673736572 16
1761443493268 0.6633618474006653 17
1761443494254 0.6687697172164917 18
1761443495707 0.6894997954368591 19
1761443496676 0.6867958307266235 20
1761443497909 0.69220370054245 21
1761443499072 0.6867958307266235 22
1761443500483 0.7129337787628174 23
1761443501568 0.6940063238143921 24
1761443502868 0.7021180987358093 25
1761443504119 0.7160883545875549 26
1761443505373 0.7296079397201538 27
1761443506645 0.7147363424301147 28
1761443507683 0.7264533638954163 29
1761443508665 0.7305092215538025 30
1761443509569 0.7359170913696289 31
1761443510869 0.7260026931762695 32
1761443513141 0.7516899704933167 33
1761443514327 0.7390716671943665 34
1761443515719 0.7350157499313354 35
1761443516785 0.7602523565292358 36
1761443518043 0.7417755722999573 37
1761443519296 0.7561964988708496 38
1761443520409 0.7530419230461121 39
1761443521563 0.7643082737922668 40
1761443522971 0.7782785296440125 41
1761443524220 0.7778278589248657 42
1761443525494 0.7737719416618347 43
1761443526771 0.7791798114776611 44
1761443527955 0.7805317640304565 45
1761443529220 0.7796304821968079 46
1761443530452 0.7710680365562439 47
1761443531529 0.7868409156799316 48
1761443532785 0.8084722757339478 49
1761443474687 0.5506985187530518 0
