1761443474687 0.9839058518409729 0
1761443475468 0.9500501751899719 1
1761443476385 0.9397803544998169 2
1761443477240 0.9265780448913574 3
1761443478297 0.9178470373153687 4
1761443479320 0.8996997475624084 5
1761443480511 0.8898714184761047 6
1761443481924 0.8730664849281311 7
1761443483174 0.8761656880378723 8
1761443484433 0.8469083905220032 9
1761443485473 0.8400681614875793 10
1761443486776 0.8296709060668945 11
1761443487509 0.8146427869796753 12
1761443488756 0.7885631918907166 13
1761443489989 0.8007053732872009 14
1761443491286 0.791861355304718 15
1761443492137 0.769268810749054 16
1761443493268 0.7642329931259155 17
1761443494254 0.7464559674263 18
1761443495707 0.7329092621803284 19
1761443496676 0.7110691070556641 20
1761443497909 0.7113614678382874 21
1761443499072 0.7092459201812744 22
1761443500483 0.6830001473426819 23
1761443501568 0.6918250322341919 24
1761443502868 0.699779748916626 25
1761443504119 0.6621618866920471 26
1761443505373 0.6498321890830994 27
1761443506645 0.6485863924026489 28
1761443507683 0.6489121913909912 29
1761443508665 0.6403161883354187 30
1761443509569 0.6235493421554565 31
1761443510869 0.6251144409179688 32
1761443513141 0.5985089540481567 33
1761443514327 0.61341792345047 34
1761443515719 0.6149649024009705 35
1761443516785 0.5825391411781311 36
1761443518043 0.6114431023597717 37
1761443519296 0.5731245279312134 38
1761443520409 0.5732436180114746 39
1761443521563 0.5531566143035889 40
1761443522971 0.5506141781806946 41
1761443524220 0.5394704937934875 42
1761443525494 0.5289984941482544 43
1761443526771 0.5239437818527222 44
1761443527955 0.5191370844841003 45
1761443529220 0.5223934054374695 46
1761443530452 0.5333017706871033 47
1761443531529 0.518355667591095 48
1761443532785 0.46745553612709045 49
1761443474687 0.9839058518409729 0
