1761524121877 0.4073907136917114 0
1761524122576 0.4452455937862396 1
1761524123411 0.45425868034362793 2
1761524124056 0.4713835120201111 3
1761524124783 0.48625507950782776 4
1761524125394 0.49887335300445557 5
1761524126086 0.5092384219169617 6
1761524126749 0.49481749534606934 7
1761524127573 0.5083370804786682 8
1761524128184 0.5141955614089966 9
1761524128983 0.5159981846809387 10
1761524129767 0.5227580070495605 11
1761524130487 0.5326723456382751 12
1761524131116 0.5380802154541016 13
1761524131740 0.5448400378227234 14
1761524132403 0.5529517531394958 15
1761524132985 0.5606129169464111 16
1761524133638 0.5642181038856506 17
1761524134269 0.5795403122901917 18
1761524134870 0.5777377486228943 19
1761524135522 0.5881027579307556 20
1761524136166 0.5890040397644043 21
1761524136929 0.5831455588340759 22
1761524137558 0.5953131914138794 23
1761524138188 0.6038756370544434 24
1761524138808 0.6061288714408875 25
1761524139449 0.6155925989151001 26
1761524140279 0.613789975643158 27
1761524140879 0.6119873523712158 28
1761524141490 0.613789975643158 29
1761524142071 0.624605655670166 30
1761524142707 0.6169445514678955 31
1761524143263 0.6205497980117798 32
1761524144037 0.6241550445556641 33
1761524144743 0.6340693831443787 34
1761524145360 0.629112184047699 35
1761524146075 0.6507436037063599 36
1761524146729 0.6516448855400085 37
1761524147814 0.6566020846366882 38
1761524148779 0.6538981795310974 39
1761524149862 0.663812518119812 40
1761524150879 0.6466876864433289 41
1761524151666 0.657052755355835 42
1761524153217 0.657052755355835 43
1761524154432 0.6575033664703369 44
1761524155551 0.6602072715759277 45
1761524155933 0.6746281981468201 46
1761524156351 0.6597566604614258 47
1761524156933 0.6656151413917542 48
1761524157550 0.6755295395851135 49
1761524121877 0.4073907136917114 0
