1761524121877 1.0760927200317383 0
1761524122576 1.051241159439087 1
1761524123411 1.03408682346344 2
1761524124056 1.0235769748687744 3
1761524124783 1.008906602859497 4
1761524125394 0.9975943565368652 5
1761524126086 0.987376868724823 6
1761524126749 0.9847944974899292 7
1761524127573 0.9743037223815918 8
1761524128184 0.9700734615325928 9
1761524128983 0.9639772176742554 10
1761524129767 0.9567480683326721 11
1761524130487 0.9502114653587341 12
1761524131116 0.9464039206504822 13
1761524131740 0.9359407424926758 14
1761524132403 0.9306886792182922 15
1761524132985 0.9198670983314514 16
1761524133638 0.9089975953102112 17
1761524134269 0.9032320976257324 18
1761524134870 0.8970019221305847 19
1761524135522 0.8922973275184631 20
1761524136166 0.8857387900352478 21
1761524136929 0.8797933459281921 22
1761524137558 0.8715824484825134 23
1761524138188 0.862017035484314 24
1761524138808 0.8583188056945801 25
1761524139449 0.8454716801643372 26
1761524140279 0.8463810682296753 27
1761524140879 0.8460490703582764 28
1761524141490 0.8340304493904114 29
1761524142071 0.8276130557060242 30
1761524142707 0.8208839297294617 31
1761524143263 0.8171389698982239 32
1761524144037 0.8091995120048523 33
1761524144743 0.8000190854072571 34
1761524145360 0.8029412627220154 35
1761524146075 0.7860610485076904 36
1761524146729 0.7866633534431458 37
1761524147814 0.7742580771446228 38
1761524148779 0.774725079536438 39
1761524149862 0.763770580291748 40
1761524150879 0.779787003993988 41
1761524151666 0.7580752372741699 42
1761524153217 0.7527263164520264 43
1761524154432 0.7427831292152405 44
1761524155551 0.7594729661941528 45
1761524155933 0.7501680254936218 46
1761524156351 0.7538151741027832 47
1761524156933 0.7383118271827698 48
1761524157550 0.7305581569671631 49
1761524121877 1.0760927200317383 0
