1761467297355 0.5384041666984558 0
1761467298274 0.5488441586494446 1
1761467298999 0.5488441586494446 2
1761467299715 0.5488441586494446 3
1761467300504 0.5488441586494446 4
1761467301218 0.5488441586494446 5
1761467301928 0.5488441586494446 6
1761467302639 0.5488441586494446 7
1761467303344 0.5488441586494446 8
1761467304050 0.5488441586494446 9
1761467304753 0.5488441586494446 10
1761467305653 0.5488441586494446 11
1761467306596 0.5488441586494446 12
1761467307486 0.5488441586494446 13
1761467308386 0.5488441586494446 14
1761467309309 0.5488441586494446 15
1761467310192 0.5488441586494446 16
1761467310985 0.5488441586494446 17
1761467311697 0.5488441586494446 18
1761467312414 0.5488441586494446 19
1761467313081 0.5488441586494446 20
1761467313842 0.5488441586494446 21
1761467314598 0.5488441586494446 22
1761467315400 0.5488441586494446 23
1761467316110 0.5488441586494446 24
1761467316823 0.5488441586494446 25
1761467317712 0.5488441586494446 26
1761467318465 0.5488441586494446 27
1761467319180 0.5488441586494446 28
1761467319891 0.5488441586494446 29
1761467320622 0.5488441586494446 30
1761467321388 0.5488441586494446 31
1761467322101 0.5488441586494446 32
1761467322792 0.5488441586494446 33
1761467323502 0.5488441586494446 34
1761467324236 0.5488441586494446 35
1761467325076 0.5488441586494446 36
1761467325844 0.5488441586494446 37
1761467326527 0.5488441586494446 38
1761467327430 0.5488441586494446 39
1761467328285 0.5488441586494446 40
1761467329087 0.5488441586494446 41
1761467329567 0.5488441586494446 42
1761467330088 0.5488441586494446 43
1761467330735 0.5525727272033691 44
1761467331657 0.5495898723602295 45
1761467332587 0.5577926635742188 46
1761467333445 0.5585383772850037 47
1761467334161 0.5652498006820679 48
1761467335035 0.5622669458389282 49
1761467297355 0.5384041666984558 0
