1761467297355 0.986722469329834 0
1761467298274 0.9501315951347351 1
1761467298999 0.9484471678733826 2
1761467299715 0.9482656717300415 3
1761467300504 0.9531969428062439 4
1761467301218 0.9421327710151672 5
1761467301928 0.9487499594688416 6
1761467302639 0.9438110589981079 7
1761467303344 0.9426425099372864 8
1761467304050 0.9402917623519897 9
1761467304753 0.9436784982681274 10
1761467305653 0.9417731165885925 11
1761467306596 0.9433184266090393 12
1761467307486 0.9466145634651184 13
1761467308386 0.9429566860198975 14
1761467309309 0.9490514993667603 15
1761467310192 0.9434600472450256 16
1761467310985 0.9431214928627014 17
1761467311697 0.942380428314209 18
1761467312414 0.9427496790885925 19
1761467313081 0.9406881928443909 20
1761467313842 0.9427725076675415 21
1761467314598 0.939287006855011 22
1761467315400 0.9434983134269714 23
1761467316110 0.9484186172485352 24
1761467316823 0.9421792030334473 25
1761467317712 0.9413052201271057 26
1761467318465 0.943760097026825 27
1761467319180 0.9491722583770752 28
1761467319891 0.9398270845413208 29
1761467320622 0.9389437437057495 30
1761467321388 0.9385700225830078 31
1761467322101 0.939371645450592 32
1761467322792 0.9424583911895752 33
1761467323502 0.9393305778503418 34
1761467324236 0.9395465850830078 35
1761467325076 0.9401363730430603 36
1761467325844 0.9418261051177979 37
1761467326527 0.9402401447296143 38
1761467327430 0.9382981657981873 39
1761467328285 0.9397430419921875 40
1761467329087 0.9395843148231506 41
1761467329567 0.935178816318512 42
1761467330088 0.9365450739860535 43
1761467330735 0.9365705847740173 44
1761467331657 0.9347469806671143 45
1761467332587 0.9323992729187012 46
1761467333445 0.9330762624740601 47
1761467334161 0.932797908782959 48
1761467335035 0.9315650463104248 49
1761467297355 0.986722469329834 0
