1761518745915 0.5083370804786682 0
1761518746970 0.5313203930854797 1
1761518747915 0.5497971773147583 2
1761518748850 0.5682740211486816 3
1761518749713 0.5705272555351257 4
1761518750603 0.5917080044746399 5
1761518751483 0.5948625802993774 6
1761518752423 0.6029742956161499 7
1761518753307 0.604776918888092 8
1761518754209 0.6205497980117798 9
1761518755086 0.6232537031173706 10
1761518755957 0.6376746296882629 11
1761518756823 0.6358720064163208 12
1761518757720 0.6390265822410583 13
1761518758608 0.6597566604614258 14
1761518759514 0.6714736223220825 15
1761518760403 0.6656151413917542 16
1761518761287 0.6768814921379089 17
1761518762217 0.6714736223220825 18
1761518763116 0.6858945488929749 19
1761518764039 0.6782334446907043 20
1761518764929 0.7021180987358093 21
1761518765817 0.6931049823760986 22
1761518766703 0.7084271907806396 23
1761518767586 0.7246507406234741 24
1761518768487 0.7129337787628174 25
1761518769380 0.7291572690010071 26
1761518770273 0.7476340532302856 27
1761518771143 0.7390716671943665 28
1761518772023 0.7458314299583435 29
1761518772912 0.7521405816078186 30
1761518773783 0.7665615081787109 31
1761518774656 0.7534925937652588 32
1761518775523 0.7607030272483826 33
1761518776404 0.7715187072753906 34
1761518777300 0.7769265174865723 35
1761518778179 0.7863902449607849 36
1761518779038 0.7836863398551941 37
1761518779914 0.7845876812934875 38
1761518780784 0.7945020198822021 39
1761518781658 0.8066696524620056 40
1761518782520 0.816584050655365 41
1761518783389 0.8053176999092102 42
1761518784263 0.808021605014801 43
1761518785132 0.8215412497520447 44
1761518785999 0.8310049772262573 45
1761518786885 0.8368634581565857 46
1761518787751 0.8377647399902344 47
1761518788657 0.8526363372802734 48
1761518789554 0.8494817614555359 49
1761518745915 0.5083370804786682 0
