1761518745915 0.8737686276435852 0
1761518746970 0.8515311479568481 1
1761518747915 0.8405995965003967 2
1761518748850 0.8330686092376709 3
1761518749713 0.8285980224609375 4
1761518750603 0.8127878308296204 5
1761518751483 0.8066794872283936 6
1761518752423 0.8003903031349182 7
1761518753307 0.79571133852005 8
1761518754209 0.7831892371177673 9
1761518755086 0.7749307155609131 10
1761518755957 0.7674039006233215 11
1761518756823 0.757302463054657 12
1761518757720 0.7556566596031189 13
1761518758608 0.7355222105979919 14
1761518759514 0.7251974940299988 15
1761518760403 0.7173958420753479 16
1761518761287 0.7026991248130798 17
1761518762217 0.6989979147911072 18
1761518763116 0.6966643929481506 19
1761518764039 0.6903994083404541 20
1761518764929 0.6664386987686157 21
1761518765817 0.6595451831817627 22
1761518766703 0.6495712995529175 23
1761518767586 0.6302882432937622 24
1761518768487 0.6399321556091309 25
1761518769380 0.602712869644165 26
1761518770273 0.5881515145301819 27
1761518771143 0.5988886952400208 28
1761518772023 0.5798482298851013 29
1761518772912 0.5669679641723633 30
1761518773783 0.5380412936210632 31
1761518774656 0.5594594478607178 32
1761518775523 0.5388506650924683 33
1761518776404 0.524824321269989 34
1761518777300 0.5214253664016724 35
1761518778179 0.5106936693191528 36
1761518779038 0.4918879568576813 37
1761518779914 0.4780331254005432 38
1761518780784 0.45666974782943726 39
1761518781658 0.4550619125366211 40
1761518782520 0.42755669355392456 41
1761518783389 0.4386313855648041 42
1761518784263 0.43686479330062866 43
1761518785132 0.4215964078903198 44
1761518785999 0.3999352753162384 45
1761518786885 0.381282240152359 46
1761518787751 0.3811575770378113 47
1761518788657 0.37033671140670776 48
1761518789554 0.3514154851436615 49
1761518745915 0.8737686276435852 0
