1761605266065 0.426961213350296 0
1761605266706 0.4400360584259033 1
1761605267275 0.45085662603378296 2
1761605267817 0.47069433331489563 3
1761605268337 0.4747520387172699 4
1761605268889 0.47790801525115967 5
1761605269434 0.48376914858818054 6
1761605269979 0.4824165999889374 7
1761605270569 0.5027051568031311 8
1761605271170 0.5279530882835388 9
1761605271751 0.5220919847488403 10
1761605272318 0.5482416749000549 11
1761605272875 0.5707845091819763 12
1761605273425 0.5685302019119263 13
1761605273941 0.5910730361938477 14
1761605274491 0.6100090146064758 15
1761605275009 0.6235347390174866 16
1761605275533 0.6221821308135986 17
1761605276031 0.6343552470207214 18
1761605276520 0.6456266641616821 19
1761605277061 0.6663661003112793 20
1761605277697 0.6627592444419861 21
1761605278252 0.675834059715271 22
1761605278793 0.6965734958648682 23
1761605279351 0.6988277435302734 24
1761605279867 0.7182146310806274 25
1761605280438 0.7209197282791138 26
1761605280962 0.7222723364830017 27
1761605281480 0.7470694184303284 28
1761605281990 0.7524797320365906 29
1761605282513 0.7560865879058838 30
1761605283019 0.755635678768158 31
1761605283511 0.7880973815917969 32
1761605284021 0.7822362780570984 33
1761605284533 0.7799819707870483 34
1761605285043 0.7844905257225037 35
1761605285548 0.8016231060028076 36
1761605286126 0.8002704977989197 37
1761605286734 0.8183047771453857 38
1761605287248 0.8210099339485168 39
1761605287785 0.8264201879501343 40
1761605288295 0.8327322006225586 41
1761605288817 0.8485121726989746 42
1761605289316 0.853922426700592 43
1761605289830 0.855725884437561 44
1761605290358 0.8660956025123596 45
1761605290887 0.8548241853713989 46
1761605291441 0.8669973015785217 47
1761605292011 0.8800721168518066 48
1761605292548 0.8836789727210999 49
1761605266065 0.426961213350296 0
