1761519070391 0.558810293674469 0
1761519071590 0.5863001346588135 1
1761519072623 0.5853988528251648 2
1761519073577 0.6020730137825012 3
1761519074541 0.624605655670166 4
1761519075493 0.6232537031173706 5
1761519076419 0.6412798762321472 6
1761519077381 0.6493915915489197 7
1761519078400 0.6575033664703369 8
1761519079338 0.6737269163131714 9
1761519080260 0.6908517479896545 10
1761519081180 0.683641254901886 11
1761519082095 0.7088778614997864 12
1761519083015 0.7192429304122925 13
1761519083937 0.7201442122459412 14
1761519084935 0.7341144680976868 15
1761519085923 0.7354664206504822 16
1761519086847 0.7512392997741699 17
1761519087958 0.7539432048797607 18
1761519089189 0.7638576030731201 19
1761519090661 0.7521405816078186 20
1761519091751 0.7710680365562439 21
1761519092900 0.7787291407585144 22
1761519094389 0.7733213305473328 23
1761519095810 0.7836863398551941 24
1761519097193 0.7850382924079895 25
1761519098453 0.7976565957069397 26
1761519099759 0.8008111715316772 27
1761519101224 0.808021605014801 28
1761519102769 0.8183866739273071 29
1761519104180 0.821090579032898 30
1761519105557 0.831906259059906 31
1761519106680 0.831906259059906 32
1761519107699 0.8467778563499451 33
1761519108745 0.8427219390869141 34
1761519109799 0.8494817614555359 35
1761519110836 0.8436232805252075 36
1761519111934 0.8508337140083313 37
1761519112969 0.8499323725700378 38
1761519114010 0.871113121509552 39
1761519115048 0.8765209317207336 40
1761519116058 0.8639026880264282 41
1761519117067 0.871113121509552 42
1761519118106 0.8783235549926758 43
1761519119129 0.8832807540893555 44
1761519120179 0.8769716024398804 45
1761519121279 0.8805768489837646 46
1761519122294 0.8972510099411011 47
1761519123364 0.8977016806602478 48
1761519124363 0.9053627848625183 49
1761519070391 0.558810293674469 0
