1761519070391 0.8310772776603699 0
1761519071590 0.7958101630210876 1
1761519072623 0.7811324000358582 2
1761519073577 0.7674030065536499 3
1761519074541 0.7646927833557129 4
1761519075493 0.7387063503265381 5
1761519076419 0.7176142334938049 6
1761519077381 0.7161099910736084 7
1761519078400 0.694759726524353 8
1761519079338 0.6776834726333618 9
1761519080260 0.662660539150238 10
1761519081180 0.6681556701660156 11
1761519082095 0.6374310851097107 12
1761519083015 0.6193356513977051 13
1761519083937 0.6160282492637634 14
1761519084935 0.5942186117172241 15
1761519085923 0.5930864810943604 16
1761519086847 0.5652387738227844 17
1761519087958 0.5580980777740479 18
1761519089189 0.5489141345024109 19
1761519090661 0.5461348295211792 20
1761519091751 0.537881076335907 21
1761519092900 0.5041408538818359 22
1761519094389 0.5006042718887329 23
1761519095810 0.4933614432811737 24
1761519097193 0.489132285118103 25
1761519098453 0.4720723628997803 26
1761519099759 0.44292348623275757 27
1761519101224 0.43260523676872253 28
1761519102769 0.42874911427497864 29
1761519104180 0.42532920837402344 30
1761519105557 0.40388572216033936 31
1761519106680 0.37886738777160645 32
1761519107699 0.3752439618110657 33
1761519108745 0.3688236474990845 34
1761519109799 0.35975614190101624 35
1761519110836 0.3527315855026245 36
1761519111934 0.35211190581321716 37
1761519112969 0.3462492525577545 38
1761519114010 0.3066907227039337 39
1761519115048 0.3008328676223755 40
1761519116058 0.3245251774787903 41
1761519117067 0.29654330015182495 42
1761519118106 0.2978980243206024 43
1761519119129 0.2770567238330841 44
1761519120179 0.29665762186050415 45
1761519121279 0.2927112877368927 46
1761519122294 0.2605035901069641 47
1761519123364 0.2455623745918274 48
1761519124363 0.23312580585479736 49
1761519070391 0.8310772776603699 0
